//-------------------------------------------------------------------
//                                                                   
//  This code is copyright 2001 by G5 Software.                      
//  Any unauthorized usage, either in part or in whole of this code  
//  is strictly prohibited. Violators WILL be prosecuted to the      
//  maximum extent allowed by law.                                   
//                                                                   
//-------------------------------------------------------------------
//                                                                   
//  Automatically-generated mission script file                      
//  DO NOT EDIT!                                                     
//                                                                   
//-------------------------------------------------------------------


class DM3Content
{
  static String m_ObjectListClassFile = "Missions/MISSIONS/DM3Mission/Content.script";
  static String m_ObjectListClassName = "DM3Content";

  static Array  m_MissionObjectList   = [
    [
      "Atmosphere",
      "",
      "",
      new Matrix(
          1.000000, 0.000000, 0.000000, 0.000000,
          0.000000, 1.000000, 0.000000, 0.000000,
          0.000000, 0.000000, 1.000000, 0.000000,
          0.000000, 0.000000, 0.000000, 1.000000
        ),
      [
        ["FogColorXPos", new Color(0.627451, 0.627451, 0.627451, 1.000000)],
        ["FogColorXNeg", new Color(0.627451, 0.627451, 0.627451, 1.000000)],
        ["FogColorYPos", new Color(0.627451, 0.627451, 0.627451, 1.000000)],
        ["FogColorYNeg", new Color(0.627451, 0.627451, 0.627451, 1.000000)],
        ["FogNear", 10.000000],
        ["FogFar", 500.000000],
        ["FogFarMax", 4000.000000],
        ["EnableHorizontAdjustment", true],
        ["SunColor", new Color(0.682353, 0.682353, 0.682353, 1.000000)],
        ["SunIntensity", 0.500000],
        ["AntiSunColor", new Color(0.576471, 0.592157, 0.666667, 1.000000)],
        ["AntiSunIntensity", 0.500000],
        ["AntiSunAngle", 30.000000],
        ["SunDirection", new Vector(-0.105195, -0.105554, -0.355535)],
        ["AmbientLight", new Color(0.152941, 0.152941, 0.180392, 1.000000)],
        ["ShadowColor", new Color(0.847059, 0.847059, 0.847059, 1.000000)],
        ["FogMode", "Exp"],
        ["FogDensity", 0.001000],
        ["TreeLightKoef", 0.000000],
        ["TreeNormalRelax", 0.000000],
        ["StencilShadowColor", new Color(0.874510, 0.874510, 0.874510, 1.000000)],
        ["AntiSunHorAngle", 105.000000]
      ]
    ],

    [
      "Terrain",
      "",
      "",
      new Matrix(
          1.000000, 0.000000, 0.000000, 0.000000,
          0.000000, 1.000000, 0.000000, 0.000000,
          0.000000, 0.000000, 1.000000, 0.000000,
          0.000000, 0.000000, 0.000000, 1.000000
        ),
      [
        ["ForestTextureScale", 0.500000],
        ["ForestShadowBorderScale", 0.400000],
        ["ForestShadowAlphaScale", 0.500000],
        ["ForestBeginFadeDist", [250.000000, 480.000000]],
        ["VertForestDistMin", 800.000000],
        ["VertForestDistMax", 8000.000000],
        ["VertForestAngleMin", 0.000000],
        ["VertForestAngleMax", 45.000000],
        ["VertForestBeginFadeDist", [250.000000, 410.000000]],
        ["TerrainShadowPower", 3.500000],
        ["IsAntiLighting", true],
        ["NormalNoise", 0.250000],
        ["WaterBorderColor", new Color(0.556863, 0.494118, 0.443137, 1.000000)]
      ]
    ],

    [
      "German_Pak40_Vysochany_ObjectFroup",
      "ObjectsGroup",
      "CObjectsGroup",
      new Matrix(
          -0.272741, 0.962087, 0.000000, 4936.682129,
          -0.962087, -0.272741, 0.000000, 6577.142090,
          0.000000, 0.000000, 1.000000, 585.799072,
          0.000000, 0.000000, 0.000000, 1.000000
        ),
      [
        ["Contents", []]
      ]
    ],

    [
      "NavPointKurt",
      "NavPoint",
      "CZAxisCylNavPoint",
      new Matrix(
          0.011889, -0.999929, 0.000000, 4879.965820,
          0.999929, 0.011889, 0.000000, 3277.748291,
          0.000000, 0.000000, 1.000000, 575.740845,
          0.000000, 0.000000, 0.000000, 1.000000
        ),
      [
        ["Range", 7.000000],
        ["IsVisible", true],
        ["IsMain", true],
        ["Name", "CDM3Mission_Strings::str_NavPointKurt"]
      ]
    ],

    [
      "CrossRoad1_micro",
      "Locator",
      "CTerrainPatch",
      new Matrix(
          0.013509, -0.999909, 0.000000, 5194.077637,
          0.999909, 0.013509, 0.000000, 2948.199219,
          0.000000, 0.000000, 1.000000, 586.335022,
          0.000000, 0.000000, 0.000000, 1.000000
        ),
      [
        ["Dimensions", new Vector(16.000000, 16.000000, 0.425537)],
        ["TextureName", "Textures/CrossRoad_micro.tex"],
        ["ZoneName", "Textures/CrossRoad_zone.bmp"],
        ["BorderSize", 6.000000]
      ]
    ],

    [
      "Vysochany_HouseGroup01",
      "ObjectsGroup",
      "CObjectsGroup",
      new Matrix(
          -0.615776, 0.787921, 0.000000, 4852.390625,
          -0.787921, -0.615776, 0.000000, 6731.939941,
          0.000000, 0.000000, 1.000000, 504.108337,
          0.000000, 0.000000, 0.000000, 1.000000
        ),
      [
        ["Contents", ["Visochany_Group01_Fence1", "Visochany_Group01_Fence2", "Visochany_Group01_Fence3", "Visochany_Group01_Fence4", "Visochany_Group01_Shed1"]]
      ]
    ],

    [
      "Visochany_Group01_Fence1",
      "InteriorObject",
      "CFenceWickerUnit",
      new Matrix(
          -0.835470, -0.549530, -0.002584, 4860.394531,
          0.549533, -0.835472, -0.000756, 6738.035645,
          -0.001743, -0.002051, 0.999996, 502.981018,
          0.000000, 0.000000, 0.000000, 1.000000
        ),
      [
        ["SurfaceControl", "PutonGround"],
        ["Length", 6],
        ["IsManual", false],
        ["IsPlayer", false]
      ]
    ],

    [
      "Visochany_Group01_Fence2",
      "InteriorObject",
      "CFencePoleUnit",
      new Matrix(
          -0.578587, 0.814047, -0.050641, 4850.386719,
          -0.815336, -0.578909, 0.009553, 6744.780273,
          -0.021540, 0.046817, 0.998671, 502.961060,
          0.000000, 0.000000, 0.000000, 1.000000
        ),
      [
        ["SurfaceControl", "PutonGround"],
        ["Length", 7],
        ["IsManual", false],
        ["IsPlayer", false]
      ]
    ],

    [
      "Visochany_Group01_Fence3",
      "InteriorObject",
      "CFencePoleUnit",
      new Matrix(
          0.854024, 0.519554, -0.026569, 4839.400879,
          -0.519692, 0.854351, 0.001960, 6729.811523,
          0.023717, 0.012134, 0.999645, 502.542328,
          0.000000, 0.000000, 0.000000, 1.000000
        ),
      [
        ["SurfaceControl", "PutonGround"],
        ["Length", 7],
        ["IsManual", false],
        ["IsPlayer", false]
      ]
    ],

    [
      "Visochany_Group01_Shed1",
      "InteriorObject",
      "CUSRShedWood02Unit",
      new Matrix(
          -0.857342, -0.513945, -0.028722, 4846.724609,
          0.514376, -0.857507, -0.009917, 6730.135742,
          -0.019532, -0.023276, 0.999538, 502.872955,
          0.000000, 0.000000, 0.000000, 1.000000
        ),
      [
        ["SurfaceControl", "PutonGround"],
        ["IsManual", false],
        ["IsPlayer", false],
        ["HitPoints", 100.000000],
        ["Affiliation", "NEUTRAL"],
        ["Route", []],
        ["ShadowPlaneOffset", 0.050000]
      ]
    ],

    [
      "Visochany_Group01_Fence4",
      "InteriorObject",
      "CFenceWickerUnit",
      new Matrix(
          0.476938, -0.878937, -0.000337, 4855.300293,
          0.878937, 0.476938, 0.000000, 6720.167480,
          0.000161, -0.000296, 1.000000, 502.979218,
          0.000000, 0.000000, 0.000000, 1.000000
        ),
      [
        ["SurfaceControl", "PutonGround"],
        ["Length", 6],
        ["IsManual", false],
        ["IsPlayer", false]
      ]
    ],

    [
      "Vysochany_HouseGroup02_FenceWicker_2",
      "InteriorObject",
      "CFenceWickerUnit",
      new Matrix(
          -0.485136, 0.874439, -0.000377, 4896.659180,
          -0.874439, -0.485136, 0.000000, 6712.747559,
          -0.000183, 0.000330, 1.000000, 502.981873,
          0.000000, 0.000000, 0.000000, 1.000000
        ),
      [
        ["SurfaceControl", "PutonGround"],
        ["Length", 9],
        ["IsManual", false],
        ["IsPlayer", false]
      ]
    ],

    [
      "Vysochany_HouseGroup02_FenceWicker_3",
      "InteriorObject",
      "CFenceWickerUnit",
      new Matrix(
          0.863757, 0.503909, -0.000309, 4887.826172,
          -0.503909, 0.863757, 0.000000, 6697.199219,
          0.000267, 0.000156, 1.000000, 502.978577,
          0.000000, 0.000000, 0.000000, 1.000000
        ),
      [
        ["SurfaceControl", "PutonGround"],
        ["Length", 6],
        ["IsManual", false],
        ["IsPlayer", false]
      ]
    ],

    [
      "Vysochany_HouseGroup02",
      "ObjectsGroup",
      "CObjectsGroup",
      new Matrix(
          -0.522920, 0.852382, 0.000000, 4897.302734,
          -0.852382, -0.522920, 0.000000, 6701.802246,
          0.000000, 0.000000, 1.000000, 503.590729,
          0.000000, 0.000000, 0.000000, 1.000000
        ),
      [
        ["Contents", ["Vysochany_HouseGroup02_FenceWicker_2", "Vysochany_HouseGroup02_FenceWicker_3"]]
      ]
    ],

    [
      "Vysochany_HouseGroup03_FenceWicker_1",
      "InteriorObject",
      "CFenceWickerUnit",
      new Matrix(
          0.566735, -0.823900, -0.000488, 4891.332520,
          0.823900, 0.566735, 0.000000, 6681.356445,
          0.000277, -0.000402, 1.000000, 502.978516,
          0.000000, 0.000000, 0.000000, 1.000000
        ),
      [
        ["SurfaceControl", "PutonGround"],
        ["Length", 6],
        ["IsManual", false],
        ["IsPlayer", false]
      ]
    ],

    [
      "Vysochany_HouseGroup03_FenceWicker_3",
      "InteriorObject",
      "CFenceWickerUnit",
      new Matrix(
          -0.515202, 0.857069, -0.000271, 4888.687012,
          -0.857069, -0.515202, 0.000000, 6696.646973,
          -0.000140, 0.000232, 1.000000, 502.981476,
          0.000000, 0.000000, 0.000000, 1.000000
        ),
      [
        ["SurfaceControl", "PutonGround"],
        ["Length", 9],
        ["IsManual", false],
        ["IsPlayer", false]
      ]
    ],

    [
      "Vysochany_HouseGroup03_FenceWicker_4",
      "InteriorObject",
      "CFenceWickerUnit",
      new Matrix(
          0.816907, 0.576770, -0.000220, 4879.318848,
          -0.576770, 0.816907, 0.000000, 6681.396484,
          0.000179, 0.000127, 1.000000, 502.979279,
          0.000000, 0.000000, 0.000000, 1.000000
        ),
      [
        ["SurfaceControl", "PutonGround"],
        ["Length", 5],
        ["IsManual", false],
        ["IsPlayer", false]
      ]
    ],

    [
      "Vysochany_HouseGroup03_USRShedWood_1",
      "InteriorObject",
      "CUSRShedWoodUnit",
      new Matrix(
          0.552991, -0.833187, -0.000009, 4886.020996,
          0.833187, 0.552991, 0.000000, 6683.745117,
          0.000005, -0.000008, 1.000000, 502.980072,
          0.000000, 0.000000, 0.000000, 1.000000
        ),
      [
        ["SurfaceControl", "PutonGround"],
        ["IsManual", false],
        ["IsPlayer", false],
        ["HitPoints", 100.000000],
        ["Affiliation", "NEUTRAL"],
        ["Route", []],
        ["ShadowPlaneOffset", 0.050000]
      ]
    ],

    [
      "Vysochany_HouseGroup03",
      "ObjectsGroup",
      "CObjectsGroup",
      new Matrix(
          -0.716469, -0.697619, 0.000000, 4888.450195,
          0.697619, -0.716469, 0.000000, 6686.542480,
          0.000000, 0.000000, 1.000000, 504.286621,
          0.000000, 0.000000, 0.000000, 1.000000
        ),
      [
        ["Contents", ["Vysochany_HouseGroup03_FenceWicker_1", "Vysochany_HouseGroup03_FenceWicker_3", "Vysochany_HouseGroup03_FenceWicker_4", "Vysochany_HouseGroup03_USRShedWood_1"]]
      ]
    ],

    [
      "Vysochany_HouseGroup04_FenceWicker_1",
      "InteriorObject",
      "CFencePoleUnit",
      new Matrix(
          0.898042, 0.439909, -0.000191, 4868.037109,
          -0.439909, 0.898042, 0.000000, 6697.384766,
          0.000172, 0.000084, 1.000000, 502.978729,
          0.000000, 0.000000, 0.000000, 1.000000
        ),
      [
        ["SurfaceControl", "PutonGround"],
        ["Length", 6],
        ["IsManual", false],
        ["IsPlayer", false]
      ]
    ],

    [
      "Vysochany_HouseGroup04_FenceWicker_2",
      "InteriorObject",
      "CFenceWickerUnit",
      new Matrix(
          -0.869917, -0.493197, -0.000207, 4891.728516,
          0.493197, -0.869917, 0.000000, 6715.740723,
          -0.000180, -0.000102, 1.000000, 502.981445,
          0.000000, 0.000000, 0.000000, 1.000000
        ),
      [
        ["SurfaceControl", "PutonGround"],
        ["Length", 7],
        ["IsManual", false],
        ["IsPlayer", false]
      ]
    ],

    [
      "Vysochany_HouseGroup04_FenceWicker_3",
      "InteriorObject",
      "CFencePoleUnit",
      new Matrix(
          -0.485640, 0.874159, -0.000227, 4879.645508,
          -0.874159, -0.485640, 0.000000, 6722.675781,
          -0.000110, 0.000198, 1.000000, 502.980774,
          0.000000, 0.000000, 0.000000, 1.000000
        ),
      [
        ["SurfaceControl", "PutonGround"],
        ["Length", 5],
        ["IsManual", false],
        ["IsPlayer", false]
      ]
    ],

    [
      "Vysochany_HouseGroup04_USRHouseWood_1",
      "InteriorObject",
      "CUSRHouseWoodUnit",
      new Matrix(
          0.489441, -0.872036, -0.000010, 4891.760254,
          0.872036, 0.489441, 0.000000, 6712.216309,
          0.000005, -0.000009, 1.000000, 502.990509,
          0.000000, 0.000000, 0.000000, 1.000000
        ),
      [
        ["SurfaceControl", "PutonGround"],
        ["IsManual", false],
        ["IsPlayer", false]
      ]
    ],

    [
      "Vysochany_HouseGroup04",
      "ObjectsGroup",
      "CObjectsGroup",
      new Matrix(
          0.676622, -0.736330, 0.000000, 4881.104004,
          0.736330, 0.676622, 0.000000, 6706.696289,
          0.000000, 0.000000, 1.000000, 505.225708,
          0.000000, 0.000000, 0.000000, 1.000000
        ),
      [
        ["Contents", ["Vysochany_HouseGroup04_FenceWicker_1", "Vysochany_HouseGroup04_FenceWicker_2", "Vysochany_HouseGroup04_FenceWicker_3", "Vysochany_HouseGroup04_FenceWicker_4", "Vysochany_HouseGroup04_USRHouseWood_1"]]
      ]
    ],

    [
      "Vysochany_HouseGroup04_FenceWicker_4",
      "InteriorObject",
      "CFencePoleUnit",
      new Matrix(
          -0.377319, 0.926083, -0.000334, 4872.721680,
          -0.926083, -0.377319, 0.000000, 6709.907227,
          -0.000126, 0.000309, 1.000000, 502.980957,
          0.000000, 0.000000, 0.000000, 1.000000
        ),
      [
        ["SurfaceControl", "PutonGround"],
        ["Length", 5],
        ["IsManual", false],
        ["IsPlayer", false]
      ]
    ],

    [
      "Vysochany_WaterDown_01",
      "InteriorObject",
      "CWaterWell_1Unit",
      new Matrix(
          0.602641, -0.798012, -0.000008, 4908.136719,
          0.798012, 0.602641, 0.000000, 6701.196777,
          0.000005, -0.000006, 1.000000, 502.984070,
          0.000000, 0.000000, 0.000000, 1.000000
        ),
      [
        ["SurfaceControl", "PutonGround"],
        ["IsManual", false],
        ["IsPlayer", false]
      ]
    ],

    [
      "Vysochany_WaterHigh_01",
      "InteriorObject",
      "CWaterWell_2Unit",
      new Matrix(
          -0.608736, 0.793373, 0.000000, 4908.261719,
          -0.793373, -0.608736, 0.000000, 6701.870117,
          0.000000, 0.000000, 1.000000, 502.980103,
          0.000000, 0.000000, 0.000000, 1.000000
        ),
      [
        ["IsManual", false],
        ["IsPlayer", false]
      ]
    ],

    [
      "Vysochany_BrifgeWood_01",
      "InteriorObject",
      "CBridgeWoodUnit",
      new Matrix(
          -0.002271, 0.999997, 0.000000, 4830.019043,
          -0.999997, -0.002271, 0.000000, 7039.682129,
          0.000000, 0.000000, 1.000000, 466.436707,
          0.000000, 0.000000, 0.000000, 1.000000
        ),
      [
        ["Length", 5],
        ["IsManual", false],
        ["IsPlayer", false],
        ["SurfaceControl", "PutonGroundUpright"]
      ]
    ],

    [
      "Vysochany_HouseGroup05_FenceWicker_1",
      "InteriorObject",
      "CFenceWickerUnit",
      new Matrix(
          -0.871935, -0.489621, -0.000194, 4941.354004,
          0.489621, -0.871935, 0.000000, 6685.622070,
          -0.000169, -0.000095, 1.000000, 502.981201,
          0.000000, 0.000000, 0.000000, 1.000000
        ),
      [
        ["SurfaceControl", "PutonGround"],
        ["Length", 6],
        ["IsManual", false],
        ["IsPlayer", false]
      ]
    ],

    [
      "Vysochany_HouseGroup05_FenceWicker_2",
      "InteriorObject",
      "CFenceWickerUnit",
      new Matrix(
          -0.705629, 0.708581, -0.000522, 4930.935059,
          -0.708581, -0.705629, 0.000000, 6691.362793,
          -0.000368, 0.000370, 1.000000, 502.983093,
          0.000000, 0.000000, 0.000000, 1.000000
        ),
      [
        ["SurfaceControl", "PutonGround"],
        ["Length", 8],
        ["IsManual", false],
        ["IsPlayer", false]
      ]
    ],

    [
      "Vysochany_HouseGroup05_FenceWicker_3",
      "InteriorObject",
      "CFenceWickerUnit",
      new Matrix(
          0.814827, 0.579704, -0.000578, 4919.394531,
          -0.579704, 0.814827, 0.000000, 6679.862793,
          0.000471, 0.000335, 1.000000, 502.976410,
          0.000000, 0.000000, 0.000000, 1.000000
        ),
      [
        ["SurfaceControl", "PutonGround"],
        ["Length", 8],
        ["IsManual", false],
        ["IsPlayer", false]
      ]
    ],

    [
      "Vysochany_HouseGroup05_FenceWicker_4",
      "InteriorObject",
      "CFenceWickerUnit",
      new Matrix(
          0.588780, -0.808293, -0.000700, 4945.132813,
          0.808293, 0.588780, 0.000000, 6661.128906,
          0.000412, -0.000566, 1.000000, 502.977692,
          0.000000, 0.000000, 0.000000, 1.000000
        ),
      [
        ["SurfaceControl", "PutonGround"],
        ["Length", 6],
        ["IsManual", false],
        ["IsPlayer", false]
      ]
    ],

    [
      "Vysochany_HouseGroup05_FenceWicker_5",
      "InteriorObject",
      "CFenceWickerUnit",
      new Matrix(
          0.805819, 0.592162, -0.000509, 4932.417480,
          -0.592162, 0.805819, 0.000000, 6670.662598,
          0.000410, 0.000301, 1.000000, 502.976898,
          0.000000, 0.000000, 0.000000, 1.000000
        ),
      [
        ["SurfaceControl", "PutonGround"],
        ["Length", 8],
        ["IsManual", false],
        ["IsPlayer", false]
      ]
    ],

    [
      "Vysochany_HouseGroup05_USRHouseWood_1",
      "InteriorObject",
      "CUSRHouseWoodUnit",
      new Matrix(
          -0.567666, 0.823259, -0.000011, 4947.753906,
          -0.823259, -0.567666, 0.000000, 6675.836914,
          -0.000006, 0.000009, 1.000000, 502.990448,
          0.000000, 0.000000, 0.000000, 1.000000
        ),
      [
        ["SurfaceControl", "PutonGround"],
        ["IsManual", false],
        ["IsPlayer", false]
      ]
    ],

    [
      "Vysochany_HouseGroup05",
      "ObjectsGroup",
      "CObjectsGroup",
      new Matrix(
          -0.610813, 0.791775, 0.000000, 4938.375488,
          -0.791775, -0.610813, 0.000000, 6678.332520,
          0.000000, 0.000000, 1.000000, 505.225677,
          0.000000, 0.000000, 0.000000, 1.000000
        ),
      [
        ["Contents", ["Vysochany_HouseGroup05_FenceWicker_1", "Vysochany_HouseGroup05_FenceWicker_2", "Vysochany_HouseGroup05_FenceWicker_3", "Vysochany_HouseGroup05_FenceWicker_4", "Vysochany_HouseGroup05_FenceWicker_5", "Vysochany_HouseGroup05_FenceWicker_6", "Vysochany_HouseGroup05_FenceWicker_7", "Vysochany_HouseGroup05_USRHouseWood_1"]]
      ]
    ],

    [
      "Vysochany_HouseGroup05_FenceWicker_6",
      "InteriorObject",
      "CFenceWickerUnit",
      new Matrix(
          -0.855989, -0.516994, -0.000190, 4956.725586,
          0.516994, -0.855989, 0.000000, 6677.291504,
          -0.000162, -0.000098, 1.000000, 502.981171,
          0.000000, 0.000000, 0.000000, 1.000000
        ),
      [
        ["SurfaceControl", "PutonGround"],
        ["Length", 6],
        ["IsManual", false],
        ["IsPlayer", false]
      ]
    ],

    [
      "Vysochany_HouseGroup05_FenceWicker_7",
      "InteriorObject",
      "CFenceWickerUnit",
      new Matrix(
          0.563965, -0.825799, -0.000263, 4952.154785,
          0.825799, 0.563965, 0.000000, 6670.742188,
          0.000148, -0.000217, 1.000000, 502.979584,
          0.000000, 0.000000, 0.000000, 1.000000
        ),
      [
        ["SurfaceControl", "PutonGround"],
        ["Length", 4],
        ["IsManual", false],
        ["IsPlayer", false]
      ]
    ],

    [
      "Vysochany_HouseGroup06_FenceWicker_1",
      "InteriorObject",
      "CFencePoleUnit",
      new Matrix(
          0.747514, 0.664246, -0.000081, 4901.847656,
          -0.664246, 0.747514, 0.000000, 6661.890137,
          0.000061, 0.000054, 1.000000, 502.979584,
          0.000000, 0.000000, 0.000000, 1.000000
        ),
      [
        ["SurfaceControl", "PutonGround"],
        ["Length", 6],
        ["IsManual", false],
        ["IsPlayer", false]
      ]
    ],

    [
      "Vysochany_HouseGroup06_FenceWicker_2",
      "InteriorObject",
      "CFencePoleUnit",
      new Matrix(
          0.590276, -0.807201, -0.000266, 4927.692383,
          0.807201, 0.590276, 0.000000, 6660.846191,
          0.000157, -0.000214, 1.000000, 502.979248,
          0.000000, 0.000000, 0.000000, 1.000000
        ),
      [
        ["SurfaceControl", "PutonGround"],
        ["Length", 4],
        ["IsManual", false],
        ["IsPlayer", false]
      ]
    ],

    [
      "Vysochany_HouseGroup06_FenceWicker_3",
      "InteriorObject",
      "CFenceWickerUnit",
      new Matrix(
          -0.671860, 0.740678, -0.000373, 4919.410156,
          -0.740678, -0.671860, 0.000000, 6679.786133,
          -0.000250, 0.000276, 1.000000, 502.981415,
          0.000000, 0.000000, 0.000000, 1.000000
        ),
      [
        ["SurfaceControl", "PutonGround"],
        ["Length", 5],
        ["IsManual", false],
        ["IsPlayer", false]
      ]
    ],

    [
      "Vysochany_HouseGroup06_FenceWicker_4",
      "InteriorObject",
      "CFenceWickerUnit",
      new Matrix(
          -0.703073, 0.711118, -0.000511, 4910.252441,
          -0.711118, -0.703073, 0.000000, 6670.433105,
          -0.000359, 0.000363, 1.000000, 502.982361,
          0.000000, 0.000000, 0.000000, 1.000000
        ),
      [
        ["SurfaceControl", "PutonGround"],
        ["Length", 6],
        ["IsManual", false],
        ["IsPlayer", false]
      ]
    ],

    [
      "Vysochany_HouseGroup06_USRHouseWood_1",
      "InteriorObject",
      "CUSRHouseWoodUnit",
      new Matrix(
          -0.794527, -0.607229, -0.000005, 4919.321289,
          0.607229, -0.794527, 0.000000, 6666.747070,
          -0.000004, -0.000003, 1.000000, 502.990448,
          0.000000, 0.000000, 0.000000, 1.000000
        ),
      [
        ["SurfaceControl", "PutonGround"],
        ["IsManual", false],
        ["IsPlayer", false]
      ]
    ],

    [
      "Vysochany_HouseGroup06",
      "ObjectsGroup",
      "CObjectsGroup",
      new Matrix(
          0.849932, -0.526892, 0.000000, 4919.005859,
          0.526892, 0.849932, 0.000000, 6663.819824,
          0.000000, 0.000000, 1.000000, 505.225677,
          0.000000, 0.000000, 0.000000, 1.000000
        ),
      [
        ["Contents", ["Vysochany_HouseGroup06_FenceWicker_1", "Vysochany_HouseGroup06_FenceWicker_2", "Vysochany_HouseGroup06_FenceWicker_3", "Vysochany_HouseGroup06_FenceWicker_4", "Vysochany_HouseGroup06_FenceWicker_5", "Vysochany_HouseGroup06_USRHouseWood_1"]]
      ]
    ],

    [
      "Vysochany_HouseGroup06_FenceWicker_5",
      "InteriorObject",
      "CFencePoleUnit",
      new Matrix(
          0.591592, -0.806236, 0.001299, 4918.133301,
          0.806237, 0.591593, -0.000148, 6647.621582,
          -0.000649, 0.001135, 0.999999, 502.988007,
          0.000000, 0.000000, 0.000000, 1.000000
        ),
      [
        ["SurfaceControl", "PutonGround"],
        ["Length", 4],
        ["IsManual", false],
        ["IsPlayer", false]
      ]
    ],

    [
      "Vysochany_HouseGroup07_FenceWicker_1",
      "InteriorObject",
      "CFenceWickerUnit",
      new Matrix(
          -0.725946, 0.687751, -0.000707, 4901.875977,
          -0.687751, -0.725946, 0.000000, 6661.797852,
          -0.000513, 0.000486, 1.000000, 502.983246,
          0.000000, 0.000000, 0.000000, 1.000000
        ),
      [
        ["SurfaceControl", "PutonGround"],
        ["Length", 6],
        ["IsManual", false],
        ["IsPlayer", false]
      ]
    ],

    [
      "Vysochany_HouseGroup07_FenceWicker_3",
      "InteriorObject",
      "CFenceWickerUnit",
      new Matrix(
          0.762060, 0.647501, 0.002590, 4887.812988,
          -0.647497, 0.762064, -0.002476, 6648.139648,
          -0.003577, 0.000210, 0.999994, 502.978851,
          0.000000, 0.000000, 0.000000, 1.000000
        ),
      [
        ["SurfaceControl", "PutonGround"],
        ["Length", 8],
        ["IsManual", false],
        ["IsPlayer", false]
      ]
    ],

    [
      "Vysochany_HouseGroup07_FenceWicker_4",
      "InteriorObject",
      "CFencePoleUnit",
      new Matrix(
          0.628838, -0.777519, -0.005111, 4912.198730,
          0.777208, 0.628750, -0.024915, 6627.838379,
          0.022585, 0.011695, 0.999676, 502.714691,
          0.000000, 0.000000, 0.000000, 1.000000
        ),
      [
        ["SurfaceControl", "PutonGround"],
        ["Length", 3],
        ["IsManual", false],
        ["IsPlayer", false]
      ]
    ],

    [
      "Vysochany_HouseGroup07_FenceWicker_5",
      "InteriorObject",
      "CFenceWickerUnit",
      new Matrix(
          0.776745, 0.629815, -0.000296, 4899.999512,
          -0.629689, 0.776580, -0.020395, 6637.955078,
          -0.012615, 0.016028, 0.999792, 502.919983,
          0.000000, 0.000000, 0.000000, 1.000000
        ),
      [
        ["SurfaceControl", "PutonGround"],
        ["Length", 8],
        ["IsManual", false],
        ["IsPlayer", false]
      ]
    ],

    [
      "Vysochany_HouseGroup07_FenceWicker_6",
      "InteriorObject",
      "CFencePoleUnit",
      new Matrix(
          -0.751195, -0.660079, 0.000777, 4923.793945,
          0.660080, -0.751194, 0.001370, 6642.495117,
          -0.000320, 0.001542, 0.999999, 502.982208,
          0.000000, 0.000000, 0.000000, 1.000000
        ),
      [
        ["SurfaceControl", "PutonGround"],
        ["Length", 5],
        ["IsManual", false],
        ["IsPlayer", false]
      ]
    ],

    [
      "Vysochany_HouseGroup07_FenceWicker_7",
      "InteriorObject",
      "CFenceWickerUnit",
      new Matrix(
          0.613342, -0.789813, -0.002691, 4919.007324,
          0.789807, 0.613348, -0.002995, 6636.299316,
          0.004016, -0.000289, 0.999992, 502.947510,
          0.000000, 0.000000, 0.000000, 1.000000
        ),
      [
        ["SurfaceControl", "PutonGround"],
        ["Length", 4],
        ["IsManual", false],
        ["IsPlayer", false]
      ]
    ],

    [
      "Vysochany_HouseGroup07_USRShedWood_1",
      "InteriorObject",
      "CUSRShedWoodUnit",
      new Matrix(
          -0.666845, 0.745193, -0.002120, 4915.173828,
          -0.745134, -0.666823, -0.011053, 6639.569824,
          -0.009650, -0.005791, 0.999937, 502.939209,
          0.000000, 0.000000, 0.000000, 1.000000
        ),
      [
        ["SurfaceControl", "PutonGround"],
        ["IsManual", false],
        ["IsPlayer", false]
      ]
    ],

    [
      "Vysochany_HouseGroup07",
      "ObjectsGroup",
      "CObjectsGroup",
      new Matrix(
          -0.631005, 0.775778, 0.000000, 4906.197266,
          -0.775778, -0.631005, 0.000000, 6645.480957,
          0.000000, 0.000000, 1.000000, 504.170258,
          0.000000, 0.000000, 0.000000, 1.000000
        ),
      [
        ["Contents", ["Vysochany_HouseGroup07_FenceWicker_1", "Vysochany_HouseGroup07_FenceWicker_3", "Vysochany_HouseGroup07_FenceWicker_4", "Vysochany_HouseGroup07_FenceWicker_5", "Vysochany_HouseGroup07_FenceWicker_6", "Vysochany_HouseGroup07_FenceWicker_7", "Vysochany_HouseGroup07_USRShedWood_1"]]
      ]
    ],

    [
      "Vysochany_HouseGroup08_FenceWicker_1",
      "InteriorObject",
      "CFenceWickerUnit",
      new Matrix(
          0.836295, 0.548279, -0.000233, 4892.996582,
          -0.548279, 0.836295, 0.000000, 6726.490723,
          0.000195, 0.000128, 1.000000, 502.979584,
          0.000000, 0.000000, 0.000000, 1.000000
        ),
      [
        ["SurfaceControl", "PutonGround"],
        ["Length", 3],
        ["IsManual", false],
        ["IsPlayer", false]
      ]
    ],

    [
      "Vysochany_HouseGroup08_FenceWicker_2",
      "InteriorObject",
      "CFenceWickerUnit",
      new Matrix(
          0.571147, -0.820848, -0.000614, 4897.976563,
          0.820848, 0.571147, 0.000000, 6723.221191,
          0.000351, -0.000504, 1.000000, 502.977020,
          0.000000, 0.000000, 0.000000, 1.000000
        ),
      [
        ["SurfaceControl", "PutonGround"],
        ["Length", 9],
        ["IsManual", false],
        ["IsPlayer", false]
      ]
    ],

    [
      "Vysochany_HouseGroup08_FenceWicker_3",
      "InteriorObject",
      "CFencePoleUnit",
      new Matrix(
          -0.839284, -0.543693, -0.000142, 4908.400391,
          0.543693, -0.839284, 0.000000, 6737.691406,
          -0.000119, -0.000077, 1.000000, 502.981079,
          0.000000, 0.000000, 0.000000, 1.000000
        ),
      [
        ["SurfaceControl", "PutonGround"],
        ["Length", 6],
        ["IsManual", false],
        ["IsPlayer", false]
      ]
    ],

    [
      "Vysochany_HouseGroup08_FenceWicker_4",
      "InteriorObject",
      "CFencePoleUnit",
      new Matrix(
          -0.567284, 0.823522, -0.000333, 4880.762695,
          -0.823522, -0.567284, 0.000000, 6753.620117,
          -0.000189, 0.000274, 1.000000, 502.981659,
          0.000000, 0.000000, 0.000000, 1.000000
        ),
      [
        ["SurfaceControl", "PutonGround"],
        ["Length", 6],
        ["IsManual", false],
        ["IsPlayer", false]
      ]
    ],

    [
      "Vysochany_HouseGroup08_FenceWicker_5",
      "InteriorObject",
      "CFenceWickerUnit",
      new Matrix(
          -0.889161, -0.457594, -0.000167, 4894.969238,
          0.457594, -0.889161, 0.000000, 6746.284180,
          -0.000149, -0.000076, 1.000000, 502.981384,
          0.000000, 0.000000, 0.000000, 1.000000
        ),
      [
        ["SurfaceControl", "PutonGround"],
        ["Length", 8],
        ["IsManual", false],
        ["IsPlayer", false]
      ]
    ],

    [
      "Vysochany_HouseGroup08_FenceWicker_6",
      "InteriorObject",
      "CFenceWickerUnit",
      new Matrix(
          0.828328, 0.560243, -0.000183, 4871.743164,
          -0.560243, 0.828328, 0.000000, 6740.523438,
          0.000152, 0.000103, 1.000000, 502.979279,
          0.000000, 0.000000, 0.000000, 1.000000
        ),
      [
        ["SurfaceControl", "PutonGround"],
        ["Length", 6],
        ["IsManual", false],
        ["IsPlayer", false]
      ]
    ],

    [
      "Vysochany_HouseGroup08_USRHouseWood_1",
      "InteriorObject",
      "CUSRHouseWoodUnit",
      new Matrix(
          0.527995, -0.849247, -0.000004, 4873.878906,
          0.849247, 0.527995, 0.000000, 6751.227051,
          0.000002, -0.000003, 1.000000, 502.990479,
          0.000000, 0.000000, 0.000000, 1.000000
        ),
      [
        ["SurfaceControl", "PutonGround"],
        ["IsManual", false],
        ["IsPlayer", false]
      ]
    ],

    [
      "Vysochany_HouseGroup08_USRShedWood_1",
      "InteriorObject",
      "CUSRShedWoodUnit",
      new Matrix(
          0.834296, 0.551316, -0.000005, 4900.498047,
          -0.551316, 0.834296, 0.000000, 6738.201172,
          0.000004, 0.000002, 1.000000, 502.980042,
          0.000000, 0.000000, 0.000000, 1.000000
        ),
      [
        ["SurfaceControl", "PutonGround"],
        ["IsManual", false],
        ["IsPlayer", false]
      ]
    ],

    [
      "Vysochany_HouseGroup08",
      "ObjectsGroup",
      "CObjectsGroup",
      new Matrix(
          0.573866, -0.818949, 0.000000, 4886.301758,
          0.818949, 0.573866, 0.000000, 6741.816895,
          0.000000, 0.000000, 1.000000, 505.225677,
          0.000000, 0.000000, 0.000000, 1.000000
        ),
      [
        ["Contents", ["Vysochany_HouseGroup08_FenceWicker_1", "Vysochany_HouseGroup08_FenceWicker_2", "Vysochany_HouseGroup08_FenceWicker_3", "Vysochany_HouseGroup08_FenceWicker_4", "Vysochany_HouseGroup08_FenceWicker_5", "Vysochany_HouseGroup08_FenceWicker_6", "Vysochany_HouseGroup08_USRHouseWood_1", "Vysochany_HouseGroup08_USRShedWood_1"]]
      ]
    ],

    [
      "Vysochany_HouseGroup09_FenceWicker_2",
      "InteriorObject",
      "CFenceWickerUnit",
      new Matrix(
          0.836238, 0.548367, -0.000166, 4903.441406,
          -0.548367, 0.836238, 0.000000, 6720.290039,
          0.000139, 0.000091, 1.000000, 502.979218,
          0.000000, 0.000000, 0.000000, 1.000000
        ),
      [
        ["SurfaceControl", "PutonGround"],
        ["Length", 7],
        ["IsManual", false],
        ["IsPlayer", false]
      ]
    ],

    [
      "Vysochany_HouseGroup09_FenceWicker_3",
      "InteriorObject",
      "CFenceWickerUnit",
      new Matrix(
          0.466172, -0.884694, -0.000344, 4915.076172,
          0.884694, 0.466172, 0.000000, 6712.635254,
          0.000160, -0.000304, 1.000000, 502.979034,
          0.000000, 0.000000, 0.000000, 1.000000
        ),
      [
        ["SurfaceControl", "PutonGround"],
        ["Length", 7],
        ["IsManual", false],
        ["IsPlayer", false]
      ]
    ],

    [
      "Vysochany_HouseGroup09",
      "ObjectsGroup",
      "CObjectsGroup",
      new Matrix(
          -0.720215, 0.693751, 0.000000, 4914.057129,
          -0.693751, -0.720215, 0.000000, 6721.033691,
          0.000000, 0.000000, 1.000000, 503.590729,
          0.000000, 0.000000, 0.000000, 1.000000
        ),
      [
        ["Contents", ["Vysochany_HouseGroup09_FenceWicker_2", "Vysochany_HouseGroup09_FenceWicker_3"]]
      ]
    ],

    [
      "Vysochany_HouseGroup10_FenceWicker_1",
      "InteriorObject",
      "CFenceWickerUnit",
      new Matrix(
          0.486078, -0.873915, -0.000428, 4937.432129,
          0.873915, 0.486078, 0.000000, 6697.781738,
          0.000208, -0.000374, 1.000000, 502.978546,
          0.000000, 0.000000, 0.000000, 1.000000
        ),
      [
        ["SurfaceControl", "PutonGround"],
        ["Length", 8],
        ["IsManual", false],
        ["IsPlayer", false]
      ]
    ],

    [
      "Vysochany_HouseGroup10_FenceWicker_2",
      "InteriorObject",
      "CFencePoleUnit",
      new Matrix(
          -0.872741, -0.488184, -0.000074, 4933.160156,
          0.488184, -0.872741, 0.000000, 6718.675293,
          -0.000064, -0.000036, 1.000000, 502.980499,
          0.000000, 0.000000, 0.000000, 1.000000
        ),
      [
        ["SurfaceControl", "PutonGround"],
        ["Length", 5],
        ["IsManual", false],
        ["IsPlayer", false]
      ]
    ],

    [
      "Vysochany_HouseGroup10_FenceWicker_3",
      "InteriorObject",
      "CFenceWickerUnit",
      new Matrix(
          0.861236, 0.508205, -0.000321, 4915.271973,
          -0.508205, 0.861236, 0.000000, 6712.583008,
          0.000276, 0.000163, 1.000000, 502.978790,
          0.000000, 0.000000, 0.000000, 1.000000
        ),
      [
        ["SurfaceControl", "PutonGround"],
        ["Length", 5],
        ["IsManual", false],
        ["IsPlayer", false]
      ]
    ],

    [
      "Vysochany_HouseGroup10_FenceWicker_4",
      "InteriorObject",
      "CFenceWickerUnit",
      new Matrix(
          0.816552, 0.577272, -0.000234, 4927.804199,
          -0.577272, 0.816552, 0.000000, 6705.074707,
          0.000191, 0.000135, 1.000000, 502.979034,
          0.000000, 0.000000, 0.000000, 1.000000
        ),
      [
        ["SurfaceControl", "PutonGround"],
        ["Length", 6],
        ["IsManual", false],
        ["IsPlayer", false]
      ]
    ],

    [
      "Vysochany_HouseGroup10_FenceWicker_5",
      "InteriorObject",
      "CFenceWickerUnit",
      new Matrix(
          -0.862558, -0.505958, -0.000122, 4945.214844,
          0.505958, -0.862558, 0.000000, 6711.635254,
          -0.000105, -0.000061, 1.000000, 502.980896,
          0.000000, 0.000000, 0.000000, 1.000000
        ),
      [
        ["SurfaceControl", "PutonGround"],
        ["Length", 7],
        ["IsManual", false],
        ["IsPlayer", false]
      ]
    ],

    [
      "Vysochany_HouseGroup10_USRHouseWood_1",
      "InteriorObject",
      "CUSRHouseWoodUnit",
      new Matrix(
          -0.541456, 0.840729, -0.000007, 4933.945313,
          -0.840729, -0.541456, 0.000000, 6707.847168,
          -0.000004, 0.000006, 1.000000, 502.990387,
          0.000000, 0.000000, 0.000000, 1.000000
        ),
      [
        ["SurfaceControl", "PutonGround"],
        ["IsManual", false],
        ["IsPlayer", false]
      ]
    ],

    [
      "Vysochany_HouseGroup10",
      "ObjectsGroup",
      "CObjectsGroup",
      new Matrix(
          -0.672182, -0.740386, 0.000000, 4930.248535,
          0.740386, -0.672182, 0.000000, 6712.137695,
          0.000000, 0.000000, 1.000000, 505.225647,
          0.000000, 0.000000, 0.000000, 1.000000
        ),
      [
        ["Contents", ["Vysochany_HouseGroup10_FenceWicker_1", "Vysochany_HouseGroup10_FenceWicker_2", "Vysochany_HouseGroup10_FenceWicker_3", "Vysochany_HouseGroup10_FenceWicker_4", "Vysochany_HouseGroup10_FenceWicker_5", "Vysochany_HouseGroup10_USRHouseWood_1"]]
      ]
    ],

    [
      "Vysochany_HouseGroup11_FenceWicker_1",
      "InteriorObject",
      "CFenceWickerUnit",
      new Matrix(
          -0.886045, -0.463598, -0.000305, 4967.328125,
          0.463598, -0.886045, 0.000000, 6671.789063,
          -0.000270, -0.000141, 1.000000, 502.981781,
          0.000000, 0.000000, 0.000000, 1.000000
        ),
      [
        ["SurfaceControl", "PutonGround"],
        ["Length", 6],
        ["IsManual", false],
        ["IsPlayer", false]
      ]
    ],

    [
      "Vysochany_HouseGroup11_FenceWicker_3",
      "InteriorObject",
      "CFenceWickerUnit",
      new Matrix(
          0.819421, 0.573192, -0.000298, 4945.281250,
          -0.573192, 0.819421, 0.000000, 6661.187500,
          0.000244, 0.000171, 1.000000, 502.978210,
          0.000000, 0.000000, 0.000000, 1.000000
        ),
      [
        ["SurfaceControl", "PutonGround"],
        ["Length", 8],
        ["IsManual", false],
        ["IsPlayer", false]
      ]
    ],

    [
      "Vysochany_HouseGroup11_FenceWicker_4",
      "InteriorObject",
      "CFenceWickerUnit",
      new Matrix(
          0.440397, -0.897801, 0.001949, 4973.524902,
          0.897803, 0.440395, -0.001352, 6642.698730,
          0.000356, 0.002345, 0.999997, 502.919098,
          0.000000, 0.000000, 0.000000, 1.000000
        ),
      [
        ["SurfaceControl", "PutonGround"],
        ["Length", 6],
        ["IsManual", false],
        ["IsPlayer", false]
      ]
    ],

    [
      "Vysochany_HouseGroup11_FenceWicker_5",
      "InteriorObject",
      "CFenceWickerUnit",
      new Matrix(
          0.857322, 0.514773, 0.002524, 4958.200684,
          -0.514771, 0.857326, -0.001728, 6651.956543,
          -0.003053, 0.000182, 0.999995, 502.977661,
          0.000000, 0.000000, 0.000000, 1.000000
        ),
      [
        ["SurfaceControl", "PutonGround"],
        ["Length", 9],
        ["IsManual", false],
        ["IsPlayer", false]
      ]
    ],

    [
      "Vysochany_HouseGroup11_FenceWicker_6",
      "InteriorObject",
      "CFenceWickerUnit",
      new Matrix(
