//-------------------------------------------------------------------
//
//  This code is copyright 2001 by G5 Software.
//  Any unauthorized usage, either in part or in whole of this code
//  is strictly prohibited. Violators WILL be prosecuted to the
//  maximum extent allowed by law.
//
//-------------------------------------------------------------------
//
//  Automatically-generated mission script file
//  DO NOT EDIT!
//
//-------------------------------------------------------------------


class CM2Content
{
  static String m_ObjectListClassFile = "Missions/Campaign_1/Mission_2/Content.script";
  static String m_ObjectListClassName = "CM2Content";

  static Array  m_MissionObjectList   = [
    [
      "Atmosphere",
      "",
      "",
      new Matrix(
          1.000000, 0.000000, 0.000000, 0.000000,
          0.000000, 1.000000, 0.000000, 0.000000,
          0.000000, 0.000000, 1.000000, 0.000000,
          0.000000, 0.000000, 0.000000, 1.000000
        ),
      [
        ["SunColor", new Color(1.000000, 0.988235, 0.909804, 1.000000)],
        ["SunIntensity", 1.000000],
        ["AmbientLight", new Color(0.301961, 0.333333, 0.368627, 1.000000)],
        ["ShadowColor", new Color(0.513726, 0.541176, 0.658824, 1.000000)],
        ["AntiSunColor", new Color(0.537255, 0.576471, 0.592157, 1.000000)],
        ["SunDirection", new Vector(-0.125942, -0.701137, -0.701816)],
        ["AntiSunIntensity", 0.700000],
        ["AntiSunEnabled", true],
        ["SunSpecularIntensity", 1.200000]
      ]
    ],

    [
      "Cloud_Cum",
      "Cloud",
      "CCloud",
      new Matrix(
          0.448989, 0.893537, 0.000000, 48867.468750,
          -0.893537, 0.448989, 0.000000, 39200.902344,
          0.000000, 0.000000, 1.000000, 1700.814209,
          0.000000, 0.000000, 0.000000, 1.000000
        ),
      [
        ["SpriteSize", 500.000000],
        ["Density", 0.130000],
        ["Ambient", new Color(1.000000, 1.000000, 1.000000, 0.900000)],
        ["DbgRenderBoxes", false],
        ["Height0", 0.000000],
        ["Color0", new Color(0.403922, 0.407843, 0.439216, 1.000000)],
        ["Height1", 0.080000],
        ["Color1", new Color(0.584314, 0.611765, 0.623529, 1.000000)],
        ["Height2", 0.200000],
        ["Color2", new Color(0.627451, 0.658824, 0.662745, 1.000000)],
        ["Height3", 0.500000],
        ["Color3", new Color(0.741176, 0.729412, 0.682353, 1.000000)],
        ["Height4", 0.700000],
        ["Color4", new Color(0.627451, 0.639216, 0.654902, 1.000000)],
        ["Matid0", ["Mtr_c", "Mtr_d", "Mtr_e", "Mtr_5"]],
        ["Matid1", ["Mtr_4", "Mtr_9", "Mtr_a", "Mtr_b"]],
        ["Matid2", ["Mtr_4", "Mtr_5", "Mtr_6", "Mtr_7"]],
        ["Matid3", ["Mtr_0", "Mtr_1", "Mtr_b", "Mtr_3"]],
        ["Matid4", ["Mtr_0", "Mtr_1", "Mtr_b", "Mtr_3"]],
        ["Size0", 0.700000],
        ["Size1", 1.000000],
        ["Size2", 1.000000],
        ["Size3", 1.000000],
        ["Size4", 1.000000],
        ["Dens0", 0.700000],
        ["Dens1", 0.300000],
        ["Dens2", 0.200000],
        ["Dens3", 0.100000],
        ["Dens4", 0.100000],
        ["Boxes", [[new Vector(0.000000, 0.000000, 0.000000), new Vector(1000.000000, 700.000000, 250.000000)], [new Vector(0.000000, 0.000000, 500.000000), new Vector(500.000000, 500.000000, 750.000000)], [new Vector(-500.000000, -350.000000, 250.000000), new Vector(400.000000, 500.000000, 500.000000)], [new Vector(500.000000, -400.000000, 150.000000), new Vector(750.000000, 750.000000, 250.000000)], [new Vector(500.000000, 400.000000, -50.000000), new Vector(400.000000, 400.000000, 250.000000)], [new Vector(0.000000, -800.000000, 100.000000), new Vector(500.000000, 800.000000, 200.000000)]]]
      ]
    ],

    [
      "Cloud_flat",
      "Cloud",
      "CCloud",
      new Matrix(
          0.448989, 0.893537, 0.000000, 46231.558594,
          -0.893537, 0.448989, 0.000000, 35955.156250,
          0.000000, 0.000000, 1.000000, 1683.140015,
          0.000000, 0.000000, 0.000000, 1.000000
        ),
      [
        ["SpriteSize", 500.000000],
        ["Density", 0.130000],
        ["Ambient", new Color(1.000000, 1.000000, 1.000000, 0.900000)],
        ["DbgRenderBoxes", false],
        ["Height0", 0.000000],
        ["Color0", new Color(0.407843, 0.415686, 0.435294, 1.000000)],
        ["Height1", 0.080000],
        ["Color1", new Color(0.549020, 0.603922, 0.623529, 1.000000)],
        ["Height2", 0.200000],
        ["Color2", new Color(0.635294, 0.682353, 0.690196, 1.000000)],
        ["Height3", 0.500000],
        ["Color3", new Color(0.776471, 0.772549, 0.725490, 1.000000)],
        ["Height4", 0.700000],
        ["Color4", new Color(0.674510, 0.674510, 0.674510, 1.000000)],
        ["Matid0", ["Mtr_c", "Mtr_d", "Mtr_e", "Mtr_5"]],
        ["Matid1", ["Mtr_4", "Mtr_6", "Mtr_a", "Mtr_b"]],
        ["Matid2", ["Mtr_4", "Mtr_5", "Mtr_6", "Mtr_7"]],
        ["Matid3", ["Mtr_b", "Mtr_4", "Mtr_3"]],
        ["Matid4", ["Mtr_b", "Mtr_4", "Mtr_3", "Mtr_0"]],
        ["Size0", 0.700000],
        ["Size1", 1.000000],
        ["Size2", 1.000000],
        ["Size3", 1.000000],
        ["Size4", 1.000000],
        ["Dens0", 0.700000],
        ["Dens1", 0.300000],
        ["Dens2", 0.200000],
        ["Dens3", 0.100000],
        ["Dens4", 0.100000],
        ["Boxes", [[new Vector(0.000000, 0.000000, 0.000000), new Vector(2000.000000, 1500.000000, 250.000000)], [new Vector(0.000000, 0.000000, 500.000000), new Vector(1000.000000, 1000.000000, 1500.000000)], [new Vector(-1000.000000, -600.000000, 250.000000), new Vector(800.000000, 1000.000000, 500.000000)], [new Vector(1000.000000, -800.000000, 150.000000), new Vector(1500.000000, 1500.000000, 250.000000)], [new Vector(1000.000000, 800.000000, -50.000000), new Vector(800.000000, 800.000000, 250.000000)], [new Vector(0.000000, -1500.000000, 100.000000), new Vector(1000.000000, 1500.000000, 200.000000)]]]
      ]
    ],

    [
      "Cloud_Cum1",
      "Cloud",
      "CCloud",
      new Matrix(
          0.448989, 0.893537, 0.000000, 44696.898438,
          -0.893537, 0.448989, 0.000000, 40203.503906,
          0.000000, 0.000000, 1.000000, 1779.830444,
          0.000000, 0.000000, 0.000000, 1.000000
        ),
      [
        ["SpriteSize", 500.000000],
        ["Density", 0.160000],
        ["Ambient", new Color(1.000000, 1.000000, 1.000000, 0.900000)],
        ["DbgRenderBoxes", false],
        ["Height0", 0.000000],
        ["Color0", new Color(0.388235, 0.403922, 0.419608, 1.000000)],
        ["Height1", 0.080000],
        ["Color1", new Color(0.486275, 0.525490, 0.560784, 1.000000)],
        ["Height2", 0.200000],
        ["Color2", new Color(0.658824, 0.670588, 0.674510, 1.000000)],
        ["Height3", 0.500000],
        ["Color3", new Color(0.694118, 0.690196, 0.662745, 1.000000)],
        ["Height4", 0.700000],
        ["Color4", new Color(0.678431, 0.678431, 0.678431, 1.000000)],
        ["Matid0", ["Mtr_c", "Mtr_d", "Mtr_e", "Mtr_5"]],
        ["Matid1", ["Mtr_4", "Mtr_9", "Mtr_a", "Mtr_b"]],
        ["Matid2", ["Mtr_4", "Mtr_5", "Mtr_6", "Mtr_7"]],
        ["Matid3", ["Mtr_0", "Mtr_b", "Mtr_1"]],
        ["Matid4", ["Mtr_0", "Mtr_b", "Mtr_1", "Mtr_3"]],
        ["Size0", 0.700000],
        ["Size1", 1.000000],
        ["Size2", 1.000000],
        ["Size3", 1.000000],
        ["Size4", 1.000000],
        ["Dens0", 0.700000],
        ["Dens1", 0.300000],
        ["Dens2", 0.200000],
        ["Dens3", 0.100000],
        ["Dens4", 0.100000],
        ["Boxes", [[new Vector(0.000000, 0.000000, 0.000000), new Vector(1000.000000, 700.000000, 250.000000)], [new Vector(0.000000, 0.000000, 500.000000), new Vector(500.000000, 500.000000, 750.000000)], [new Vector(-500.000000, -350.000000, 250.000000), new Vector(400.000000, 500.000000, 500.000000)], [new Vector(500.000000, -400.000000, 150.000000), new Vector(750.000000, 750.000000, 250.000000)], [new Vector(500.000000, 400.000000, -50.000000), new Vector(400.000000, 400.000000, 250.000000)], [new Vector(0.000000, -800.000000, 100.000000), new Vector(500.000000, 800.000000, 200.000000)]]]
      ]
    ],

    [
      "Cloud_flat1",
      "Cloud",
      "CCloud",
      new Matrix(
          0.448989, 0.893537, 0.000000, 47084.222656,
          -0.893537, 0.448989, 0.000000, 44338.726563,
          0.000000, 0.000000, 1.000000, 1700.920166,
          0.000000, 0.000000, 0.000000, 1.000000
        ),
      [
        ["SpriteSize", 500.000000],
        ["Density", 0.150000],
        ["Ambient", new Color(1.000000, 1.000000, 1.000000, 0.900000)],
        ["DbgRenderBoxes", false],
        ["Height0", 0.000000],
        ["Color0", new Color(0.345098, 0.349020, 0.372549, 1.000000)],
        ["Height1", 0.080000],
        ["Color1", new Color(0.490196, 0.525490, 0.541176, 1.000000)],
        ["Height2", 0.200000],
        ["Color2", new Color(0.749020, 0.737255, 0.709804, 1.000000)],
        ["Height3", 0.500000],
        ["Color3", new Color(0.709804, 0.709804, 0.725490, 1.000000)],
        ["Height4", 0.700000],
        ["Color4", new Color(0.674510, 0.670588, 0.643137, 1.000000)],
        ["Matid0", ["Mtr_c", "Mtr_d", "Mtr_e", "Mtr_5"]],
        ["Matid1", ["Mtr_6", "Mtr_4", "Mtr_a", "Mtr_b"]],
        ["Matid2", ["Mtr_4", "Mtr_6", "Mtr_5", "Mtr_d"]],
        ["Matid3", ["Mtr_4", "Mtr_b", "Mtr_3"]],
        ["Matid4", ["Mtr_3", "Mtr_b", "Mtr_4"]],
        ["Size0", 0.700000],
        ["Size1", 1.000000],
        ["Size2", 1.000000],
        ["Size3", 1.000000],
        ["Size4", 1.000000],
        ["Dens0", 0.700000],
        ["Dens1", 0.300000],
        ["Dens2", 0.200000],
        ["Dens3", 0.100000],
        ["Dens4", 0.100000],
        ["Boxes", [[new Vector(0.000000, 0.000000, 0.000000), new Vector(2000.000000, 1500.000000, 250.000000)], [new Vector(0.000000, 0.000000, 500.000000), new Vector(1000.000000, 1000.000000, 1500.000000)], [new Vector(-1000.000000, -600.000000, 250.000000), new Vector(800.000000, 1000.000000, 500.000000)], [new Vector(1000.000000, -800.000000, 150.000000), new Vector(1500.000000, 1500.000000, 250.000000)], [new Vector(1000.000000, 800.000000, -50.000000), new Vector(800.000000, 800.000000, 250.000000)], [new Vector(0.000000, -1500.000000, 100.000000), new Vector(1000.000000, 1500.000000, 200.000000)]]]
      ]
    ],

    [
      "MainPlayerUnit",
      "GameObject",
      "CUh1bUnit",
      new Matrix(
          -0.814045, -0.579468, -0.039335, 43786.214844,
          0.578840, -0.814995, 0.026975, 37928.683594,
          -0.047689, -0.000810, 0.998862, 531.166016,
          0.000000, 0.000000, 0.000000, 1.000000
        ),
      [
        ["IsPlayer", true],
        ["IsManual", true],
        ["Affiliation", "FRIEND"],
        ["PilotObject", "CAmericanPilotQuadeUnit"],
        ["CoPilotObject", "CAmericanPilotKingsleyUnit"],
        ["LeftGunnerObject", "CAmericanGunnerUnit"],
        ["RightGunnerObject", "CAmericanGunnerUnit"],
        ["BehRadarMask", [["ENEMY", "MainMesh"], ["FRIEND", "NEUTRAL"]]],
        ["Task", "CHeliFireControlTask"]
      ]
    ],

    [
      "NavPoint_XRay",
      "NavPoint",
      "CZAxisCylNavPoint",
      new Matrix(
          -0.005624, 0.999984, 0.000000, 22685.988281,
          -0.999984, -0.005624, 0.000000, 29874.361328,
          0.000000, 0.000000, 1.000000, 338.727600,
          0.000000, 0.000000, 0.000000, 1.000000
        ),
      [
        ["Name", "CC1M2Mission_Strings::str_NavPoint_XRAY"],
        ["Range", 50.000000],
        ["PositionType", "Ground"],
        ["MapCompass", true]
      ]
    ],

    [
      "NavPoint_LZ_Falcon",
      "NavPoint",
      "CZAxisCylNavPoint",
      new Matrix(
          -0.005624, 0.999984, 0.000000, 32173.267578,
          -0.999984, -0.005624, 0.000000, 35914.589844,
          0.000000, 0.000000, 1.000000, 241.039795,
          0.000000, 0.000000, 0.000000, 1.000000
        ),
      [
        ["Name", "CC1M2Mission_Strings::str_NavPoint_LZ_Falcon"],
        ["IsVisible", true],
        ["Range", 50.000000],
        ["IsMain", true]
      ]
    ],

    [
      "NavPoint_1",
      "NavPoint",
      "CZAxisCylNavPoint",
      new Matrix(
          -0.005624, 0.999984, 0.000000, 26617.470703,
          -0.999984, -0.005624, 0.000000, 30132.763672,
          0.000000, 0.000000, 1.000000, 236.480225,
          0.000000, 0.000000, 0.000000, 1.000000
        ),
      [
        ["Range", 30.000000]
      ]
    ],

    [
      "NavPoint_2",
      "NavPoint",
      "CZAxisCylNavPoint",
      new Matrix(
          -0.005624, 0.999984, 0.000000, 30061.949219,
          -0.999984, -0.005624, 0.000000, 30172.855469,
          0.000000, 0.000000, 1.000000, 226.160889,
          0.000000, 0.000000, 0.000000, 1.000000
        ),
      [
        ["Range", 30.000000]
      ]
    ],

    [
      "NavPoint_3",
      "NavPoint",
      "CZAxisCylNavPoint",
      new Matrix(
          -0.005624, 0.999984, 0.000000, 33508.632813,
          -0.999984, -0.005624, 0.000000, 31097.539063,
          0.000000, 0.000000, 1.000000, 226.159180,
          0.000000, 0.000000, 0.000000, 1.000000
        ),
      [
        ["Range", 30.000000]
      ]
    ],

    [
      "NavPoint_4",
      "NavPoint",
      "CZAxisCylNavPoint",
      new Matrix(
          -0.005624, 0.999984, 0.000000, 36761.488281,
          -0.999984, -0.005624, 0.000000, 32356.140625,
          0.000000, 0.000000, 1.000000, 401.149170,
          0.000000, 0.000000, 0.000000, 1.000000
        ),
      [
        ["Range", 30.000000]
      ]
    ],

    [
      "NavPoint_5",
      "NavPoint",
      "CZAxisCylNavPoint",
      new Matrix(
          -0.005624, 0.999984, 0.000000, 39205.261719,
          -0.999984, -0.005624, 0.000000, 32990.199219,
          0.000000, 0.000000, 1.000000, 479.872314,
          0.000000, 0.000000, 0.000000, 1.000000
        ),
      [
        ["Range", 30.000000]
      ]
    ],

    [
      "NavPoint_6",
      "NavPoint",
      "CZAxisCylNavPoint",
      new Matrix(
          -0.005624, 0.999984, 0.000000, 41754.960938,
          -0.999984, -0.005624, 0.000000, 33387.058594,
          0.000000, 0.000000, 1.000000, 358.498291,
          0.000000, 0.000000, 0.000000, 1.000000
        ),
      [
        ["Range", 30.000000]
      ]
    ],

    [
      "NavPoint_7",
      "NavPoint",
      "CZAxisCylNavPoint",
      new Matrix(
          -0.005624, 0.999984, 0.000000, 43755.906250,
          -0.999984, -0.005624, 0.000000, 34096.371094,
          0.000000, 0.000000, 1.000000, 585.662842,
          0.000000, 0.000000, 0.000000, 1.000000
        ),
      [
        ["Range", 30.000000]
      ]
    ],

    [
      "NavPoint_8",
      "NavPoint",
      "CZAxisCylNavPoint",
      new Matrix(
          -0.005624, 0.999984, 0.000000, 45683.472656,
          -0.999984, -0.005624, 0.000000, 35090.996094,
          0.000000, 0.000000, 1.000000, 366.082764,
          0.000000, 0.000000, 0.000000, 1.000000
        ),
      [
        ["Range", 30.000000]
      ]
    ],

    [
      "NavPoint_9",
      "NavPoint",
      "CZAxisCylNavPoint",
      new Matrix(
          -0.005624, 0.999984, 0.000000, 47489.410156,
          -0.999984, -0.005624, 0.000000, 35292.488281,
          0.000000, 0.000000, 1.000000, 510.283936,
          0.000000, 0.000000, 0.000000, 1.000000
        ),
      [
        ["Range", 30.000000]
      ]
    ],

    [
      "Plei_Me_Tent_3",
      "InteriorObject",
      "CTentUnit",
      new Matrix(
          0.682180, -0.731185, 0.000000, 43790.875000,
          0.731185, 0.682180, 0.000000, 37972.312500,
          0.000000, 0.000000, 1.000000, 530.629395,
          0.000000, 0.000000, 0.000000, 1.000000
        ),
      [
      ]
    ],

    [
      "Plei_Me_Roof_1",
      "InteriorObject",
      "CRoofUnit",
      new Matrix(
          -0.655945, -0.754808, 0.000000, 43800.480469,
          0.754808, -0.655945, 0.000000, 37998.550781,
          0.000000, 0.000000, 1.000000, 530.577759,
          0.000000, 0.000000, 0.000000, 1.000000
        ),
      [
      ]
    ],

    [
      "Plei_Me_Uh1d_3",
      "GameObject",
      "CUh1dUnit",
      new Matrix(
          0.669421, -0.742133, -0.033362, 43698.738281,
          0.742803, 0.669332, 0.015422, 37940.734375,
          0.010885, -0.035106, 0.999324, 528.425659,
          0.000000, 0.000000, 0.000000, 1.000000
        ),
      [
        ["Affiliation", "FRIEND"],
        ["Task", "CTransportTask"],
        ["IsPlayer", true],
        ["MultiPlayer", true],
        ["InstantWingman", false],
        ["WingmanRank", 0],
        ["LeaderID", "MainPlayerUnit"],
        ["Location", "Plei_Me_HeliPad_3"],
        ["BehRadarMask", [[], ["FRIEND", "NEUTRAL"]]],
        ["CargoPoints", [["NavPoint_Landing_Plei_Me_Uh1d_3"]]],
        ["HomePoint", "Plei_Me_HeliPad_3"],
        ["MinDifficulty", 0],
        ["PilotObject", "CAmericanPilotUnit"],
        ["CoPilotObject", "CAmericanPilotUnit"]
      ]
    ],

    [
      "Plei_Me_Uh1d_4",
      "GameObject",
      "CUh1dUnit",
      new Matrix(
          0.702281, -0.707413, 0.079800, 43676.148438,
          0.711794, 0.695816, -0.095862, 37960.785156,
          0.012288, 0.124123, 0.992191, 527.543152,
          0.000000, 0.000000, 0.000000, 1.000000
        ),
      [
        ["Affiliation", "FRIEND"],
        ["Task", "CTransportTask"],
        ["IsPlayer", true],
        ["MultiPlayer", true],
        ["InstantWingman", false],
        ["WingmanRank", 0],
        ["LeaderID", "MainPlayerUnit"],
        ["Location", "Plei_Me_HeliPad_4"],
        ["BehRadarMask", [[], ["FRIEND", "NEUTRAL"]]],
        ["CargoPoints", [["NavPoint_Landing_Plei_Me_Uh1d_4"]]],
        ["HomePoint", "Plei_Me_HeliPad_4"],
        ["MinDifficulty", 0],
        ["PilotObject", "CAmericanPilotUnit"],
        ["CoPilotObject", "CAmericanPilotUnit"]
      ]
    ],

    [
      "Plei_Me_Uh1d_8",
      "GameObject",
      "CUh1dUnit",
      new Matrix(
          0.694615, -0.718610, -0.033314, 43699.902344,
          0.719280, 0.694550, 0.015375, 37985.468750,
          0.012089, -0.034642, 0.999327, 527.868896,
          0.000000, 0.000000, 0.000000, 1.000000
        ),
      [
        ["Affiliation", "FRIEND"],
        ["Task", "CTransportTask"],
        ["IsPlayer", true],
        ["MultiPlayer", true],
        ["InstantWingman", false],
        ["WingmanRank", 0],
        ["LeaderID", "MainPlayerUnit"],
        ["Location", "Plei_Me_HeliPad_8"],
        ["BehRadarMask", [[], ["FRIEND", "NEUTRAL"]]],
        ["CargoPoints", [["NavPoint_Landing_Plei_Me_Uh1d_8"]]],
        ["HomePoint", "Plei_Me_HeliPad_8"],
        ["MinDifficulty", 0],
        ["PilotObject", "CAmericanPilotUnit"],
        ["CoPilotObject", "CAmericanPilotUnit"]
      ]
    ],

    [
      "Plei_Me_Uh1d_7",
      "GameObject",
      "CUh1dUnit",
      new Matrix(
          0.670552, -0.736194, 0.091532, 43720.843750,
          0.741826, 0.664182, -0.092494, 37964.558594,
          0.007300, 0.129923, 0.991497, 529.038574,
          0.000000, 0.000000, 0.000000, 1.000000
        ),
      [
        ["Affiliation", "FRIEND"],
        ["Task", "CTransportTask"],
        ["IsPlayer", true],
        ["MultiPlayer", true],
        ["InstantWingman", false],
        ["WingmanRank", 0],
        ["LeaderID", "MainPlayerUnit"],
        ["Location", "Plei_Me_HeliPad_7"],
        ["BehRadarMask", [[], ["FRIEND", "NEUTRAL"]]],
        ["CargoPoints", [["NavPoint_Landing_Plei_Me_Uh1d_7"]]],
        ["HomePoint", "Plei_Me_HeliPad_7"],
        ["MinDifficulty", 0],
        ["PilotObject", "CAmericanPilotUnit"],
        ["CoPilotObject", "CAmericanPilotUnit"]
      ]
    ],

    [
      "Wingman_Attack_Group_1",
      "ObjectsGroup",
      "CObjectsGroup",
      new Matrix(
          -0.542587, -0.840000, 0.000000, 43716.593750,
          0.840000, -0.542587, 0.000000, 37943.800781,
          0.000000, 0.000000, 1.000000, 530.891235,
          0.000000, 0.000000, 0.000000, 1.000000
        ),
      [
        ["Contents", ["Plei_Me_HeliPad_1", "Plei_Me_HeliPad_2", "Plei_Me_HeliPad_3", "Plei_Me_HeliPad_4", "Plei_Me_HeliPad_5", "Plei_Me_HeliPad_6", "Plei_Me_HeliPad_7", "Plei_Me_HeliPad_8", "Plei_Me_Uh1d_1", "Plei_Me_Uh1d_2", "Plei_Me_Uh1d_3", "Plei_Me_Uh1d_4", "Plei_Me_Uh1d_5", "Plei_Me_Uh1d_6", "Plei_Me_Uh1d_7", "Plei_Me_Uh1d_8"]]
      ]
    ],

    [
      "WingmanGroup",
      "UnitGroup",
      "WingmanGroup",
      new Matrix(
          0.659963, -0.750557, -0.033364, 43737.128906,
          0.751149, 0.660066, 0.009372, 37905.679688,
          0.014988, -0.031247, 0.999399, 530.068481,
          0.000000, 0.000000, 0.000000, 1.000000
        ),
      [
        ["Units", ["Plei_Me_Uh1d_1", "Plei_Me_Uh1d_2", "Plei_Me_Uh1d_3", "Plei_Me_Uh1d_4", "Plei_Me_Uh1d_5", "Plei_Me_Uh1d_6", "Plei_Me_Uh1d_7", "Plei_Me_Uh1d_8"]],
        ["Path", ["NavPoint_Way_1", "NavPoint_Way_2", "NavPoint_Way_3", "NavPoint_Way_4", "NavPoint_Way_5", "NavPoint_Way_6"]],
        ["DelayedOrder", true],
        ["MovingSpeed", 100],
        ["Formation", "CWedgeFormation"],
        ["FormationDistance", 60],
        ["FirstOrder", "Patrol"],
        ["CyclePath", false],
        ["MinDifficulty", 0]
      ]
    ],

    [
      "WingmanGroup1",
      "UnitGroup",
      "WingmanGroup1",
      new Matrix(
          0.659963, -0.750557, -0.033364, 43737.128906,
          0.751149, 0.660066, 0.009372, 37905.679688,
          0.014988, -0.031247, 0.999399, 530.068481,
          0.000000, 0.000000, 0.000000, 1.000000
        ),
      [
        ["Units", ["Plei_Me_Uh1d_1", "Plei_Me_Uh1d_2", "Plei_Me_Uh1d_3", "Plei_Me_Uh1d_4"]],
        ["Path", ["NavPoint_Way_1", "NavPoint_Way_2", "NavPoint_Way_3", "NavPoint_Way_4", "NavPoint_Way_5", "NavPoint_Way_6"]],
        ["DelayedOrder", true],
        ["MovingSpeed", 100],
        ["Formation", "CWedgeFormation"],
        ["FormationDistance", 60],
        ["FirstOrder", "Patrol"],
        ["CyclePath", false],
        ["MinDifficulty", 0]
      ]
    ],

    [
      "WingmanGroup2",
      "UnitGroup",
      "WingmanGroup2",
      new Matrix(
          0.652350, -0.757918, 0.000000, 43758.882813,
          0.757918, 0.652350, 0.000000, 37928.707031,
          0.000000, 0.000000, 1.000000, 530.481750,
          0.000000, 0.000000, 0.000000, 1.000000
        ),
      [
        ["Units", ["Plei_Me_Uh1d_5", "Plei_Me_Uh1d_6", "Plei_Me_Uh1d_7", "Plei_Me_Uh1d_8"]],
        ["Path", ["NavPoint_Way_1", "NavPoint_Way_2", "NavPoint_Way_3", "NavPoint_Way_4", "NavPoint_Way_5", "NavPoint_Way_6"]],
        ["DelayedOrder", true],
        ["MovingSpeed", 100],
        ["Formation", "CWedgeFormation"],
        ["FormationDistance", 60],
        ["FirstOrder", "Patrol"],
        ["CyclePath", false],
        ["MinDifficulty", 0]
      ]
    ],

    [
      "Plei_Me_HeliPad_2",
      "GameObject",
      "CHeliPadUnit",
      new Matrix(
          0.605679, -0.795538, -0.016514, 43719.875000,
          0.795663, 0.605737, 0.001784, 37922.347656,
          0.008584, -0.014220, 0.999862, 528.730164,
          0.000000, 0.000000, 0.000000, 1.000000
        ),
      [
        ["SurfaceControl", "PutonGround"]
      ]
    ],

    [
      "Plei_Me_HeliPad_3",
      "GameObject",
      "CHeliPadUnit",
      new Matrix(
          0.587136, -0.808945, -0.029650, 43698.949219,
          0.809469, 0.586980, 0.014640, 37940.640625,
          0.005561, -0.032596, 0.999453, 527.960449,
          0.000000, 0.000000, 0.000000, 1.000000
        ),
      [
        ["SurfaceControl", "PutonGround"]
      ]
    ],

    [
      "Plei_Me_HeliPad_4",
      "GameObject",
      "CHeliPadUnit",
      new Matrix(
          0.606411, -0.795078, -0.010829, 43676.367188,
          0.794859, 0.605763, 0.035359, 37960.929688,
          -0.021553, -0.030049, 0.999316, 527.064148,
          0.000000, 0.000000, 0.000000, 1.000000
        ),
      [
        ["SurfaceControl", "PutonGround"]
      ]
    ],

    [
      "Plei_Me_HeliPad_8",
      "GameObject",
      "CHeliPadUnit",
      new Matrix(
          0.611589, -0.790404, -0.034934, 43700.050781,
          0.791090, 0.611576, 0.012317, 37985.460938,
          0.011629, -0.035169, 0.999314, 527.422180,
          0.000000, 0.000000, 0.000000, 1.000000
        ),
      [
        ["SurfaceControl", "PutonGround"]
      ]
    ],

    [
      "Plei_Me_HeliPad_7",
      "GameObject",
      "CHeliPadUnit",
      new Matrix(
          0.646690, -0.762066, -0.032351, 43721.062500,
          0.762661, 0.646688, 0.011953, 37964.824219,
          0.011812, -0.032403, 0.999405, 528.343994,
          0.000000, 0.000000, 0.000000, 1.000000
        ),
      [
        ["SurfaceControl", "PutonGround"]
      ]
    ],

    [
      "Plei_Me_HeliPad_9",
      "GameObject",
      "CHeliPadUnit",
      new Matrix(
          -0.800331, -0.598951, -0.026982, 32298.601563,
          0.599559, -0.799520, -0.036017, 35798.644531,
          0.000000, -0.045003, 0.998987, 362.417786,
          0.000000, 0.000000, 0.000000, 1.000000
        ),
      [
        ["SurfaceControl", "None"]
      ]
    ],

    [
      "Plei_Me_HeliPad_10",
      "GameObject",
      "CHeliPadUnit",
      new Matrix(
          -0.785759, -0.617885, -0.028294, 32315.992188,
          0.618533, -0.784936, -0.035943, 35784.308594,
          0.000000, -0.045743, 0.998953, 362.553986,
          0.000000, 0.000000, 0.000000, 1.000000
        ),
      [
        ["SurfaceControl", "None"]
      ]
    ],

    [
      "Wingman_Transport_HeliPad_2",
      "GameObject",
      "CHeliPadUnit",
      new Matrix(
          -0.800583, -0.599222, 0.000000, 43801.296875,
          0.599222, -0.800583, 0.000000, 37947.996094,
          0.000000, 0.000000, 1.000000, 531.757813,
          0.000000, 0.000000, 0.000000, 1.000000
        ),
      [
        ["SurfaceControl", "PutonGround"]
      ]
    ],

    [
      "Plei_Me_Tent_Group_1",
      "ObjectsGroup",
      "CObjectsGroup",
      new Matrix(
          -0.331850, 0.943332, 0.000000, 43793.464844,
          -0.943332, -0.331851, 0.000000, 37999.195313,
          0.000000, 0.000000, 1.000000, 531.651489,
          0.000000, 0.000000, 0.000000, 1.000000
        ),
      [
        ["Contents", ["Plei_Me_Marquee_02", "Plei_Me_MedicalTent_2", "Plei_Me_MedicalTent_3", "Plei_Me_MedicalTent_4", "Plei_Me_Roof_1", "Plei_Me_Tent_3", "Plei_Me_Tent_30", "Plei_Me_Tent_31", "Plei_Me_Tent_35", "Plei_Me_Tent_36", "Plei_Me_Tent_37", "Plei_Me_Tent_40", "Plei_Me_Tent_41", "Plei_Me_Tent_42"]]
      ]
    ],

    [
      "Plei_Me_Tent_10",
      "InteriorObject",
      "CTentUnit",
      new Matrix(
          -0.509474, -0.860486, 0.000000, 43762.613281,
          0.860486, -0.509474, 0.000000, 38065.949219,
          0.000000, 0.000000, 1.000000, 528.515442,
          0.000000, 0.000000, 0.000000, 1.000000
        ),
      [
      ]
    ],

    [
      "Plei_Me_Tent_13",
      "InteriorObject",
      "CTentUnit",
      new Matrix(
          -0.512560, -0.858652, 0.000000, 43771.519531,
          0.858652, -0.512560, 0.000000, 38071.250000,
          0.000000, 0.000000, 1.000000, 528.825439,
          0.000000, 0.000000, 0.000000, 1.000000
        ),
      [
      ]
    ],

    [
      "Plei_Me_Tent_Group_2",
      "ObjectsGroup",
      "CObjectsGroup",
      new Matrix(
          0.733103, 0.680118, 0.000000, 43776.144531,
          -0.680117, 0.733103, 0.000000, 38082.468750,
          0.000000, 0.000000, 1.000000, 530.309753,
          0.000000, 0.000000, 0.000000, 1.000000
        ),
      [
        ["Contents", ["Plei_Me_TentLong_1", "Plei_Me_TentLong_2", "Plei_Me_TentLong_3", "Plei_Me_Tent_10", "Plei_Me_Tent_13", "Plei_Me_Tent_14", "Plei_Me_Tent_15"]]
      ]
    ],

    [
      "Plei_Me_Tower_Group_1",
      "InteriorObject",
      "CWatchTowerUnit",
      new Matrix(
          0.451683, 0.891378, -0.037779, 43937.019531,
          -0.892025, 0.451986, -0.000570, 38008.324219,
          0.016568, 0.033957, 0.999286, 534.126526,
          0.000000, 0.000000, 0.000000, 1.000000
        ),
      [
        ["SurfaceControl", "PutonGround"]
      ]
    ],

    [
      "Plei_Me_Tent1",
      "InteriorObject",
      "CTentUnit",
      new Matrix(
          -0.196940, 0.980416, 0.000000, 43840.601563,
          -0.980416, -0.196940, 0.000000, 37970.906250,
          0.000000, 0.000000, 1.000000, 532.395325,
          0.000000, 0.000000, 0.000000, 1.000000
        ),
      [
      ]
    ],

    [
      "Plei_Me_Roof1",
      "InteriorObject",
      "CRoofUnit",
      new Matrix(
          -0.853032, 0.521859, 0.000000, 43862.312500,
          -0.521859, -0.853032, 0.000000, 37981.738281,
          0.000000, 0.000000, 1.000000, 533.141785,
          0.000000, 0.000000, 0.000000, 1.000000
        ),
      [
      ]
    ],

    [
      "Plei_Me_Roof2",
      "InteriorObject",
      "CRoofUnit",
      new Matrix(
          -0.859377, 0.511342, 0.000000, 43869.988281,
          -0.511342, -0.859377, 0.000000, 37986.605469,
          0.000000, 0.000000, 1.000000, 533.226807,
          0.000000, 0.000000, 0.000000, 1.000000
        ),
      [
      ]
    ],

    [
      "Plei_Me_Tent_Group_4",
      "ObjectsGroup",
      "CObjectsGroup",
      new Matrix(
          -0.196942, 0.980415, 0.000000, 43859.925781,
          -0.980415, -0.196942, 0.000000, 37986.500000,
          0.000000, 0.000000, 1.000000, 534.149353,
          0.000000, 0.000000, 0.000000, 1.000000
        ),
      [
        ["Contents", ["Plei_Me_Roof1", "Plei_Me_Roof2", "Plei_Me_Tent1", "Plei_Me_Tent2"]]
      ]
    ],

    [
      "Plei_Me_Tent2",
      "InteriorObject",
      "CTentUnit",
      new Matrix(
          0.965953, 0.258719, 0.000000, 43879.566406,
          -0.258719, 0.965953, 0.000000, 38001.355469,
          0.000000, 0.000000, 1.000000, 533.327759,
          0.000000, 0.000000, 0.000000, 1.000000
        ),
      [
      ]
    ],

    [
      "Plei_Me_House_Group_1",
      "ObjectsGroup",
      "CObjectsGroup",
      new Matrix(
          -0.540407, -0.841404, 0.000000, 43846.070313,
          0.841404, -0.540407, 0.000000, 38078.906250,
          0.000000, 0.000000, 1.000000, 534.452820,
          0.000000, 0.000000, 0.000000, 1.000000
        ),
      [
        ["Contents", ["Plei_Me_Hangar_1", "Plei_Me_TentLong_4", "Plei_Me_TentLong_5", "Plei_Me_TentLong_6", "Plei_Me_TentLong_7", "Plei_Me_TentLong_8"]]
      ]
    ],

    [
      "Plei_Me_Tent_14",
      "InteriorObject",
      "CTentUnit",
      new Matrix(
          -0.522840, -0.852431, 0.000000, 43782.679688,
          0.852431, -0.522840, 0.000000, 38077.722656,
          0.000000, 0.000000, 1.000000, 529.220886,
          0.000000, 0.000000, 0.000000, 1.000000
        ),
      [
      ]
    ],

    [
      "Plei_Me_Tent_15",
      "InteriorObject",
      "CTentUnit",
      new Matrix(
          -0.513348, -0.858181, 0.000000, 43792.800781,
          0.858181, -0.513348, 0.000000, 38083.578125,
          0.000000, 0.000000, 1.000000, 529.457520,
          0.000000, 0.000000, 0.000000, 1.000000
        ),
      [
      ]
    ],

    [
      "Plei_Me_Storage_1",
      "InteriorObject",
      "CTOCUnit",
      new Matrix(
          -0.873370, 0.487057, 0.000000, 43825.402344,
          -0.487057, -0.873370, 0.000000, 38051.867188,
          0.000000, 0.000000, 1.000000, 530.962463,
          0.000000, 0.000000, 0.000000, 1.000000
        ),
      [
      ]
    ],

    [
      "Plei_Me_Storage_2",
      "InteriorObject",
      "CRoofUnit",
      new Matrix(
          0.844447, -0.535638, 0.000000, 43901.113281,
          0.535638, 0.844447, 0.000000, 38001.992188,
          0.000000, 0.000000, 1.000000, 534.068176,
          0.000000, 0.000000, 0.000000, 1.000000
        ),
      [
      ]
    ],

    [
      "Plei_Me_Storage_3",
      "InteriorObject",
      "CRoofUnit",
      new Matrix(
          0.848462, -0.529257, 0.000000, 43914.003906,
          0.529257, 0.848462, 0.000000, 38010.367188,
          0.000000, 0.000000, 1.000000, 533.762268,
          0.000000, 0.000000, 0.000000, 1.000000
        ),
      [
      ]
    ],

    [
      "Plei_Me_Storage_Group_1",
      "ObjectsGroup",
      "CObjectsGroup",
      new Matrix(
          -0.540407, -0.841404, 0.000000, 43873.246094,
          0.841404, -0.540407, 0.000000, 38030.019531,
          0.000000, 0.000000, 1.000000, 533.848267,
          0.000000, 0.000000, 0.000000, 1.000000
        ),
      [
        ["Contents", ["Plei_Me_Storage_1", "Plei_Me_Storage_10", "Plei_Me_Storage_11", "Plei_Me_Storage_13", "Plei_Me_Storage_2", "Plei_Me_Storage_20", "Plei_Me_Storage_3"]]
      ]
    ],

    [
      "Plei_Me_Storage_10",
      "InteriorObject",
      "CBarrelPackAUnit",
      new Matrix(
          -0.586090, -0.809426, -0.036446, 43898.652344,
          0.809647, -0.586793, 0.012048, 38009.222656,
          -0.031138, -0.022447, 0.999263, 534.791321,
          0.000000, 0.000000, 0.000000, 1.000000
        ),
      [
        ["SurfaceControl", "PutonGround"]
      ]
    ],

    [
      "Plei_Me_Storage_11",
      "InteriorObject",
      "CBarrelPackAUnit",
      new Matrix(
          -0.586500, -0.809559, 0.025146, 43912.175781,
          0.808011, -0.586961, -0.050938, 38018.183594,
          0.055997, -0.009556, 0.998385, 535.114380,
          0.000000, 0.000000, 0.000000, 1.000000
        ),
      [
        ["SurfaceControl", "PutonGround"]
      ]
    ],

    [
      "Plei_Me_Storage_13",
      "InteriorObject",
      "CBarrelPackAUnit",
      new Matrix(
          -0.559804, -0.828602, -0.006125, 43907.371094,
          0.828515, -0.559835, 0.012137, 37996.636719,
          -0.013485, 0.001720, 0.999908, 535.080200,
          0.000000, 0.000000, 0.000000, 1.000000
        ),
      [
        ["SurfaceControl", "PutonGround"]
      ]
    ],

    [
      "Plei_Me_Storage_20",
      "InteriorObject",
      "CWeaponBoxBigUnit",
      new Matrix(
          -0.597245, -0.801232, -0.036420, 43927.230469,
          0.799953, -0.598350, 0.045297, 38007.007813,
          -0.058086, -0.002081, 0.998309, 534.289429,
          0.000000, 0.000000, 0.000000, 1.000000
        ),
      [
        ["SurfaceControl", "PutonGround"]
      ]
    ],

    [
      "Plei_Me_Base_Group_1",
      "ObjectsGroup",
      "CObjectsGroup",
      new Matrix(
          0.841696, -0.539951, 0.000000, 43787.792969,
          0.539951, 0.841696, 0.000000, 38058.261719,
          0.000000, 0.000000, 1.000000, 530.788757,
          0.000000, 0.000000, 0.000000, 1.000000
        ),
      [
        ["Contents", ["Plei_Me_Tent_Base_1", "Plei_Me_Tent_Base_2", "Plei_Me_Tent_Base_3"]]
      ]
    ],

    [
      "Plei_Me_Tent_Base_1",
      "InteriorObject",
      "CTentUnit",
      new Matrix(
          -0.546211, -0.837648, 0.000000, 43780.703125,
          0.837648, -0.546211, 0.000000, 38053.738281,
          0.000000, 0.000000, 1.000000, 529.356201,
          0.000000, 0.000000, 0.000000, 1.000000
        ),
      [
      ]
    ],

    [
      "Plei_Me_Tent_Base_3",
      "InteriorObject",
      "CTentUnit",
      new Matrix(
          -0.526591, -0.850119, 0.000000, 43794.917969,
          0.850119, -0.526591, 0.000000, 38062.730469,
          0.000000, 0.000000, 1.000000, 529.744995,
          0.000000, 0.000000, 0.000000, 1.000000
        ),
      [
      ]
    ],

    [
      "Plei_Me_Appendix_Group_1",
      "ObjectsGroup",
      "CObjectsGroup",
      new Matrix(
          -0.282918, 0.959144, 0.000000, 43716.820313,
          -0.959144, -0.282919, 0.000000, 37892.382813,
          0.000000, 0.000000, 1.000000, 530.788025,
          0.000000, 0.000000, 0.000000, 1.000000
        ),
      [
        ["Contents", ["Plei_Me_Roof_Appendix_5", "Plei_Me_Roof_Appendix_7", "Plei_Me_Roof_Appendix_8", "Plei_Me_TentLong_16"]]
      ]
    ],

    [
      "Plei_Me_TentLong_16",
      "InteriorObject",
      "CTentLongUnit",
      new Matrix(
          -0.877738, 0.479141, 0.000000, 43707.671875,
          -0.479141, -0.877738, 0.000000, 37901.312500,
          0.000000, 0.000000, 1.000000, 528.590759,
          0.000000, 0.000000, 0.000000, 1.000000
        ),
      [
      ]
    ],

    [
      "Plei_Me_Roof_Appendix_5",
      "InteriorObject",
      "CRoofUnit",
      new Matrix(
          -0.718319, -0.695714, 0.000000, 43709.613281,
          0.695714, -0.718319, 0.000000, 37886.039063,
          0.000000, 0.000000, 1.000000, 529.365845,
          0.000000, 0.000000, 0.000000, 1.000000
        ),
      [
      ]
    ],

    [
      "Plei_Me_CheckPoint_1",
      "InteriorObject",
      "CCheckPointUnit",
      new Matrix(
          0.537150, 0.843486, 0.000000, 43702.707031,
          -0.843486, 0.537150, 0.000000, 38097.046875,
          0.000000, 0.000000, 1.000000, 527.164795,
          0.000000, 0.000000, 0.000000, 1.000000
        ),
      [
      ]
    ],

    [
      "Plei_Me_MainBase_tent_1",
      "InteriorObject",
      "CTentUnit",
      new Matrix(
          0.821873, -0.569671, 0.000000, 43548.476563,
          0.569671, 0.821873, 0.000000, 38203.609375,
          0.000000, 0.000000, 1.000000, 527.245056,
          0.000000, 0.000000, 0.000000, 1.000000
        ),
      [
      ]
    ],

    [
      "Plei_Me_MainBase_roof_1",
      "InteriorObject",
      "CRoofUnit",
      new Matrix(
          -0.874392, 0.485221, 0.000000, 43559.878906,
          -0.485221, -0.874392, 0.000000, 38075.511719,
          0.000000, 0.000000, 1.000000, 527.160706,
          0.000000, 0.000000, 0.000000, 1.000000
        ),
      [
      ]
    ],

    [
      "Plei_Me_MainBase_tent_3",
      "InteriorObject",
      "CTentUnit",
      new Matrix(
          -0.524985, -0.851112, 0.000000, 43550.890625,
          0.851112, -0.524985, 0.000000, 38152.507813,
          0.000000, 0.000000, 1.000000, 527.202576,
          0.000000, 0.000000, 0.000000, 1.000000
        ),
      [
      ]
    ],

    [
      "Plei_Me_MainBase_tent_4",
      "InteriorObject",
      "CTentUnit",
      new Matrix(
          -0.535110, -0.844782, 0.000000, 43558.539063,
          0.844782, -0.535110, 0.000000, 38157.421875,
          0.000000, 0.000000, 1.000000, 527.217468,
          0.000000, 0.000000, 0.000000, 1.000000
        ),
      [
      ]
    ],

    [
      "Plei_Me_MainBase_tent_5",
      "InteriorObject",
      "CTentUnit",
      new Matrix(
          -0.537761, -0.843098, 0.000000, 43547.378906,
          0.843098, -0.537761, 0.000000, 38158.242188,
          0.000000, 0.000000, 1.000000, 527.219910,
          0.000000, 0.000000, 0.000000, 1.000000
        ),
      [
      ]
    ],

    [
      "Plei_Me_MainBase_tent_6",
      "InteriorObject",
      "CTentUnit",
      new Matrix(
          -0.547786, -0.836619, 0.000000, 43555.539063,
          0.836619, -0.547786, 0.000000, 38162.347656,
          0.000000, 0.000000, 1.000000, 527.232422,
          0.000000, 0.000000, 0.000000, 1.000000
        ),
      [
      ]
    ],

    [
      "Plei_Me_MainBase_1",
      "ObjectsGroup",
      "CObjectsGroup",
      new Matrix(
          0.535110, 0.844783, 0.000000, 43560.363281,
          -0.844782, 0.535109, 0.000000, 38135.792969,
          0.000000, 0.000000, 1.000000, 528.511108,
          0.000000, 0.000000, 0.000000, 1.000000
        ),
      [
        ["Contents", ["Plei_Me_MainBase_roof_1", "Plei_Me_MainBase_roof_4", "Plei_Me_MainBase_roof_5", "Plei_Me_MainBase_tent_1", "Plei_Me_MainBase_tent_3", "Plei_Me_MainBase_tent_4", "Plei_Me_MainBase_tent_5", "Plei_Me_MainBase_tent_6"]]
      ]
    ],

    [
      "Plei_Me_MainBase_roof_2",
      "InteriorObject",
      "CRoofUnit",
      new Matrix(
          -0.526509, -0.850170, 0.000000, 43567.089844,
          0.850170, -0.526509, 0.000000, 38157.050781,
          0.000000, 0.000000, 1.000000, 527.186340,
          0.000000, 0.000000, 0.000000, 1.000000
        ),
      [
      ]
    ],

    [
      "Plei_Me_MainBase_roof_3",
      "InteriorObject",
      "CRoofUnit",
      new Matrix(
          -0.526509, -0.850170, 0.000000, 43550.808594,
          0.850170, -0.526509, 0.000000, 38182.777344,
          0.000000, 0.000000, 1.000000, 527.220703,
