//-------------------------------------------------------------------
//                                                                   
//  This code is copyright 2001 by G5 Software.                      
//  Any unauthorized usage, either in part or in whole of this code  
//  is strictly prohibited. Violators WILL be prosecuted to the      
//  maximum extent allowed by law.                                   
//                                                                   
//-------------------------------------------------------------------
//                                                                   
//  Automatically-generated mission script file                      
//  DO NOT EDIT!                                                     
//                                                                   
//-------------------------------------------------------------------


class KurskM4Content
{
  static String m_ObjectListClassFile = "Missions/CustomMissions/KurskMission4/Content.script";
  static String m_ObjectListClassName = "KurskM4Content";

  static Array  m_MissionObjectList   = [
    [
      "Atmosphere",
      "",
      "",
      new Matrix(
          1.000000, 0.000000, 0.000000, 0.000000,
          0.000000, 1.000000, 0.000000, 0.000000,
          0.000000, 0.000000, 1.000000, 0.000000,
          0.000000, 0.000000, 0.000000, 1.000000
        ),
      [
        ["AmbientLight", new Color(0.356863, 0.356863, 0.356863, 1.000000)],
        ["AntiSunAngle", 10.000000],
        ["AntiSunColor", new Color(0.811765, 0.819608, 0.854902, 1.000000)],
        ["AntiSunIntensity", 0.400000],
        ["EnableHorizontAdjustment", true],
        ["FogColorXPos", new Color(0.976471, 0.988235, 1.000000, 1.000000)],
        ["FogColorXNeg", new Color(0.976471, 0.988235, 1.000000, 1.000000)],
        ["FogColorYPos", new Color(0.976471, 0.988235, 1.000000, 1.000000)],
        ["FogColorYNeg", new Color(0.976471, 0.988235, 1.000000, 1.000000)],
        ["FogDensity", 0.000500],
        ["FogNear", 1000.000000],
        ["FogFar", 4000.000000],
        ["FogFarMax", 8000.000000],
        ["FogMode", "Exp"],
        ["ShadowColor", new Color(0.521569, 0.521569, 0.521569, 1.000000)],
        ["SunColor", new Color(1.000000, 1.000000, 1.000000, 0.000000)],
        ["SunDirection", new Vector(-0.005952, -0.155542, -0.305348)],
        ["SunIntensity", 1.000000],
        ["TreeLightKoef", 0.000000],
        ["TreeNormalRelax", 0.000000],
        ["TreeShadowLodDistance", 25.000000],
        ["AntiSunHorAngle", 80.000000],
        ["BlindColor", new Color(1.000000, 1.000000, 1.000000, 1.000000)],
        ["SunSpecularIntensity", 0.500000],
        ["AntiSunEnabled", true],
        ["IsShadowEnabled", true],
        ["StencilShadowColor", new Color(0.521569, 0.521569, 0.521569, 1.000000)],
        ["CenterHeight", 100.000000],
        ["SunShines", 0.000000],
        ["IsSunVisible", true]
      ]
    ],

    [
      "Terrain",
      "",
      "",
      new Matrix(
          0.995138, -0.098486, 0.000000, 0.000000,
          0.098486, 0.995138, 0.000000, 0.000000,
          0.000000, 0.000000, 1.000000, 0.000000,
          0.000000, 0.000000, 0.000000, 1.000000
        ),
      [
        ["VertForestAngleMin", 0.000000],
        ["VertForestAngleMax", 45.000000],
        ["VertForestBeginFadeDist", [400.000000, 810.000000]],
        ["TerrainShadowPower", 10.000000],
        ["IsAntiLighting", true],
        ["ForestTextureScale", 2.000000],
        ["ForestBorderScale", 0.500000],
        ["ForestShadowBorderScale", 2.000000],
        ["ForestAlphaScale", 1.000000],
        ["ForestShadowAlphaScale", 1.000000],
        ["ForestBeginFadeDist", [350.000000, 900.000000]],
        ["FakeForestBeginFadeDist", [800.000000, 3610.000000]],
        ["AnimationSpeed", 0.040000],
        ["VertForestDistMax", 3500.000000]
      ]
    ],

    [
      "MainPlayerUnit",
      "GameObject",
      "CTankPzVITigerE1_EarlyUnit",
      new Matrix(
          -0.872776, -0.487983, -0.011634, 13731.247070,
          0.487995, -0.871758, -0.043575, 9387.125977,
          0.011122, -0.043709, 0.998982, 463.968048,
          0.000000, 0.000000, 0.000000, 1.000000
        ),
      [
        ["IsPlayer", true],
        ["IsManual", true],
        ["Affiliation", "FRIEND"],
        ["Number", "S01"],
        ["Markings", "DRn"],
        ["K_RINGS", "9"],
        ["Flag", true]
      ]
    ],

    [
      "Dubrova_FenceWicker_1",
      "InteriorObject",
      "CFenceWickerUnit",
      new Matrix(
          0.120835, 0.992673, 0.000000, 5511.581055,
          -0.992673, 0.120835, 0.000000, 7802.712891,
          0.000000, 0.000000, 1.000000, 459.366760,
          0.000000, 0.000000, 0.000000, 1.000000
        ),
      [
        ["SurfaceControl", "PutonGround"],
        ["Length", 3]
      ]
    ],

    [
      "Dubrova_FenceWicker_2",
      "InteriorObject",
      "CFenceWickerUnit",
      new Matrix(
          -0.015285, 0.999883, 0.000000, 5488.132324,
          -0.999883, -0.015285, 0.000000, 7803.265137,
          0.000000, 0.000000, 1.000000, 459.866974,
          0.000000, 0.000000, 0.000000, 1.000000
        ),
      [
        ["SurfaceControl", "PutonGround"],
        ["Length", 12]
      ]
    ],

    [
      "Dubrova_FenceWicker_3",
      "InteriorObject",
      "CFenceWickerUnit",
      new Matrix(
          0.999876, 0.015733, 0.000000, 5487.564453,
          -0.015733, 0.999876, 0.000000, 7803.279297,
          0.000000, 0.000000, 1.000000, 459.879944,
          0.000000, 0.000000, 0.000000, 1.000000
        ),
      [
        ["SurfaceControl", "PutonGround"],
        ["Length", 12]
      ]
    ],

    [
      "Dubrova_FenceWicker_4",
      "InteriorObject",
      "CFenceWickerUnit",
      new Matrix(
          -0.100470, -0.994940, 0.000000, 5489.402832,
          0.994940, -0.100470, 0.000000, 7762.631836,
          0.000000, 0.000000, 1.000000, 461.034821,
          0.000000, 0.000000, 0.000000, 1.000000
        ),
      [
        ["Length", 3],
        ["SurfaceControl", "PutonGround"]
      ]
    ],

    [
      "Dubrova_FenceWicker_5",
      "InteriorObject",
      "CFenceWickerUnit",
      new Matrix(
          0.011022, -0.999939, 0.000000, 5572.044922,
          0.999939, 0.011022, 0.000000, 7734.463867,
          0.000000, 0.000000, 1.000000, 461.021027,
          0.000000, 0.000000, 0.000000, 1.000000
        ),
      [
        ["Length", 5],
        ["SurfaceControl", "PutonGround"]
      ]
    ],

    [
      "Dubrova_FenceWicker_6",
      "InteriorObject",
      "CFenceWickerUnit",
      new Matrix(
          0.995481, -0.094963, 0.000000, 5577.345703,
          0.094963, 0.995481, 0.000000, 7699.856934,
          0.000000, 0.000000, 1.000000, 461.020050,
          0.000000, 0.000000, 0.000000, 1.000000
        ),
      [
        ["SurfaceControl", "PutonGround"],
        ["Length", 12]
      ]
    ],

    [
      "Dubrova_FenceWicker_7",
      "InteriorObject",
      "CFenceWickerUnit",
      new Matrix(
          0.083357, 0.996520, 0.000000, 5577.401367,
          -0.996520, 0.083357, 0.000000, 7699.875000,
          0.000000, 0.000000, 1.000000, 461.020050,
          0.000000, 0.000000, 0.000000, 1.000000
        ),
      [
        ["SurfaceControl", "PutonGround"],
        ["Length", 6]
      ]
    ],

    [
      "Dubrova_FenceWicker_8",
      "InteriorObject",
      "CFenceWickerUnit",
      new Matrix(
          0.992939, -0.118627, 0.000000, 5585.295410,
          0.118627, 0.992939, 0.000000, 7678.031738,
          0.000000, 0.000000, 1.000000, 460.752502,
          0.000000, 0.000000, 0.000000, 1.000000
        ),
      [
        ["SurfaceControl", "PutonGround"],
        ["Length", 9]
      ]
    ],

    [
      "Dubrova_FenceWicker_9",
      "InteriorObject",
      "CFenceWickerUnit",
      new Matrix(
          0.091860, 0.995772, 0.000000, 5601.216309,
          -0.995772, 0.091860, 0.000000, 7702.183105,
          0.000000, 0.000000, 1.000000, 460.999451,
          0.000000, 0.000000, 0.000000, 1.000000
        ),
      [
        ["SurfaceControl", "PutonGround"],
        ["Length", 11]
      ]
    ],

    [
      "Dubrova_FenceWicker_10",
      "InteriorObject",
      "CFenceWickerUnit",
      new Matrix(
          0.082948, 0.996554, 0.000000, 5585.109375,
          -0.996554, 0.082948, 0.000000, 7677.934570,
          0.000000, 0.000000, 1.000000, 460.751007,
          0.000000, 0.000000, 0.000000, 1.000000
        ),
      [
        ["SurfaceControl", "PutonGround"],
        ["Length", 3]
      ]
    ],

    [
      "Dubrova_FenceWicker_11",
      "InteriorObject",
      "CFenceWickerUnit",
      new Matrix(
          0.059887, 0.998205, 0.000000, 5579.351563,
          -0.998205, 0.059887, 0.000000, 7659.989258,
          0.000000, 0.000000, 1.000000, 460.465118,
          0.000000, 0.000000, 0.000000, 1.000000
        ),
      [
        ["SurfaceControl", "PutonGround"],
        ["Length", 3]
      ]
    ],

    [
      "Dubrova_FenceWicker_12",
      "InteriorObject",
      "CFenceWickerUnit",
      new Matrix(
          -0.995035, 0.099528, 0.000000, 5518.104004,
          -0.099528, -0.995035, 0.000000, 7753.312500,
          0.000000, 0.000000, 1.000000, 461.009186,
          0.000000, 0.000000, 0.000000, 1.000000
        ),
      [
        ["SurfaceControl", "PutonGround"],
        ["Length", 8]
      ]
    ],

    [
      "Dubrova_FenceWicker_13",
      "InteriorObject",
      "CFenceWickerUnit",
      new Matrix(
          0.994892, -0.100943, 0.000000, 5579.523438,
          0.100943, 0.994892, 0.000000, 7654.097656,
          0.000000, 0.000000, 1.000000, 460.371246,
          0.000000, 0.000000, 0.000000, 1.000000
        ),
      [
        ["SurfaceControl", "PutonGround"],
        ["Length", 9]
      ]
    ],

    [
      "Dubrova_FenceWicker_14",
      "InteriorObject",
      "CFenceWickerUnit",
      new Matrix(
          -0.105680, -0.994400, 0.000000, 5602.306641,
          0.994400, -0.105680, 0.000000, 7665.964355,
          0.000000, 0.000000, 1.000000, 460.531067,
          0.000000, 0.000000, 0.000000, 1.000000
        ),
      [
        ["SurfaceControl", "PutonGround"],
        ["Length", 7]
      ]
    ],

    [
      "Dubrova_FenceWicker_15",
      "InteriorObject",
      "CFenceWickerUnit",
      new Matrix(
          0.998681, -0.051353, 0.000000, 5514.146484,
          0.051353, 0.998681, 0.000000, 7712.360352,
          0.000000, 0.000000, 1.000000, 461.054718,
          0.000000, 0.000000, 0.000000, 1.000000
        ),
      [
        ["SurfaceControl", "PutonGround"],
        ["Length", 13]
      ]
    ],

    [
      "Dubrova_FenceWicker_16",
      "InteriorObject",
      "CFenceWickerUnit",
      new Matrix(
          0.995141, -0.098461, 0.000000, 5486.460938,
          0.098461, 0.995141, 0.000000, 7750.391113,
          0.000000, 0.000000, 1.000000, 461.225769,
          0.000000, 0.000000, 0.000000, 1.000000
        ),
      [
        ["SurfaceControl", "PutonGround"],
        ["Length", 8]
      ]
    ],

    [
      "Dubrova_FenceWicker_17",
      "InteriorObject",
      "CFenceWickerUnit",
      new Matrix(
          -0.073184, -0.997318, 0.000000, 5540.953613,
          0.997318, -0.073184, 0.000000, 7703.896484,
          0.000000, 0.000000, 1.000000, 461.057281,
          0.000000, 0.000000, 0.000000, 1.000000
        ),
      [
        ["SurfaceControl", "PutonGround"],
        ["Length", 5]
      ]
    ],

    [
      "Dubrova_FenceWicker_18",
      "InteriorObject",
      "CFenceWickerUnit",
      new Matrix(
          -0.077699, -0.996977, 0.000000, 5515.434082,
          0.996977, -0.077699, 0.000000, 7696.498047,
          0.000000, 0.000000, 1.000000, 460.858337,
          0.000000, 0.000000, 0.000000, 1.000000
        ),
      [
        ["SurfaceControl", "PutonGround"],
        ["Length", 8]
      ]
    ],

    [
      "Dubrova_FenceWicker_19",
      "InteriorObject",
      "CFenceWickerUnit",
      new Matrix(
          -0.072358, -0.997379, 0.000000, 5516.496582,
          0.997379, -0.072358, 0.000000, 7682.450195,
          0.000000, 0.000000, 1.000000, 460.612946,
          0.000000, 0.000000, 0.000000, 1.000000
        ),
      [
        ["SurfaceControl", "PutonGround"],
        ["Length", 7]
      ]
    ],

    [
      "Dubrova_FenceWicker_20",
      "InteriorObject",
      "CFenceWickerUnit",
      new Matrix(
          -0.998882, 0.047267, 0.000000, 5532.253418,
          -0.047267, -0.998882, 0.000000, 7682.981934,
          0.000000, 0.000000, 1.000000, 460.691345,
          0.000000, 0.000000, 0.000000, 1.000000
        ),
      [
        ["SurfaceControl", "PutonGround"],
        ["Length", 8]
      ]
    ],

    [
      "Dubrova_FenceWicker_21",
      "InteriorObject",
      "CFenceWickerUnit",
      new Matrix(
          0.209972, 0.977707, 0.000000, 5572.227051,
          -0.977707, 0.209972, 0.000000, 7734.466309,
          0.000000, 0.000000, 1.000000, 461.019562,
          0.000000, 0.000000, 0.000000, 1.000000
        ),
      [
        ["SurfaceControl", "PutonGround"],
        ["Length", 12]
      ]
    ],

    [
      "Dubrova_FenceWicker_22",
      "InteriorObject",
      "CFenceWickerUnit",
      new Matrix(
          -0.430559, -0.902562, 0.000000, 5496.240723,
          0.902562, -0.430559, 0.000000, 7726.039063,
          0.000000, 0.000000, 1.000000, 461.160065,
          0.000000, 0.000000, 0.000000, 1.000000
        ),
      [
        ["SurfaceControl", "PutonGround"],
        ["Length", 11]
      ]
    ],

    [
      "Dubrova_FenceWicker_23",
      "InteriorObject",
      "CFenceWickerUnit",
      new Matrix(
          0.994353, -0.106121, 0.000000, 5577.112793,
          0.106121, 0.994353, 0.000000, 7710.994629,
          0.000000, 0.000000, 1.000000, 461.043762,
          0.000000, 0.000000, 0.000000, 1.000000
        ),
      [
        ["SurfaceControl", "PutonGround"],
        ["Length", 9]
      ]
    ],

    [
      "Dubrova_FenceWicker_24",
      "InteriorObject",
      "CFenceWickerUnit",
      new Matrix(
          0.998281, -0.058610, 0.000000, 5553.144531,
          0.058610, 0.998281, 0.000000, 7670.077148,
          0.000000, 0.000000, 1.000000, 460.555786,
          0.000000, 0.000000, 0.000000, 1.000000
        ),
      [
        ["SurfaceControl", "PutonGround"],
        ["Length", 8]
      ]
    ],

    [
      "Dubrova_FenceWicker_25",
      "InteriorObject",
      "CFenceWickerUnit",
      new Matrix(
          0.999503, -0.031523, 0.000000, 5537.156738,
          0.031523, 0.999503, 0.000000, 7669.357910,
          0.000000, 0.000000, 1.000000, 460.544342,
          0.000000, 0.000000, 0.000000, 1.000000
        ),
      [
        ["SurfaceControl", "PutonGround"],
        ["Length", 8]
      ]
    ],

    [
      "Dubrova_FenceWicker_26",
      "InteriorObject",
      "CFenceWickerUnit",
      new Matrix(
          -0.220657, -0.975351, 0.000000, 5542.213867,
          0.975351, -0.220657, 0.000000, 7646.125977,
          0.000000, 0.000000, 1.000000, 460.174255,
          0.000000, 0.000000, 0.000000, 1.000000
        ),
      [
        ["SurfaceControl", "PutonGround"],
        ["Length", 12]
      ]
    ],

    [
      "Dubrova_FenceWicker_27",
      "InteriorObject",
      "CFenceWickerUnit",
      new Matrix(
          0.998724, -0.050491, 0.000000, 5542.188477,
          0.050491, 0.998724, 0.000000, 7646.211426,
          0.000000, 0.000000, 1.000000, 460.175598,
          0.000000, 0.000000, 0.000000, 1.000000
        ),
      [
        ["SurfaceControl", "PutonGround"],
        ["Length", 8]
      ]
    ],

    [
      "Dubrova_FenceWicker_28",
      "InteriorObject",
      "CFenceWickerUnit",
      new Matrix(
          0.989621, -0.143701, 0.000000, 5487.899902,
          0.143701, 0.989621, 0.000000, 7779.331543,
          0.000000, 0.000000, 1.000000, 460.757751,
          0.000000, 0.000000, 0.000000, 1.000000
        ),
      [
        ["SurfaceControl", "PutonGround"],
        ["Length", 13]
      ]
    ],

    [
      "Dubrova_FenceWicker_29",
      "InteriorObject",
      "CFenceWickerUnit",
      new Matrix(
          0.996433, -0.084382, 0.000000, 5557.358887,
          0.084382, 0.996433, 0.000000, 7647.002441,
          0.000000, 0.000000, 1.000000, 460.254181,
          0.000000, 0.000000, 0.000000, 1.000000
        ),
      [
        ["SurfaceControl", "PutonGround"],
        ["Length", 7]
      ]
    ],

    [
      "Dubrova_FenceWicker_30",
      "InteriorObject",
      "CFenceWickerUnit",
      new Matrix(
          -0.116096, -0.993238, 0.000000, 5571.197754,
          0.993238, -0.116096, 0.000000, 7648.187988,
          0.000000, 0.000000, 1.000000, 460.268616,
          0.000000, 0.000000, 0.000000, 1.000000
        ),
      [
        ["SurfaceControl", "PutonGround"],
        ["Length", 4]
      ]
    ],

    [
      "Dubrova_FenceWicker_31",
      "InteriorObject",
      "CFenceWickerUnit",
      new Matrix(
          -0.112312, -0.993673, 0.000000, 5488.725586,
          0.993673, -0.112312, 0.000000, 7771.376465,
          0.000000, 0.000000, 1.000000, 460.885925,
          0.000000, 0.000000, 0.000000, 1.000000
        ),
      [
        ["SurfaceControl", "PutonGround"],
        ["Length", 4]
      ]
    ],

    [
      "Dubrova_FenceWicker_32",
      "InteriorObject",
      "CFenceWickerUnit",
      new Matrix(
          -0.159968, -0.987122, 0.000000, 5517.980469,
          0.987122, -0.159968, 0.000000, 7753.437012,
          0.000000, 0.000000, 1.000000, 461.008209,
          0.000000, 0.000000, 0.000000, 1.000000
        ),
      [
        ["SurfaceControl", "PutonGround"],
        ["Length", 15]
      ]
    ],

    [
      "Dubrova_FenceWicker_33",
      "InteriorObject",
      "CFenceWickerUnit",
      new Matrix(
          0.117427, 0.993081, 0.000000, 5489.491699,
          -0.993081, 0.117427, 0.000000, 7762.844727,
          0.000000, 0.000000, 1.000000, 461.028351,
          0.000000, 0.000000, 0.000000, 1.000000
        ),
      [
        ["SurfaceControl", "PutonGround"],
        ["Length", 3]
      ]
    ],

    [
      "Dubrova_FenceWicker_34",
      "InteriorObject",
      "CFenceWickerUnit",
      new Matrix(
          -0.008527, -0.999964, 0.000000, 5603.172852,
          0.999964, -0.008527, 0.000000, 7761.751953,
          0.000000, 0.000000, 1.000000, 460.427887,
          0.000000, 0.000000, 0.000000, 1.000000
        ),
      [
        ["Length", 3],
        ["SurfaceControl", "PutonGround"]
      ]
    ],

    [
      "Dubrova_FenceWicker_35",
      "InteriorObject",
      "CFenceWickerUnit",
      new Matrix(
          0.995606, -0.093640, 0.000000, 5495.990234,
          0.093640, 0.995606, 0.000000, 7726.105469,
          0.000000, 0.000000, 1.000000, 461.160065,
          0.000000, 0.000000, 0.000000, 1.000000
        ),
      [
        ["SurfaceControl", "PutonGround"],
        ["Length", 16]
      ]
    ],

    [
      "Dubrova_FenceWicker_36",
      "InteriorObject",
      "CFenceWickerUnit",
      new Matrix(
          -0.151170, -0.988508, 0.000000, 5571.096680,
          0.988508, -0.151170, 0.000000, 7751.022461,
          0.000000, 0.000000, 1.000000, 460.834137,
          0.000000, 0.000000, 0.000000, 1.000000
        ),
      [
        ["SurfaceControl", "PutonGround"],
        ["Length", 12]
      ]
    ],

    [
      "Dubrova_FenceWicker_37",
      "InteriorObject",
      "CFenceWickerUnit",
      new Matrix(
          0.963592, -0.267376, 0.000000, 5571.340332,
          0.267376, 0.963592, 0.000000, 7751.463379,
          0.000000, 0.000000, 1.000000, 460.825226,
          0.000000, 0.000000, 0.000000, 1.000000
        ),
      [
        ["SurfaceControl", "PutonGround"],
        ["Length", 7]
      ]
    ],

    [
      "Dubrova_FenceWicker_38",
      "InteriorObject",
      "CFenceWickerUnit",
      new Matrix(
          -0.024864, -0.999691, 0.000000, 5567.395996,
          0.999691, -0.024864, 0.000000, 7777.333984,
          0.000000, 0.000000, 1.000000, 460.071472,
          0.000000, 0.000000, 0.000000, 1.000000
        ),
      [
        ["Length", 3],
        ["SurfaceControl", "PutonGround"]
      ]
    ],

    [
      "Dubrova_FenceWicker_39",
      "InteriorObject",
      "CFenceWickerUnit",
      new Matrix(
          0.986797, -0.161964, 0.000000, 5567.200195,
          0.161964, 0.986797, 0.000000, 7783.203613,
          0.000000, 0.000000, 1.000000, 459.845612,
          0.000000, 0.000000, 0.000000, 1.000000
        ),
      [
        ["SurfaceControl", "PutonGround"],
        ["Length", 8]
      ]
    ],

    [
      "Dubrova_FenceWicker_40",
      "InteriorObject",
      "CFenceWickerUnit",
      new Matrix(
          0.894956, 0.446155, 0.000000, 5582.968262,
          -0.446155, 0.894956, 0.000000, 7785.713867,
          0.000000, 0.000000, 1.000000, 459.601501,
          0.000000, 0.000000, 0.000000, 1.000000
        ),
      [
        ["SurfaceControl", "PutonGround"],
        ["Length", 11]
      ]
    ],

    [
      "Dubrova_FenceWicker_41",
      "InteriorObject",
      "CFenceWickerUnit",
      new Matrix(
          0.092785, 0.995686, 0.000000, 5602.484863,
          -0.995686, 0.092785, 0.000000, 7775.746094,
          0.000000, 0.000000, 1.000000, 459.963196,
          0.000000, 0.000000, 0.000000, 1.000000
        ),
      [
        ["Length", 4],
        ["SurfaceControl", "PutonGround"]
      ]
    ],

    [
      "Dubrova_TerrainPatch_1",
      "Locator",
      "CTerrainPatch",
      new Matrix(
          0.969695, 0.244319, 0.000000, 5563.011719,
          -0.244319, 0.969695, 0.000000, 7736.427734,
          0.000000, 0.000000, 1.000000, 461.073578,
          0.000000, 0.000000, 0.000000, 1.000000
        ),
      [
        ["Dimensions", new Vector(160.000000, 160.000000, 6.852203)],
        ["TextureName", "Textures/V_Viso_le_micro.tex"],
        ["ZoneName", "Textures/V_Viso_le_zone.bmp"],
        ["BorderSize", 40.000000]
      ]
    ],

    [
      "Dubrova_USRCorralWood_1",
      "InteriorObject",
      "CUSRCorralWoodUnit",
      new Matrix(
          0.086926, 0.996208, -0.003775, 5526.666016,
          -0.996122, 0.086866, -0.013943, 7693.670410,
          -0.013562, 0.004972, 0.999896, 460.866882,
          0.000000, 0.000000, 0.000000, 1.000000
        ),
      [
        ["HitPoints", 200.000000],
        ["SurfaceControl", "PutonGround"],
        ["Affiliation", "NEUTRAL"],
        ["Route", []],
        ["FakeShadowOffset", 0.090000]
      ]
    ],

    [
      "Dubrova_USRCorralWood_2",
      "InteriorObject",
      "CUSRCorralWoodUnit",
      new Matrix(
          0.084080, 0.996428, 0.007838, 5592.208496,
          -0.995794, 0.083734, 0.037178, 7770.981445,
          0.036389, -0.010931, 0.999278, 460.177338,
          0.000000, 0.000000, 0.000000, 1.000000
        ),
      [
        ["SurfaceControl", "PutonGround"],
        ["HitPoints", 200.000000],
        ["Affiliation", "NEUTRAL"],
        ["Route", []],
        ["FakeShadowOffset", 0.090000]
      ]
    ],

    [
      "Dubrova_USRCorralWood_3",
      "InteriorObject",
      "CUSRCorralWoodUnit",
      new Matrix(
          -0.050222, 0.998738, 0.000000, 5561.105957,
          -0.998738, -0.050222, 0.000000, 7616.517578,
          0.000000, 0.000000, 1.000000, 459.797668,
          0.000000, 0.000000, 0.000000, 1.000000
        ),
      [
        ["SurfaceControl", "PutonGroundUpright"],
        ["HitPoints", 200.000000],
        ["Affiliation", "NEUTRAL"],
        ["Route", []],
        ["FakeShadowOffset", 0.090000]
      ]
    ],

    [
      "Dubrova_USRHouseWood_1",
      "InteriorObject",
      "CUSRHouseWoodUnit",
      new Matrix(
          0.109703, 0.993947, 0.005887, 5582.439453,
          -0.993964, 0.109703, 0.000345, 7718.092285,
          -0.000303, -0.005889, 0.999983, 461.059540,
          0.000000, 0.000000, 0.000000, 1.000000
        ),
      [
        ["SurfaceControl", "PutonGround"],
        ["Affiliation", "NEUTRAL"],
        ["Route", []],
        ["FakeShadowOffset", 0.090000]
      ]
    ],

    [
      "Dubrova_USRHouseWood_2",
      "InteriorObject",
      "CUSRHouseWoodUnit",
      new Matrix(
          -0.988249, 0.152023, 0.015905, 5514.704590,
          -0.151297, -0.987688, 0.039778, 7789.174316,
          0.021757, 0.036904, 0.999082, 459.975189,
          0.000000, 0.000000, 0.000000, 1.000000
        ),
      [
        ["SurfaceControl", "PutonGround"],
        ["Affiliation", "NEUTRAL"],
        ["Route", []],
        ["FakeShadowOffset", 0.090000]
      ]
    ],

    [
      "Dubrova_USRHouseWood_3",
      "InteriorObject",
      "CUSRHouseWoodUnit",
      new Matrix(
          0.999983, -0.005743, -0.000024, 5529.888184,
          0.005743, 0.999983, -0.000619, 7719.845703,
          0.000027, 0.000619, 1.000000, 461.167603,
          0.000000, 0.000000, 0.000000, 1.000000
        ),
      [
        ["SurfaceControl", "PutonGround"],
        ["Affiliation", "NEUTRAL"],
        ["Route", []],
        ["FakeShadowOffset", 0.090000]
      ]
    ],

    [
      "Dubrova_USRHouseWood_4",
      "InteriorObject",
      "CUSRHouseWoodUnit",
      new Matrix(
          -0.999586, -0.027767, 0.007574, 5577.976074,
          0.027831, -0.999576, 0.008546, 7739.791504,
          0.007334, 0.008753, 0.999935, 460.941345,
          0.000000, 0.000000, 0.000000, 1.000000
        ),
      [
        ["SurfaceControl", "PutonGround"],
        ["Affiliation", "NEUTRAL"],
        ["Route", []],
        ["FakeShadowOffset", 0.090000]
      ]
    ],

    [
      "Dubrova_USRHouseWood_5",
      "InteriorObject",
      "CUSRHouseWoodUnit",
      new Matrix(
          -0.999210, 0.039736, -0.000004, 5582.743652,
          -0.039731, -0.999083, -0.015938, 7683.544434,
          -0.000637, -0.015925, 0.999873, 460.850739,
          0.000000, 0.000000, 0.000000, 1.000000
        ),
      [
        ["SurfaceControl", "PutonGround"],
        ["Affiliation", "NEUTRAL"],
        ["Route", []],
        ["FakeShadowOffset", 0.090000]
      ]
    ],

    [
      "Dubrova_USRHouseWood_6",
      "InteriorObject",
      "CUSRHouseWoodUnit",
      new Matrix(
          0.998283, -0.058568, 0.000902, 5590.705566,
          0.058574, 0.998245, -0.008695, 7609.221191,
          -0.000391, 0.008733, 0.999962, 459.750000,
          0.000000, 0.000000, 0.000000, 1.000000
        ),
      [
        ["SurfaceControl", "PutonGround"],
        ["Affiliation", "NEUTRAL"],
        ["Route", []],
        ["FakeShadowOffset", 0.090000]
      ]
    ],

    [
      "Dubrova_USRHouseWood_7",
      "InteriorObject",
      "CUSRHouseWoodUnit",
      new Matrix(
          -0.997299, 0.073447, -0.000000, 5557.765625,
          -0.073445, -0.997267, -0.007961, 7696.094238,
          -0.000585, -0.007939, 0.999968, 461.005524,
          0.000000, 0.000000, 0.000000, 1.000000
        ),
      [
        ["SurfaceControl", "PutonGround"],
        ["Affiliation", "NEUTRAL"],
        ["Route", []],
        ["FakeShadowOffset", 0.090000]
      ]
    ],

    [
      "Dubrova_USRShedWood_1",
      "InteriorObject",
      "CUSRShedWoodUnit",
      new Matrix(
          0.992527, -0.121972, 0.003598, 5606.857422,
          0.122007, 0.992454, -0.012257, 7629.227051,
          -0.002076, 0.012605, 0.999918, 459.968384,
          0.000000, 0.000000, 0.000000, 1.000000
        ),
      [
        ["SurfaceControl", "PutonGround"],
        ["Affiliation", "NEUTRAL"],
        ["Route", []],
        ["FakeShadowOffset", 0.090000]
      ]
    ],

    [
      "Dubrova_USRShedWood_2",
      "InteriorObject",
      "CUSRShedWoodUnit",
      new Matrix(
          0.084310, -0.996430, 0.004395, 5539.619141,
          0.995889, 0.084409, 0.032864, 7765.066895,
          -0.033117, 0.001606, 0.999450, 460.648773,
          0.000000, 0.000000, 0.000000, 1.000000
        ),
      [
        ["SurfaceControl", "PutonGround"],
        ["Affiliation", "NEUTRAL"],
        ["Route", []],
        ["FakeShadowOffset", 0.090000]
      ]
    ],

    [
      "Dubrova_USRShedWood_3",
      "InteriorObject",
      "CUSRShedWoodUnit",
      new Matrix(
          0.075656, 0.997134, 0.000000, 5597.302246,
          -0.997134, 0.075656, 0.000000, 7670.005859,
          0.000000, 0.000000, 1.000000, 460.687836,
          0.000000, 0.000000, 0.000000, 1.000000
        ),
      [
        ["SurfaceControl", "PutonGroundLandingJoints"],
        ["Affiliation", "NEUTRAL"],
        ["Route", []],
        ["FakeShadowOffset", 0.090000]
      ]
    ],

    [
      "Dubrova_USRShedWood_4",
      "InteriorObject",
      "CUSRShedWoodUnit",
      new Matrix(
          -0.998268, 0.058200, 0.008603, 5522.839355,
          -0.057951, -0.997960, 0.026782, 7762.412109,
          0.010144, 0.026237, 0.999604, 460.791626,
          0.000000, 0.000000, 0.000000, 1.000000
        ),
      [
        ["SurfaceControl", "PutonGround"],
        ["Affiliation", "NEUTRAL"],
        ["Route", []],
        ["FakeShadowOffset", 0.090000]
      ]
    ],

    [
      "Dubrova_USRShedWood_5",
      "InteriorObject",
      "CUSRShedWoodUnit",
      new Matrix(
          -0.991755, 0.128142, -0.001317, 5562.944824,
          -0.128121, -0.991700, -0.010778, 7651.258789,
          -0.002687, -0.010521, 0.999941, 460.296753,
          0.000000, 0.000000, 0.000000, 1.000000
        ),
      [
        ["SurfaceControl", "PutonGround"],
        ["Affiliation", "NEUTRAL"],
        ["Route", []],
        ["FakeShadowOffset", 0.090000]
      ]
    ],

    [
      "Dubrova_WaterWell_1_1",
      "InteriorObject",
      "CWaterWell_1Unit",
      new Matrix(
          -0.760179, -0.649714, 0.000000, 5592.241699,
          0.649714, -0.760179, 0.000000, 7726.626465,
          0.000000, 0.000000, 1.000000, 461.014160,
          0.000000, 0.000000, 0.000000, 1.000000
        ),
      [
        ["SurfaceControl", "PutonGroundUpright"],
        ["Affiliation", "NEUTRAL"],
        ["Route", []],
        ["ShadowPlaneOffset", 0.050000]
      ]
    ],

    [
      "Dubrova_WaterWell_2_1",
      "InteriorObject",
      "CWaterWell_2Unit",
      new Matrix(
          0.742032, 0.670363, 0.001431, 5592.495117,
          -0.670364, 0.742027, 0.002683, 7726.517090,
          0.000737, -0.002950, 0.999995, 461.015015,
          0.000000, 0.000000, 0.000000, 1.000000
        ),
      [
        ["SurfaceControl", "PutonGround"]
      ]
    ],

    [
      "Dubrova_FenceWicker_42",
      "InteriorObject",
      "CFenceWickerUnit",
      new Matrix(
          -0.086110, -0.996286, 0.000000, 5646.467285,
          0.996286, -0.086110, 0.000000, 7420.291992,
          0.000000, 0.000000, 1.000000, 459.239044,
          0.000000, 0.000000, 0.000000, 1.000000
        ),
      [
        ["SurfaceControl", "PutonGround"],
        ["Length", 3]
      ]
    ],

    [
      "Dubrova_FenceWicker_43",
      "InteriorObject",
      "CFenceWickerUnit",
      new Matrix(
          0.997197, -0.074818, 0.000000, 5614.202637,
          0.074818, 0.997197, 0.000000, 7424.035156,
          0.000000, 0.000000, 1.000000, 459.480042,
          0.000000, 0.000000, 0.000000, 1.000000
        ),
      [
        ["SurfaceControl", "PutonGround"],
        ["Length", 8]
      ]
    ],

    [
      "Dubrova_FenceWicker_44",
      "InteriorObject",
      "CFenceWickerUnit",
      new Matrix(
          -0.998349, -0.057443, 0.000000, 5601.268066,
          0.057443, -0.998349, 0.000000, 7395.997070,
          0.000000, 0.000000, 1.000000, 459.584991,
          0.000000, 0.000000, 0.000000, 1.000000
        ),
      [
        ["SurfaceControl", "PutonGround"],
        ["Length", 9]
      ]
    ],

    [
      "Dubrova_FenceWicker_45",
      "InteriorObject",
      "CFenceWickerUnit",
      new Matrix(
          -0.018357, 0.999831, 0.000000, 5576.758301,
          -0.999831, -0.018357, 0.000000, 7410.209473,
          0.000000, 0.000000, 1.000000, 459.584259,
          0.000000, 0.000000, 0.000000, 1.000000
        ),
      [
        ["Length", 3],
        ["SurfaceControl", "PutonGround"]
      ]
    ],

    [
      "Dubrova_FenceWicker_46",
      "InteriorObject",
      "CFenceWickerUnit",
      new Matrix(
          -0.993925, -0.110055, 0.000000, 5586.884277,
          0.110055, -0.993925, 0.000000, 7419.531250,
          0.000000, 0.000000, 1.000000, 459.549988,
          0.000000, 0.000000, 0.000000, 1.000000
        ),
      [
        ["SurfaceControl", "PutonGround"],
        ["Length", 7]
      ]
    ],

    [
      "Dubrova_FenceWicker_47",
      "InteriorObject",
      "CFenceWickerUnit",
      new Matrix(
          -0.003281, 0.999995, 0.000000, 5576.946777,
          -0.999995, -0.003281, 0.000000, 7420.645508,
          0.000000, 0.000000, 1.000000, 459.604034,
          0.000000, 0.000000, 0.000000, 1.000000
        ),
      [
        ["Length", 3],
        ["SurfaceControl", "PutonGround"]
      ]
    ],

    [
      "Dubrova_FenceWicker_48",
      "InteriorObject",
      "CFenceWickerUnit",
      new Matrix(
          -0.994107, -0.108404, 0.000000, 5602.785645,
          0.108404, -0.994107, 0.000000, 7417.848633,
          0.000000, 0.000000, 1.000000, 459.517883,
          0.000000, 0.000000, 0.000000, 1.000000
        ),
      [
        ["SurfaceControl", "PutonGround"],
        ["Length", 8]
      ]
    ],

    [
      "Dubrova_FenceWicker_49",
      "InteriorObject",
      "CFenceWickerUnit",
      new Matrix(
          0.068448, -0.997655, 0.000000, 5601.059082,
          0.997655, 0.068448, 0.000000, 7396.057617,
          0.000000, 0.000000, 1.000000, 459.584503,
          0.000000, 0.000000, 0.000000, 1.000000
        ),
      [
        ["SurfaceControl", "PutonGround"],
        ["Length", 11]
      ]
    ],

    [
      "Dubrova_FenceWicker_50",
      "InteriorObject",
      "CFenceWickerUnit",
      new Matrix(
          -0.015289, 0.999883, 0.000000, 5573.257813,
          -0.999883, -0.015289, 0.000000, 7428.978516,
          0.000000, 0.000000, 1.000000, 459.620026,
          0.000000, 0.000000, 0.000000, 1.000000
        ),
      [
        ["Length", 4],
        ["SurfaceControl", "PutonGround"]
      ]
    ],

    [
      "Dubrova_FenceWicker_51",
      "InteriorObject",
      "CFenceWickerUnit",
      new Matrix(
          0.050744, -0.998712, 0.000000, 5596.118164,
          0.998712, 0.050744, 0.000000, 7418.532715,
          0.000000, 0.000000, 1.000000, 459.549988,
          0.000000, 0.000000, 0.000000, 1.000000
        ),
      [
        ["SurfaceControl", "PutonGround"],
        ["Length", 12]
      ]
    ],

    [
      "Dubrova_FenceWicker_52",
      "InteriorObject",
      "CFenceWickerUnit",
      new Matrix(
          -0.999188, -0.040291, 0.000000, 5597.685547,
          0.040291, -0.999188, 0.000000, 7442.199219,
          0.000000, 0.000000, 1.000000, 459.487610,
          0.000000, 0.000000, 0.000000, 1.000000
        ),
      [
        ["SurfaceControl", "PutonGround"],
        ["Length", 12]
      ]
    ],

    [
      "Dubrova_FenceWicker_53",
      "InteriorObject",
      "CFenceWickerUnit",
      new Matrix(
          0.066942, 0.997757, 0.000000, 5648.725098,
          -0.997757, 0.066942, 0.000000, 7413.015137,
          0.000000, 0.000000, 1.000000, 459.221100,
          0.000000, 0.000000, 0.000000, 1.000000
        ),
      [
        ["Length", 3],
        ["SurfaceControl", "PutonGround"]
      ]
    ],

    [
      "Dubrova_FenceWicker_54",
      "InteriorObject",
      "CFenceWickerUnit",
      new Matrix(
          -0.037018, 0.999315, 0.000000, 5573.709473,
          -0.999315, -0.037018, 0.000000, 7443.005859,
          0.000000, 0.000000, 1.000000, 459.619080,
          0.000000, 0.000000, 0.000000, 1.000000
        ),
      [
        ["Length", 5],
        ["SurfaceControl", "PutonGround"]
      ]
    ],

    [
      "Dubrova_FenceWicker_55",
      "InteriorObject",
      "CFenceWickerUnit",
      new Matrix(
          -0.997874, 0.065176, 0.000000, 5562.438965,
          -0.065176, -0.997874, 0.000000, 7477.955566,
          0.000000, 0.000000, 1.000000, 459.558258,
          0.000000, 0.000000, 0.000000, 1.000000
        ),
      [
        ["SurfaceControl", "PutonGround"],
        ["Length", 12]
      ]
    ],

    [
      "Dubrova_FenceWicker_56",
      "InteriorObject",
      "CFenceWickerUnit",
      new Matrix(
          -0.055494, -0.998459, 0.000000, 5562.347656,
          0.998459, -0.055494, 0.000000, 7477.937988,
          0.000000, 0.000000, 1.000000, 459.558960,
          0.000000, 0.000000, 0.000000, 1.000000
        ),
      [
        ["SurfaceControl", "PutonGround"],
        ["Length", 6]
      ]
    ],

    [
      "Dubrova_FenceWicker_57",
      "InteriorObject",
      "CFenceWickerUnit",
      new Matrix(
          -0.996254, 0.086473, 0.000000, 5554.991211,
          -0.086473, -0.996254, 0.000000, 7499.969238,
          0.000000, 0.000000, 1.000000, 459.620026,
          0.000000, 0.000000, 0.000000, 1.000000
        ),
      [
        ["SurfaceControl", "PutonGround"],
        ["Length", 9]
      ]
    ],

    [
      "Dubrova_FenceWicker_58",
      "InteriorObject",
      "CFenceWickerUnit",
      new Matrix(
          -0.065516, -0.997851, 0.000000, 5538.501953,
          0.997851, -0.065516, 0.000000, 7476.212891,
          0.000000, 0.000000, 1.000000, 459.620026,
          0.000000, 0.000000, 0.000000, 1.000000
        ),
      [
        ["SurfaceControl", "PutonGround"],
        ["Length", 11]
      ]
    ],

    [
      "Dubrova_FenceWicker_59",
      "InteriorObject",
      "CFenceWickerUnit",
      new Matrix(
          -0.053698, -0.998557, 0.000000, 5555.206543,
          0.998557, -0.053698, 0.000000, 7500.063477,
          0.000000, 0.000000, 1.000000, 459.620026,
          0.000000, 0.000000, 0.000000, 1.000000
        ),
      [
        ["SurfaceControl", "PutonGround"],
        ["Length", 3]
      ]
    ],

    [
      "Dubrova_FenceWicker_60",
      "InteriorObject",
      "CFenceWickerUnit",
      new Matrix(
          -0.033357, -0.999443, 0.000000, 5561.407227,
          0.999443, -0.033357, 0.000000, 7517.824707,
          0.000000, 0.000000, 1.000000, 459.549988,
          0.000000, 0.000000, 0.000000, 1.000000
        ),
      [
        ["SurfaceControl", "PutonGround"],
        ["Length", 3]
      ]
    ],

    [
      "Dubrova_FenceWicker_61",
      "InteriorObject",
      "CFenceWickerUnit",
      new Matrix(
          -0.997829, 0.065863, 0.000000, 5561.405762,
          -0.065863, -0.997829, 0.000000, 7523.767578,
          0.000000, 0.000000, 1.000000, 459.552643,
          0.000000, 0.000000, 0.000000, 1.000000
        ),
      [
        ["SurfaceControl", "PutonGround"],
        ["Length", 9]
      ]
    ],

    [
      "Dubrova_FenceWicker_62",
      "InteriorObject",
      "CFenceWickerUnit",
      new Matrix(
          0.078897, 0.996883, 0.000000, 5538.310547,
          -0.996883, 0.078897, 0.000000, 7512.465332,
          0.000000, 0.000000, 1.000000, 459.620026,
          0.000000, 0.000000, 0.000000, 1.000000
        ),
      [
        ["SurfaceControl", "PutonGround"],
        ["Length", 7]
      ]
    ],

    [
      "Dubrova_FenceWicker_63",
      "InteriorObject",
      "CFenceWickerUnit",
      new Matrix(
          -0.999679, 0.025318, 0.000000, 5599.308594,
          -0.025318, -0.999679, 0.000000, 7463.492676,
          0.000000, 0.000000, 1.000000, 459.462067,
          0.000000, 0.000000, 0.000000, 1.000000
        ),
      [
        ["SurfaceControl", "PutonGround"],
        ["Length", 13]
      ]
    ],

    [
      "Dubrova_FenceWicker_64",
      "InteriorObject",
      "CFenceWickerUnit",
      new Matrix(
          -0.997444, 0.071452, 0.000000, 5646.004395,
          -0.071452, -0.997444, 0.000000, 7426.191406,
          0.000000, 0.000000, 1.000000, 459.220001,
          0.000000, 0.000000, 0.000000, 1.000000
        ),
      [
        ["SurfaceControl", "PutonGround"],
        ["Length", 8]
      ]
    ],
