//-------------------------------------------------------------------
//                                                                   
//  This code is copyright 2001 by G5 Software.                      
//  Any unauthorized usage, either in part or in whole of this code  
//  is strictly prohibited. Violators WILL be prosecuted to the      
//  maximum extent allowed by law.                                   
//                                                                   
//-------------------------------------------------------------------
//                                                                   
//  Automatically-generated mission script file                      
//  DO NOT EDIT!                                                     
//                                                                   
//-------------------------------------------------------------------


class CC5M3Content
{
  static String m_ObjectListClassFile = "Missions/CustomMissions/Panther_M3/Content.script";
  static String m_ObjectListClassName = "CC5M3Content";

  static Array  m_MissionObjectList   = [
    [
      "Atmosphere",
      "",
      "",
      new Matrix(
          1.000000, 0.000000, 0.000000, 0.000000,
          0.000000, 1.000000, 0.000000, 0.000000,
          0.000000, 0.000000, 1.000000, 0.000000,
          0.000000, 0.000000, 0.000000, 1.000000
        ),
      [
        ["FogColorXPos", new Color(0.627451, 0.627451, 0.627451, 1.000000)],
        ["FogColorXNeg", new Color(0.627451, 0.627451, 0.627451, 1.000000)],
        ["FogColorYPos", new Color(0.627451, 0.627451, 0.627451, 1.000000)],
        ["FogColorYNeg", new Color(0.627451, 0.627451, 0.627451, 1.000000)],
        ["FogNear", 1000.000000],
        ["FogFar", 5000.000000],
        ["FogFarMax", 6000.000000],
        ["EnableHorizontAdjustment", true],
        ["SunColor", new Color(0.682353, 0.682353, 0.682353, 1.000000)],
        ["SunIntensity", 1.300000],
        ["AntiSunColor", new Color(0.576471, 0.592157, 0.666667, 1.000000)],
        ["AntiSunIntensity", 0.500000],
        ["AntiSunAngle", 30.000000],
        ["SunDirection", new Vector(-0.005952, -0.155542, -0.305348)],
        ["AmbientLight", new Color(0.384314, 0.384314, 0.458824, 1.000000)],
        ["ShadowColor", new Color(0.521569, 0.521569, 0.521569, 1.000000)],
        ["FogMode", "Linear"],
        ["FogDensity", 0.000400],
        ["TreeLightKoef", 0.000000],
        ["TreeNormalRelax", 0.000000],
        ["StencilShadowColor", new Color(0.525490, 0.525490, 0.525490, 1.000000)],
        ["AntiSunHorAngle", 105.000000]
      ]
    ],

    [
      "Terrain",
      "",
      "",
      new Matrix(
          1.000000, 0.000000, 0.000000, 0.000000,
          0.000000, 1.000000, 0.000000, 0.000000,
          0.000000, 0.000000, 1.000000, 0.000000,
          0.000000, 0.000000, 0.000000, 1.000000
        ),
      [
        ["ForestTextureScale", 2.000000],
        ["ForestShadowBorderScale", 0.400000],
        ["ForestShadowAlphaScale", 0.500000],
        ["VertForestDistMin", 800.000000],
        ["VertForestDistMax", 2000.000000],
        ["VertForestAngleMin", 0.000000],
        ["VertForestAngleMax", 45.000000],
        ["VertForestBeginFadeDist", [250.000000, 410.000000]],
        ["TerrainShadowPower", 2.000000],
        ["IsAntiLighting", true],
        ["NormalNoise", 0.250000],
        ["WaterBorderColor", new Color(0.556863, 0.494118, 0.443137, 1.000000)],
        ["ForestAlphaScale", 1.000000],
        ["FakeForestBeginFadeDist", [100.000000, 1600.000000]]
      ]
    ],

    [
      "MainPlayerUnit",
      "GameObject",
      "CTank_Panther_D_PlayableUnit",
      new Matrix(
          0.734389, 0.678239, -0.025782, 6152.312988,
          -0.678679, 0.734264, -0.015827, 7263.800293,
          0.008196, 0.029121, 0.999542, 410.619019,
          0.000000, 0.000000, 0.000000, 1.000000
        ),
      [
        ["IsPlayer", true],
        ["IsManual", true],
        ["Affiliation", "FRIEND"],
        ["Number", "711"],
        ["Markings", "PAN52"],
        ["K_RINGS", "19"],
        ["SurfaceControl", "None"],
        ["Flag", false]
      ]
    ],

    [
      "Panther_D_714",
      "GameObject",
      "CTank_Panther_D_AIUnit",
      new Matrix(
          0.797215, 0.595677, -0.098068, 6125.913574,
          -0.589915, 0.803180, 0.083076, 7277.375000,
          0.128252, -0.008378, 0.991706, 407.858978,
          0.000000, 0.000000, 0.000000, 1.000000
        ),
      [
        ["Affiliation", "FRIEND"],
        ["Markings", "PAN52"],
        ["Number", "714"],
        ["K_RINGS", "19"],
        ["Task", "CC5M3_WingmanTask"],
        ["SurfaceControl", "PutonGroundLandingJoints"],
        ["InstantWingman", true],
        ["WingmanRank", 1],
        ["LeaderID", "MainPlayerUnit"],
        ["HomePoint", ""],
        ["EnemyReactionType", "ERT_AGGRESSIVE"],
        ["Flag", false]
      ]
    ],

    [
      "Vil_1_FenceWicker_1",
      "InteriorObject",
      "CFenceWickerUnit",
      new Matrix(
          -0.768382, -0.639992, 0.000000, 3768.196533,
          0.639992, -0.768382, 0.000000, 10230.831055,
          0.000000, 0.000000, 1.000000, 417.997864,
          0.000000, 0.000000, 0.000000, 1.000000
        ),
      [
        ["SurfaceControl", "PutonGround"],
        ["Length", 3]
      ]
    ],

    [
      "Vil_1_FenceWicker_2",
      "InteriorObject",
      "CFenceWickerUnit",
      new Matrix(
          -0.674653, -0.738135, 0.000000, 3785.687500,
          0.738135, -0.674653, 0.000000, 10246.454102,
          0.000000, 0.000000, 1.000000, 418.923035,
          0.000000, 0.000000, 0.000000, 1.000000
        ),
      [
        ["SurfaceControl", "PutonGround"],
        ["Length", 12]
      ]
    ],

    [
      "Vil_1_FenceWicker_3",
      "InteriorObject",
      "CFenceWickerUnit",
      new Matrix(
          -0.740307, 0.672269, 0.000000, 3786.115723,
          -0.672269, -0.740307, 0.000000, 10246.829102,
          0.000000, 0.000000, 1.000000, 418.960114,
          0.000000, 0.000000, 0.000000, 1.000000
        ),
      [
        ["SurfaceControl", "PutonGround"],
        ["Length", 12]
      ]
    ],

    [
      "Vil_1_FenceWicker_4",
      "InteriorObject",
      "CFenceWickerUnit",
      new Matrix(
          0.754741, 0.656023, 0.000000, 3757.017578,
          -0.656023, 0.754741, 0.000000, 10275.263672,
          0.000000, 0.000000, 1.000000, 418.495422,
          0.000000, 0.000000, 0.000000, 1.000000
        ),
      [
        ["Length", 3],
        ["SurfaceControl", "PutonGround"]
      ]
    ],

    [
      "Vil_1_FenceWicker_5",
      "InteriorObject",
      "CFenceWickerUnit",
      new Matrix(
          0.682765, 0.730638, 0.000000, 3677.452393,
          -0.730638, 0.682765, 0.000000, 10239.357422,
          0.000000, 0.000000, 1.000000, 417.756775,
          0.000000, 0.000000, 0.000000, 1.000000
        ),
      [
        ["Length", 5],
        ["SurfaceControl", "PutonGround"]
      ]
    ],

    [
      "Vil_1_FenceWicker_6",
      "InteriorObject",
      "CFenceWickerUnit",
      new Matrix(
          -0.643859, 0.765144, 0.000000, 3649.951172,
          -0.765144, -0.643859, 0.000000, 10261.005859,
          0.000000, 0.000000, 1.000000, 418.328674,
          0.000000, 0.000000, 0.000000, 1.000000
        ),
      [
        ["SurfaceControl", "PutonGround"],
        ["Length", 12]
      ]
    ],

    [
      "Vil_1_FenceWicker_7",
      "InteriorObject",
      "CFenceWickerUnit",
      new Matrix(
          -0.741405, -0.671058, 0.000000, 3649.921143,
          0.671058, -0.741405, 0.000000, 10260.960938,
          0.000000, 0.000000, 1.000000, 418.328430,
          0.000000, 0.000000, 0.000000, 1.000000
        ),
      [
        ["SurfaceControl", "PutonGround"],
        ["Length", 6]
      ]
    ],

    [
      "Vil_1_FenceWicker_8",
      "InteriorObject",
      "CFenceWickerUnit",
      new Matrix(
          -0.624459, 0.781058, 0.000000, 3629.247314,
          -0.781058, -0.624459, 0.000000, 10271.524414,
          0.000000, 0.000000, 1.000000, 418.673767,
          0.000000, 0.000000, 0.000000, 1.000000
        ),
      [
        ["SurfaceControl", "PutonGround"],
        ["Length", 9]
      ]
    ],

    [
      "Vil_1_FenceWicker_9",
      "InteriorObject",
      "CFenceWickerUnit",
      new Matrix(
          -0.747017, -0.664805, 0.000000, 3634.112793,
          0.664805, -0.747017, 0.000000, 10243.002930,
          0.000000, 0.000000, 1.000000, 418.743073,
          0.000000, 0.000000, 0.000000, 1.000000
        ),
      [
        ["SurfaceControl", "PutonGround"],
        ["Length", 11]
      ]
    ],

    [
      "Vil_1_FenceWicker_10",
      "InteriorObject",
      "CFenceWickerUnit",
      new Matrix(
          -0.741839, -0.670578, 0.000000, 3629.313965,
          0.670578, -0.741839, 0.000000, 10271.719727,
          0.000000, 0.000000, 1.000000, 418.681549,
          0.000000, 0.000000, 0.000000, 1.000000
        ),
      [
        ["SurfaceControl", "PutonGround"],
        ["Length", 3]
      ]
    ],

    [
      "Vil_1_FenceWicker_11",
      "InteriorObject",
      "CFenceWickerUnit",
      new Matrix(
          -0.726353, -0.687322, 0.000000, 3621.257813,
          0.687322, -0.726353, 0.000000, 10288.766602,
          0.000000, 0.000000, 1.000000, 419.247803,
          0.000000, 0.000000, 0.000000, 1.000000
        ),
      [
        ["SurfaceControl", "PutonGround"],
        ["Length", 3]
      ]
    ],

    [
      "Vil_1_FenceWicker_12",
      "InteriorObject",
      "CFenceWickerUnit",
      new Matrix(
          0.656345, -0.754461, 0.000000, 3729.705566,
          0.754461, 0.656345, 0.000000, 10262.453125,
          0.000000, 0.000000, 1.000000, 418.507629,
          0.000000, 0.000000, 0.000000, 1.000000
        ),
      [
        ["SurfaceControl", "PutonGround"],
        ["Length", 8]
      ]
    ],

    [
      "Vil_1_FenceWicker_13",
      "InteriorObject",
      "CFenceWickerUnit",
      new Matrix(
          -0.639158, 0.769075, 0.000000, 3617.103516,
          -0.769075, -0.639158, 0.000000, 10292.953125,
          0.000000, 0.000000, 1.000000, 419.216003,
          0.000000, 0.000000, 0.000000, 1.000000
        ),
      [
        ["SurfaceControl", "PutonGround"],
        ["Length", 9]
      ]
    ],

    [
      "Vil_1_FenceWicker_14",
      "InteriorObject",
      "CFenceWickerUnit",
      new Matrix(
          0.757433, 0.652913, 0.000000, 3608.578369,
          -0.652913, 0.757433, 0.000000, 10268.719727,
          0.000000, 0.000000, 1.000000, 419.330017,
          0.000000, 0.000000, 0.000000, 1.000000
        ),
      [
        ["SurfaceControl", "PutonGround"],
        ["Length", 7]
      ]
    ],

    [
      "Vil_1_FenceWicker_15",
      "InteriorObject",
      "CFenceWickerUnit",
      new Matrix(
          -0.688294, 0.725432, 0.000000, 3704.639648,
          -0.725432, -0.688294, 0.000000, 10295.075195,
          0.000000, 0.000000, 1.000000, 419.115417,
          0.000000, 0.000000, 0.000000, 1.000000
        ),
      [
        ["SurfaceControl", "PutonGround"],
        ["Length", 13]
      ]
    ],

    [
      "Vil_1_FenceWicker_16",
      "InteriorObject",
      "CFenceWickerUnit",
      new Matrix(
          -0.658575, 0.752515, 0.000000, 3750.811035,
          -0.752515, -0.658575, 0.000000, 10286.215820,
          0.000000, 0.000000, 1.000000, 419.061218,
          0.000000, 0.000000, 0.000000, 1.000000
        ),
      [
        ["SurfaceControl", "PutonGround"],
        ["Length", 8]
      ]
    ],

    [
      "Vil_1_FenceWicker_17",
      "InteriorObject",
      "CFenceWickerUnit",
      new Matrix(
          0.741843, 0.670573, 0.000000, 3679.280273,
          -0.670573, 0.741843, 0.000000, 10282.927734,
          0.000000, 0.000000, 1.000000, 418.953400,
          0.000000, 0.000000, 0.000000, 1.000000
        ),
      [
        ["SurfaceControl", "PutonGround"],
        ["Length", 5]
      ]
    ],

    [
      "Vil_1_FenceWicker_18",
      "InteriorObject",
      "CFenceWickerUnit",
      new Matrix(
          0.741362, 0.671105, 0.000000, 3692.862793,
          -0.671105, 0.741362, 0.000000, 10305.778320,
          0.000000, 0.000000, 1.000000, 419.677917,
          0.000000, 0.000000, 0.000000, 1.000000
        ),
      [
        ["SurfaceControl", "PutonGround"],
        ["Length", 8]
      ]
    ],

    [
      "Vil_1_FenceWicker_19",
      "InteriorObject",
      "CFenceWickerUnit",
      new Matrix(
          0.742788, 0.669526, 0.000000, 3682.490723,
          -0.669526, 0.742788, 0.000000, 10315.306641,
          0.000000, 0.000000, 1.000000, 419.545807,
          0.000000, 0.000000, 0.000000, 1.000000
        ),
      [
        ["SurfaceControl", "PutonGround"],
        ["Length", 7]
      ]
    ],

    [
      "Vil_1_FenceWicker_20",
      "InteriorObject",
      "CFenceWickerUnit",
      new Matrix(
          0.688036, -0.725677, 0.000000, 3671.351563,
          0.725677, 0.688036, 0.000000, 10304.144531,
          0.000000, 0.000000, 1.000000, 419.365387,
          0.000000, 0.000000, 0.000000, 1.000000
        ),
      [
        ["SurfaceControl", "PutonGround"],
        ["Length", 8]
      ]
    ],

    [
      "Vil_1_FenceWicker_21",
      "InteriorObject",
      "CFenceWickerUnit",
      new Matrix(
          -0.823415, -0.567439, 0.000000, 3677.320557,
          0.567439, -0.823415, 0.000000, 10239.231445,
          0.000000, 0.000000, 1.000000, 417.754578,
          0.000000, 0.000000, 0.000000, 1.000000
        ),
      [
        ["SurfaceControl", "PutonGround"],
        ["Length", 12]
      ]
    ],

    [
      "Vil_1_FenceWicker_22",
      "InteriorObject",
      "CFenceWickerUnit",
      new Matrix(
          0.931513, 0.363707, 0.000000, 3727.055420,
          -0.363707, 0.931513, 0.000000, 10297.314453,
          0.000000, 0.000000, 1.000000, 420.194122,
          0.000000, 0.000000, 0.000000, 1.000000
        ),
      [
        ["SurfaceControl", "PutonGround"],
        ["Length", 11]
      ]
    ],

    [
      "Vil_1_FenceWicker_23",
      "InteriorObject",
      "CFenceWickerUnit",
      new Matrix(
          -0.635892, 0.771778, 0.000000, 3657.727295,
          -0.771778, -0.635892, 0.000000, 10253.036133,
          0.000000, 0.000000, 1.000000, 418.472961,
          0.000000, 0.000000, 0.000000, 1.000000
        ),
      [
        ["SurfaceControl", "PutonGround"],
        ["Length", 9]
      ]
    ],

    [
      "Vil_1_FenceWicker_24",
      "InteriorObject",
      "CFenceWickerUnit",
      new Matrix(
          -0.668430, 0.743775, 0.000000, 3647.280762,
          -0.743775, -0.668430, 0.000000, 10299.303711,
          0.000000, 0.000000, 1.000000, 419.089142,
          0.000000, 0.000000, 0.000000, 1.000000
        ),
      [
        ["SurfaceControl", "PutonGround"],
        ["Length", 8]
      ]
    ],

    [
      "Vil_1_FenceWicker_25",
      "InteriorObject",
      "CFenceWickerUnit",
      new Matrix(
          -0.691181, 0.722681, 0.000000, 3658.463135,
          -0.722681, -0.691181, 0.000000, 10310.753906,
          0.000000, 0.000000, 1.000000, 419.181183,
          0.000000, 0.000000, 0.000000, 1.000000
        ),
      [
        ["SurfaceControl", "PutonGround"],
        ["Length", 8]
      ]
    ],

    [
      "Vil_1_FenceWicker_26",
      "InteriorObject",
      "CFenceWickerUnit",
      new Matrix(
          0.831946, 0.554856, 0.000000, 3638.906494,
          -0.554856, 0.831946, 0.000000, 10324.275391,
          0.000000, 0.000000, 1.000000, 419.738953,
          0.000000, 0.000000, 0.000000, 1.000000
        ),
      [
        ["SurfaceControl", "PutonGround"],
        ["Length", 12]
      ]
    ],

    [
      "Vil_1_FenceWicker_27",
      "InteriorObject",
      "CFenceWickerUnit",
      new Matrix(
          -0.674416, 0.738352, 0.000000, 3638.980713,
          -0.738352, -0.674416, 0.000000, 10324.225586,
          0.000000, 0.000000, 1.000000, 419.731995,
          0.000000, 0.000000, 0.000000, 1.000000
        ),
      [
        ["SurfaceControl", "PutonGround"],
        ["Length", 8]
      ]
    ],

    [
      "Vil_1_FenceWicker_28",
      "InteriorObject",
      "CFenceWickerUnit",
      new Matrix(
          -0.622865, 0.782329, 0.000000, 3769.525879,
          -0.782329, -0.622865, 0.000000, 10264.093750,
          0.000000, 0.000000, 1.000000, 418.645020,
          0.000000, 0.000000, 0.000000, 1.000000
        ),
      [
        ["SurfaceControl", "PutonGround"],
        ["Length", 13]
      ]
    ],

    [
      "Vil_1_FenceWicker_29",
      "InteriorObject",
      "CFenceWickerUnit",
      new Matrix(
          -0.648593, 0.761136, 0.000000, 3628.447998,
          -0.761136, -0.648593, 0.000000, 10313.287109,
          0.000000, 0.000000, 1.000000, 419.276550,
          0.000000, 0.000000, 0.000000, 1.000000
        ),
      [
        ["SurfaceControl", "PutonGround"],
        ["Length", 7]
      ]
    ],

    [
      "Vil_1_FenceWicker_30",
      "InteriorObject",
      "CFenceWickerUnit",
      new Matrix(
          0.762967, 0.646438, 0.000000, 3619.149902,
          -0.646438, 0.762967, 0.000000, 10302.953125,
          0.000000, 0.000000, 1.000000, 419.394440,
          0.000000, 0.000000, 0.000000, 1.000000
        ),
      [
        ["SurfaceControl", "PutonGround"],
        ["Length", 4]
      ]
    ],

    [
      "Vil_1_FenceWicker_31",
      "InteriorObject",
      "CFenceWickerUnit",
      new Matrix(
          0.763144, 0.646229, 0.000000, 3763.490234,
          -0.646229, 0.763144, 0.000000, 10269.337891,
          0.000000, 0.000000, 1.000000, 418.603210,
          0.000000, 0.000000, 0.000000, 1.000000
        ),
      [
        ["SurfaceControl", "PutonGround"],
        ["Length", 4]
      ]
    ],

    [
      "Vil_1_FenceWicker_32",
      "InteriorObject",
      "CFenceWickerUnit",
      new Matrix(
          0.794084, 0.607808, 0.000000, 3729.884033,
          -0.607808, 0.794084, 0.000000, 10262.451172,
          0.000000, 0.000000, 1.000000, 418.499939,
          0.000000, 0.000000, 0.000000, 1.000000
        ),
      [
        ["SurfaceControl", "PutonGround"],
        ["Length", 15]
      ]
    ],

    [
      "Vil_1_FenceWicker_33",
      "InteriorObject",
      "CFenceWickerUnit",
      new Matrix(
          -0.766249, -0.642544, 0.000000, 3757.101074,
          0.642544, -0.766249, 0.000000, 10275.045898,
          0.000000, 0.000000, 1.000000, 418.499908,
          0.000000, 0.000000, 0.000000, 1.000000
        ),
      [
        ["SurfaceControl", "PutonGround"],
        ["Length", 3]
      ]
    ],

    [
      "Vil_1_FenceWicker_34",
      "InteriorObject",
      "CFenceWickerUnit",
      new Matrix(
          0.691551, 0.722328, 0.000000, 3673.354980,
          -0.722328, 0.691551, 0.000000, 10198.163086,
          0.000000, 0.000000, 1.000000, 417.440369,
          0.000000, 0.000000, 0.000000, 1.000000
        ),
      [
        ["Length", 3],
        ["SurfaceControl", "PutonGround"]
      ]
    ],

    [
      "Vil_1_FenceWicker_35",
      "InteriorObject",
      "CFenceWickerUnit",
      new Matrix(
          -0.659571, 0.751642, 0.000000, 3727.280029,
          -0.751642, -0.659571, 0.000000, 10297.435547,
          0.000000, 0.000000, 1.000000, 420.226868,
          0.000000, 0.000000, 0.000000, 1.000000
        ),
      [
        ["SurfaceControl", "PutonGround"],
        ["Length", 16]
      ]
    ],

    [
      "Vil_1_FenceWicker_36",
      "InteriorObject",
      "CFenceWickerUnit",
      new Matrix(
          0.790562, 0.612382, 0.000000, 3689.447021,
          -0.612382, 0.790562, 0.000000, 10227.913086,
          0.000000, 0.000000, 1.000000, 418.012970,
          0.000000, 0.000000, 0.000000, 1.000000
        ),
      [
        ["SurfaceControl", "PutonGround"],
        ["Length", 12]
      ]
    ],

    [
      "Vil_1_FenceWicker_37",
      "InteriorObject",
      "CFenceWickerUnit",
      new Matrix(
          -0.503064, 0.864249, 0.000000, 3689.574707,
          -0.864249, -0.503064, 0.000000, 10227.423828,
          0.000000, 0.000000, 1.000000, 417.992981,
          0.000000, 0.000000, 0.000000, 1.000000
        ),
      [
        ["SurfaceControl", "PutonGround"],
        ["Length", 7]
      ]
    ],

    [
      "Vil_1_FenceWicker_38",
      "InteriorObject",
      "CFenceWickerUnit",
      new Matrix(
          0.707046, 0.707167, 0.000000, 3710.115479,
          -0.707167, 0.707046, 0.000000, 10211.220703,
          0.000000, 0.000000, 1.000000, 417.724792,
          0.000000, 0.000000, 0.000000, 1.000000
        ),
      [
        ["Length", 3],
        ["SurfaceControl", "PutonGround"]
      ]
    ],

    [
      "Vil_1_FenceWicker_39",
      "InteriorObject",
      "CFenceWickerUnit",
      new Matrix(
          -0.598952, 0.800785, 0.000000, 3714.261719,
          -0.800785, -0.598952, 0.000000, 10207.066406,
          0.000000, 0.000000, 1.000000, 417.866150,
          0.000000, 0.000000, 0.000000, 1.000000
        ),
      [
        ["SurfaceControl", "PutonGround"],
        ["Length", 8]
      ]
    ],

    [
      "Vil_1_FenceWicker_40",
      "InteriorObject",
      "CFenceWickerUnit",
      new Matrix(
          -0.956484, 0.291783, 0.000000, 3704.470703,
          -0.291783, -0.956484, 0.000000, 10194.458984,
          0.000000, 0.000000, 1.000000, 417.850983,
          0.000000, 0.000000, 0.000000, 1.000000
        ),
      [
        ["SurfaceControl", "PutonGround"],
        ["Length", 11]
      ]
    ],

    [
      "Vil_1_FenceWicker_41",
      "InteriorObject",
      "CFenceWickerUnit",
      new Matrix(
          -0.749369, -0.662153, 0.000000, 3683.409180,
          0.662153, -0.749369, 0.000000, 10188.403320,
          0.000000, 0.000000, 1.000000, 417.921692,
          0.000000, 0.000000, 0.000000, 1.000000
        ),
      [
        ["Length", 4],
        ["SurfaceControl", "PutonGround"]
      ]
    ],

    [
      "Vil_1_TerrainPatch_1",
      "Locator",
      "CTerrainPatch",
      new Matrix(
          -0.874969, 0.484179, 0.000000, 3685.382080,
          -0.484179, -0.874969, 0.000000, 10244.093750,
          0.000000, 0.000000, 1.000000, 417.848541,
          0.000000, 0.000000, 0.000000, 1.000000
        ),
      [
        ["Dimensions", new Vector(160.000000, 160.000000, 7.093445)],
        ["TextureName", "Textures/V_Viso_le_micro.tex"],
        ["ZoneName", "Textures/V_Viso_le_zone.bmp"],
        ["BorderSize", 190.000000],
        ["MaterialID", "Village"]
      ]
    ],

    [
      "Vil_1_USRCorralWood_1",
      "InteriorObject",
      "CUSRCorralWoodUnit",
      new Matrix(
          -0.744748, -0.667266, -0.010298, 3682.772461,
          0.667255, -0.744305, -0.027934, 10300.207031,
          0.010975, -0.027675, 0.999557, 419.613678,
          0.000000, 0.000000, 0.000000, 1.000000
        ),
      [
        ["SurfaceControl", "PutonGround"],
        ["Affiliation", "NEUTRAL"],
        ["Route", []],
        ["ShadowPlaneOffset", 0.050000],
        ["FakeShadowOffset", 0.090000]
      ]
    ],

    [
      "Vil_1_USRCorralWood_2",
      "InteriorObject",
      "CUSRCorralWoodUnit",
      new Matrix(
          -0.740390, -0.671159, -0.036989, 3687.676270,
          0.670972, -0.741237, 0.019112, 10198.921875,
          -0.040245, -0.010668, 0.999133, 417.885834,
          0.000000, 0.000000, 0.000000, 1.000000
        ),
      [
        ["SurfaceControl", "PutonGround"],
        ["Affiliation", "NEUTRAL"],
        ["Route", []],
        ["ShadowPlaneOffset", 0.050000],
        ["FakeShadowOffset", 0.090000]
      ]
    ],

    [
      "Vil_1_USRCorralWood_3",
      "InteriorObject",
      "CUSRCorralWoodUnit",
      new Matrix(
          -0.645727, -0.763568, 0.000000, 3622.382568,
          0.763568, -0.645727, 0.000000, 10334.117188,
          0.000000, 0.000000, 1.000000, 419.934296,
          0.000000, 0.000000, 0.000000, 1.000000
        ),
      [
        ["SurfaceControl", "PutonGroundUpright"],
        ["Affiliation", "NEUTRAL"],
        ["Route", []],
        ["ShadowPlaneOffset", 0.050000],
        ["FakeShadowOffset", 0.090000]
      ]
    ],

    [
      "Vil_1_USRHouseWood_1",
      "GameObject",
      "CDotcha_2WoodUnit",
      new Matrix(
          -0.757607, -0.652711, 0.000000, 3658.718994,
          0.652711, -0.757607, 0.000000, 10244.248047,
          0.000000, 0.000000, 1.000000, 418.581848,
          0.000000, 0.000000, 0.000000, 1.000000
        ),
      [
        ["Affiliation", "NEUTRAL"]
      ]
    ],

    [
      "Vil_1_USRHouseWood_2",
      "GameObject",
      "CDotcha_2WoodUnit",
      new Matrix(
          0.617831, -0.786311, 0.000000, 3756.684570,
          0.786311, 0.617831, 0.000000, 10238.602539,
          0.000000, 0.000000, 1.000000, 418.218811,
          0.000000, 0.000000, 0.000000, 1.000000
        ),
      [
        ["Affiliation", "NEUTRAL"]
      ]
    ],

    [
      "Vil_1_USRHouseWood_3",
      "GameObject",
      "CDotcha_2WoodUnit",
      new Matrix(
          -0.726103, 0.687586, 0.000000, 3698.291016,
          -0.687586, -0.726103, 0.000000, 10278.882813,
          0.000000, 0.000000, 1.000000, 418.666107,
          0.000000, 0.000000, 0.000000, 1.000000
        ),
      [
        ["Affiliation", "NEUTRAL"]
      ]
    ],

    [
      "Vil_1_USRHouseWood_4",
      "GameObject",
      "CDotcha_2WoodUnit",
      new Matrix(
          0.746497, -0.665389, 0.000000, 3676.786377,
          0.665389, 0.746497, 0.000000, 10231.434570,
          0.000000, 0.000000, 1.000000, 417.859711,
          0.000000, 0.000000, 0.000000, 1.000000
        ),
      [
        ["Affiliation", "NEUTRAL"]
      ]
    ],

    [
      "Vil_1_USRHouseWood_5",
      "GameObject",
      "CDotcha_2WoodUnit",
      new Matrix(
          0.692793, -0.721136, 0.000000, 3634.910156,
          0.721136, 0.692793, 0.000000, 10269.273438,
          0.000000, 0.000000, 1.000000, 418.473541,
          0.000000, 0.000000, 0.000000, 1.000000
        ),
      [
        ["Affiliation", "NEUTRAL"]
      ]
    ],

    [
      "Vil_1_USRHouseWood_6",
      "GameObject",
      "CDotcha_2WoodUnit",
      new Matrix(
          -0.685305, 0.728256, 0.000000, 3578.327637,
          -0.728256, -0.685305, 0.000000, 10318.124023,
          0.000000, 0.000000, 1.000000, 420.001556,
          0.000000, 0.000000, 0.000000, 1.000000
        ),
      [
        ["Affiliation", "NEUTRAL"]
      ]
    ],

    [
      "Vil_1_USRHouseWood_7",
      "GameObject",
      "CDotcha_2WoodUnit",
      new Matrix(
          0.673522, -0.739167, 0.000000, 3661.717285,
          0.739167, 0.673522, 0.000000, 10277.174805,
          0.000000, 0.000000, 1.000000, 419.054260,
          0.000000, 0.000000, 0.000000, 1.000000
        ),
      [
        ["Affiliation", "NEUTRAL"]
      ]
    ],

    [
      "Vil_1_USRShedWood_1",
      "InteriorObject",
      "CUSRShedWoodUnit",
      new Matrix(
          -0.638864, 0.767525, 0.052514, 3580.195313,
          -0.769296, -0.636815, -0.051486, 10292.475586,
          -0.006075, -0.073291, 0.997292, 419.296692,
          0.000000, 0.000000, 0.000000, 1.000000
        ),
      [
        ["SurfaceControl", "PutonGround"],
        ["Affiliation", "NEUTRAL"],
        ["Route", []],
        ["ShadowPlaneOffset", 0.050000],
        ["FakeShadowOffset", 0.090000]
      ]
    ],

    [
      "Vil_1_USRShedWood_2",
      "InteriorObject",
      "CUSRShedWoodUnit",
      new Matrix(
          0.619363, 0.785104, 0.001333, 3722.045166,
          -0.785099, 0.619364, -0.002804, 10239.185547,
          -0.003027, 0.000690, 0.999995, 418.184753,
          0.000000, 0.000000, 0.000000, 1.000000
        ),
      [
        ["SurfaceControl", "PutonGround"],
        ["Affiliation", "NEUTRAL"],
        ["Route", []],
        ["ShadowPlaneOffset", 0.050000],
        ["FakeShadowOffset", 0.090000]
      ]
    ],

    [
      "Vil_1_USRShedWood_3",
      "InteriorObject",
      "CUSRShedWoodUnit",
      new Matrix(
          -0.736548, -0.676385, 0.000000, 3615.031738,
          0.676385, -0.736548, 0.000000, 10269.217773,
          0.000000, 0.000000, 1.000000, 418.884521,
          0.000000, 0.000000, 0.000000, 1.000000
        ),
      [
        ["SurfaceControl", "PutonGroundLandingJoints"],
        ["Affiliation", "NEUTRAL"],
        ["Route", []],
        ["ShadowPlaneOffset", 0.050000],
        ["FakeShadowOffset", 0.090000]
      ]
    ],

    [
      "Vil_1_USRShedWood_4",
      "InteriorObject",
      "CUSRShedWoodUnit",
      new Matrix(
          0.689797, -0.723910, 0.011605, 3732.486328,
          0.723967, 0.689834, -0.001080, 10252.593750,
          -0.007224, 0.009147, 0.999932, 418.169647,
          0.000000, 0.000000, 0.000000, 1.000000
        ),
      [
        ["SurfaceControl", "PutonGround"],
        ["Affiliation", "NEUTRAL"],
        ["Route", []],
        ["ShadowPlaneOffset", 0.050000],
        ["FakeShadowOffset", 0.090000]
      ]
    ],

    [
      "Vil_1_USRShedWood_5",
      "InteriorObject",
      "CUSRShedWoodUnit",
      new Matrix(
          0.626936, -0.778923, 0.015169, 3627.317871,
          0.778581, 0.627113, 0.023245, 10306.393555,
          -0.027619, -0.002763, 0.999615, 419.317200,
          0.000000, 0.000000, 0.000000, 1.000000
        ),
      [
        ["SurfaceControl", "PutonGround"],
        ["Affiliation", "NEUTRAL"],
        ["Route", []],
        ["ShadowPlaneOffset", 0.050000],
        ["FakeShadowOffset", 0.090000]
      ]
    ],

    [
      "Vil_1_WaterWell_1_1",
      "InteriorObject",
      "CWaterWell_1Unit",
      new Matrix(
          0.998984, -0.045069, 0.000000, 3657.381592,
          0.045069, 0.998984, 0.000000, 10231.312500,
          0.000000, 0.000000, 1.000000, 418.370972,
          0.000000, 0.000000, 0.000000, 1.000000
        ),
      [
        ["SurfaceControl", "PutonGroundUpright"],
        ["Affiliation", "NEUTRAL"],
        ["Route", []],
        ["ShadowPlaneOffset", 0.050000]
      ]
    ],

    [
      "Vil_1_WaterWell_2_1",
      "InteriorObject",
      "CWaterWell_2Unit",
      new Matrix(
          -0.998766, 0.010394, 0.048564, 3657.122559,
          -0.009767, -0.999866, 0.013130, 10231.219727,
          0.048694, 0.012640, 0.998734, 418.298096,
          0.000000, 0.000000, 0.000000, 1.000000
        ),
      [
        ["SurfaceControl", "PutonGround"]
      ]
    ],

    [
      "Vil_1_FenceWicker_42",
      "InteriorObject",
      "CFenceWickerUnit",
      new Matrix(
          0.744332, 0.667810, 0.000000, 3408.471680,
          -0.667810, 0.744332, 0.000000, 10417.941406,
          0.000000, 0.000000, 1.000000, 436.449860,
          0.000000, 0.000000, 0.000000, 1.000000
        ),
      [
        ["SurfaceControl", "PutonGround"],
        ["Length", 3]
      ]
    ],

    [
      "Vil_1_FenceWicker_43",
      "InteriorObject",
      "CFenceWickerUnit",
      new Matrix(
          -0.666181, 0.745790, 0.000000, 3434.597656,
          -0.745790, -0.666181, 0.000000, 10437.268555,
          0.000000, 0.000000, 1.000000, 434.165436,
          0.000000, 0.000000, 0.000000, 1.000000
        ),
      [
        ["SurfaceControl", "PutonGround"],
        ["Length", 8]
      ]
    ],

    [
      "Vil_1_FenceWicker_44",
      "InteriorObject",
      "CFenceWickerUnit",
      new Matrix(
          0.759788, -0.650171, 0.000000, 3424.885742,
          0.650171, 0.759788, 0.000000, 10466.577148,
          0.000000, 0.000000, 1.000000, 436.850281,
          0.000000, 0.000000, 0.000000, 1.000000
        ),
      [
        ["SurfaceControl", "PutonGround"],
        ["Length", 9]
      ]
    ],

    [
      "Vil_1_FenceWicker_45",
      "InteriorObject",
      "CFenceWickerUnit",
      new Matrix(
          -0.677462, -0.735557, 0.000000, 3452.499756,
          0.735557, -0.677462, 0.000000, 10472.946289,
          0.000000, 0.000000, 1.000000, 433.818390,
          0.000000, 0.000000, 0.000000, 1.000000
        ),
      [
        ["Length", 3],
        ["SurfaceControl", "PutonGround"]
      ]
    ],

    [
      "Vil_1_FenceWicker_46",
      "InteriorObject",
      "CFenceWickerUnit",
      new Matrix(
          0.791136, -0.611641, 0.000000, 3451.477051,
          0.611641, 0.791136, 0.000000, 10459.226563,
          0.000000, 0.000000, 1.000000, 433.426544,
          0.000000, 0.000000, 0.000000, 1.000000
        ),
      [
        ["SurfaceControl", "PutonGround"],
        ["Length", 7]
      ]
    ],

    [
      "Vil_1_FenceWicker_47",
      "InteriorObject",
      "CFenceWickerUnit",
      new Matrix(
          -0.687874, -0.725830, 0.000000, 3459.494141,
          0.725830, -0.687874, 0.000000, 10465.208984,
          0.000000, 0.000000, 1.000000, 432.744080,
          0.000000, 0.000000, 0.000000, 1.000000
        ),
      [
        ["Length", 3],
        ["SurfaceControl", "PutonGround"]
      ]
    ],

    [
      "Vil_1_FenceWicker_48",
      "InteriorObject",
      "CFenceWickerUnit",
      new Matrix(
          0.791337, -0.611380, 0.000000, 3438.714600,
          0.611380, 0.791337, 0.000000, 10449.579102,
          0.000000, 0.000000, 1.000000, 434.363922,
          0.000000, 0.000000, 0.000000, 1.000000
        ),
      [
        ["SurfaceControl", "PutonGround"],
        ["Length", 8]
      ]
    ],

    [
      "Vil_1_FenceWicker_49",
      "InteriorObject",
      "CFenceWickerUnit",
      new Matrix(
          0.636460, 0.771310, 0.000000, 3425.084229,
          -0.771310, 0.636460, 0.000000, 10466.672852,
          0.000000, 0.000000, 1.000000, 436.828766,
          0.000000, 0.000000, 0.000000, 1.000000
        ),
      [
        ["SurfaceControl", "PutonGround"],
        ["Length", 11]
      ]
    ],

    [
      "Vil_1_FenceWicker_50",
      "InteriorObject",
      "CFenceWickerUnit",
      new Matrix(
          -0.681154, -0.732140, 0.000000, 3467.878174,
          0.732140, -0.681154, 0.000000, 10461.635742,
          0.000000, 0.000000, 1.000000, 431.719666,
          0.000000, 0.000000, 0.000000, 1.000000
        ),
      [
        ["Length", 4],
        ["SurfaceControl", "PutonGround"]
      ]
    ],

    [
      "Vil_1_FenceWicker_51",
      "InteriorObject",
      "CFenceWickerUnit",
      new Matrix(
          0.721937, 0.691958, 0.000000, 3438.978516,
          -0.691958, 0.721937, 0.000000, 10449.362305,
          0.000000, 0.000000, 1.000000, 434.323914,
          0.000000, 0.000000, 0.000000, 1.000000
        ),
      [
        ["SurfaceControl", "PutonGround"],
        ["Length", 12]
      ]
    ],

    [
      "Vil_1_FenceWicker_52",
      "InteriorObject",
      "CFenceWickerUnit",
      new Matrix(
          0.765031, 0.643994, 0.000000, 3456.145752,
          -0.643994, 0.765031, 0.000000, 10432.545898,
          0.000000, 0.000000, 1.000000, 431.614899,
          0.000000, 0.000000, 0.000000, 1.000000
        ),
      [
        ["SurfaceControl", "PutonGround"],
        ["Length", 12]
      ]
    ],

    [
      "Vil_1_FenceWicker_53",
      "InteriorObject",
      "CFenceWickerUnit",
      new Matrix(
          -0.737768, -0.675054, 0.000000, 3401.852051,
          0.675054, -0.737768, 0.000000, 10421.710938,
          0.000000, 0.000000, 1.000000, 437.560089,
          0.000000, 0.000000, 0.000000, 1.000000
        ),
      [
        ["Length", 3],
        ["SurfaceControl", "PutonGround"]
      ]
    ],

    [
      "Vil_1_FenceWicker_54",
      "InteriorObject",
      "CFenceWickerUnit",
      new Matrix(
          -0.666106, -0.745857, 0.000000, 3477.131836,
          0.745857, -0.666106, 0.000000, 10451.081055,
          0.000000, 0.000000, 1.000000, 430.284210,
          0.000000, 0.000000, 0.000000, 1.000000
        ),
      [
        ["Length", 5],
        ["SurfaceControl", "PutonGround"]
      ]
    ],

    [
      "Vil_1_FenceWicker_55",
      "InteriorObject",
      "CFenceWickerUnit",
      new Matrix(
          0.691318, -0.722550, 0.000000, 3513.432373,
          0.722550, 0.691318, 0.000000, 10437.720703,
          0.000000, 0.000000, 1.000000, 426.641876,
          0.000000, 0.000000, 0.000000, 1.000000
        ),
      [
        ["SurfaceControl", "PutonGround"],
        ["Length", 12]
      ]
    ],

    [
      "Vil_1_FenceWicker_56",
      "InteriorObject",
      "CFenceWickerUnit",
      new Matrix(
          0.660626, 0.750715, 0.000000, 3513.603760,
          -0.750715, 0.660626, 0.000000, 10437.842773,
          0.000000, 0.000000, 1.000000, 426.628693,
          0.000000, 0.000000, 0.000000, 1.000000
        ),
      [
        ["SurfaceControl", "PutonGround"],
        ["Length", 6]
      ]
    ],

    [
      "Vil_1_FenceWicker_57",
      "InteriorObject",
      "CFenceWickerUnit",
      new Matrix(
          0.654723, -0.755869, 0.000000, 3529.725098,
          0.755869, 0.654723, 0.000000, 10422.280273,
          0.000000, 0.000000, 1.000000, 425.118713,
          0.000000, 0.000000, 0.000000, 1.000000
        ),
      [
        ["SurfaceControl", "PutonGround"],
        ["Length", 9]
      ]
    ],

    [
      "Vil_1_FenceWicker_58",
      "InteriorObject",
      "CFenceWickerUnit",
      new Matrix(
          0.528234, 0.849099, 0.000000, 3530.391602,
          -0.849099, 0.528234, 0.000000, 10454.819336,
          0.000000, 0.000000, 1.000000, 425.623810,
          0.000000, 0.000000, 0.000000, 1.000000
        ),
      [
        ["SurfaceControl", "PutonGround"],
        ["Length", 11]
      ]
    ],

    [
      "Vil_1_FenceWicker_59",
      "InteriorObject",
      "CFenceWickerUnit",
      new Matrix(
          0.730394, 0.683026, 0.000000, 3529.711914,
          -0.683026, 0.730394, 0.000000, 10421.995117,
          0.000000, 0.000000, 1.000000, 425.119171,
          0.000000, 0.000000, 0.000000, 1.000000
        ),
      [
        ["SurfaceControl", "PutonGround"],
        ["Length", 3]
      ]
    ],

    [
      "Vil_1_FenceWicker_60",
      "InteriorObject",
      "CFenceWickerUnit",
      new Matrix(
          0.717048, 0.697024, 0.000000, 3542.932373,
          -0.697024, 0.717048, 0.000000, 10411.007813,
          0.000000, 0.000000, 1.000000, 424.480988,
          0.000000, 0.000000, 0.000000, 1.000000
        ),
      [
        ["SurfaceControl", "PutonGround"],
        ["Length", 3]
      ]
    ],

    [
      "Vil_1_FenceWicker_61",
      "InteriorObject",
      "CFenceWickerUnit",
      new Matrix(
          0.670408, -0.741993, 0.000000, 3547.170410,
          0.741993, 0.670408, 0.000000, 10406.776367,
          0.000000, 0.000000, 1.000000, 424.225403,
          0.000000, 0.000000, 0.000000, 1.000000
        ),
      [
        ["SurfaceControl", "PutonGround"],
        ["Length", 9]
      ]
    ],

    [
      "Vil_1_FenceWicker_62",
      "InteriorObject",
      "CFenceWickerUnit",
      new Matrix(
          -0.746610, -0.665262, 0.000000, 3552.025146,
          0.665262, -0.746610, 0.000000, 10426.277344,
          0.000000, 0.000000, 1.000000, 424.104523,
          0.000000, 0.000000, 0.000000, 1.000000
        ),
      [
        ["SurfaceControl", "PutonGround"],
        ["Length", 7]
      ]
    ],

    [
      "Vil_1_FenceWicker_63",
      "InteriorObject",
      "CFenceWickerUnit",
      new Matrix(
          0.699269, -0.714859, 0.000000, 3472.061035,
          0.714859, 0.699269, 0.000000, 10418.256836,
          0.000000, 0.000000, 1.000000, 429.688660,
          0.000000, 0.000000, 0.000000, 1.000000
        ),
      [
        ["SurfaceControl", "PutonGround"],
        ["Length", 13]
      ]
    ],

    [
      "Vil_1_FenceWicker_64",
      "InteriorObject",
      "CFenceWickerUnit",
      new Matrix(
          0.670929, -0.741522, 0.000000, 3412.841797,
          0.741522, 0.670929, 0.000000, 10413.949219,
          0.000000, 0.000000, 1.000000, 435.716125,
          0.000000, 0.000000, 0.000000, 1.000000
        ),
      [
        ["SurfaceControl", "PutonGround"],
        ["Length", 8]
      ]
    ],

    [
      "Vil_1_FenceWicker_65",
      "InteriorObject",
      "CFenceWickerUnit",
      new Matrix(
