//-------------------------------------------------------------------
//
//  This code is copyright 2001 by G5 Software.
//  Any unauthorized usage, either in part or in whole of this code
//  is strictly prohibited. Violators WILL be prosecuted to the
//  maximum extent allowed by law.
//
//-------------------------------------------------------------------
//
//  Automatically-generated mission script file
//  DO NOT EDIT!
//
//-------------------------------------------------------------------


class CM3Content
{
  static String m_ObjectListClassFile = "Missions/Campaign_1/Mission_3/Content.script";
  static String m_ObjectListClassName = "CM3Content";

  static Array  m_MissionObjectList   = [
    [
      "Atmosphere",
      "",
      "",
      new Matrix(
          1.000000, 0.000000, 0.000000, 0.000000,
          0.000000, 1.000000, 0.000000, 0.000000,
          0.000000, 0.000000, 1.000000, 0.000000,
          0.000000, 0.000000, 0.000000, 1.000000
        ),
      [
        ["SunColor", new Color(1.000000, 0.988235, 0.909804, 1.000000)],
        ["SunIntensity", 1.000000],
        ["AmbientLight", new Color(0.301961, 0.333333, 0.368627, 1.000000)],
        ["ShadowColor", new Color(0.513726, 0.541176, 0.658824, 1.000000)],
        ["AntiSunColor", new Color(0.537255, 0.576471, 0.592157, 1.000000)],
        ["SunDirection", new Vector(-0.125942, -0.701137, -0.701816)],
        ["AntiSunIntensity", 0.700000],
        ["AntiSunEnabled", true],
        ["SunSpecularIntensity", 1.200000]
      ]
    ],

    [
      "Cloud_Cum",
      "Cloud",
      "CCloud",
      new Matrix(
          0.448989, 0.893537, 0.000000, 48867.468750,
          -0.893537, 0.448989, 0.000000, 39200.902344,
          0.000000, 0.000000, 1.000000, 1700.814209,
          0.000000, 0.000000, 0.000000, 1.000000
        ),
      [
        ["SpriteSize", 500.000000],
        ["Density", 0.130000],
        ["Ambient", new Color(1.000000, 1.000000, 1.000000, 0.900000)],
        ["DbgRenderBoxes", false],
        ["Height0", 0.000000],
        ["Color0", new Color(0.403922, 0.407843, 0.439216, 1.000000)],
        ["Height1", 0.080000],
        ["Color1", new Color(0.584314, 0.611765, 0.623529, 1.000000)],
        ["Height2", 0.200000],
        ["Color2", new Color(0.627451, 0.658824, 0.662745, 1.000000)],
        ["Height3", 0.500000],
        ["Color3", new Color(0.741176, 0.729412, 0.682353, 1.000000)],
        ["Height4", 0.700000],
        ["Color4", new Color(0.627451, 0.639216, 0.654902, 1.000000)],
        ["Matid0", ["Mtr_c", "Mtr_d", "Mtr_e", "Mtr_5"]],
        ["Matid1", ["Mtr_4", "Mtr_9", "Mtr_a", "Mtr_b"]],
        ["Matid2", ["Mtr_4", "Mtr_5", "Mtr_6", "Mtr_7"]],
        ["Matid3", ["Mtr_0", "Mtr_1", "Mtr_b", "Mtr_3"]],
        ["Matid4", ["Mtr_0", "Mtr_1", "Mtr_b", "Mtr_3"]],
        ["Size0", 0.700000],
        ["Size1", 1.000000],
        ["Size2", 1.000000],
        ["Size3", 1.000000],
        ["Size4", 1.000000],
        ["Dens0", 0.700000],
        ["Dens1", 0.300000],
        ["Dens2", 0.200000],
        ["Dens3", 0.100000],
        ["Dens4", 0.100000],
        ["Boxes", [[new Vector(0.000000, 0.000000, 0.000000), new Vector(1000.000000, 700.000000, 250.000000)], [new Vector(0.000000, 0.000000, 500.000000), new Vector(500.000000, 500.000000, 750.000000)], [new Vector(-500.000000, -350.000000, 250.000000), new Vector(400.000000, 500.000000, 500.000000)], [new Vector(500.000000, -400.000000, 150.000000), new Vector(750.000000, 750.000000, 250.000000)], [new Vector(500.000000, 400.000000, -50.000000), new Vector(400.000000, 400.000000, 250.000000)], [new Vector(0.000000, -800.000000, 100.000000), new Vector(500.000000, 800.000000, 200.000000)]]]
      ]
    ],

    [
      "Cloud_flat",
      "Cloud",
      "CCloud",
      new Matrix(
          0.448989, 0.893537, 0.000000, 46231.558594,
          -0.893537, 0.448989, 0.000000, 35955.156250,
          0.000000, 0.000000, 1.000000, 1683.140015,
          0.000000, 0.000000, 0.000000, 1.000000
        ),
      [
        ["SpriteSize", 500.000000],
        ["Density", 0.130000],
        ["Ambient", new Color(1.000000, 1.000000, 1.000000, 0.900000)],
        ["DbgRenderBoxes", false],
        ["Height0", 0.000000],
        ["Color0", new Color(0.407843, 0.415686, 0.435294, 1.000000)],
        ["Height1", 0.080000],
        ["Color1", new Color(0.549020, 0.603922, 0.623529, 1.000000)],
        ["Height2", 0.200000],
        ["Color2", new Color(0.635294, 0.682353, 0.690196, 1.000000)],
        ["Height3", 0.500000],
        ["Color3", new Color(0.776471, 0.772549, 0.725490, 1.000000)],
        ["Height4", 0.700000],
        ["Color4", new Color(0.674510, 0.674510, 0.674510, 1.000000)],
        ["Matid0", ["Mtr_c", "Mtr_d", "Mtr_e", "Mtr_5"]],
        ["Matid1", ["Mtr_4", "Mtr_6", "Mtr_a", "Mtr_b"]],
        ["Matid2", ["Mtr_4", "Mtr_5", "Mtr_6", "Mtr_7"]],
        ["Matid3", ["Mtr_b", "Mtr_4", "Mtr_3"]],
        ["Matid4", ["Mtr_b", "Mtr_4", "Mtr_3", "Mtr_0"]],
        ["Size0", 0.700000],
        ["Size1", 1.000000],
        ["Size2", 1.000000],
        ["Size3", 1.000000],
        ["Size4", 1.000000],
        ["Dens0", 0.700000],
        ["Dens1", 0.300000],
        ["Dens2", 0.200000],
        ["Dens3", 0.100000],
        ["Dens4", 0.100000],
        ["Boxes", [[new Vector(0.000000, 0.000000, 0.000000), new Vector(2000.000000, 1500.000000, 250.000000)], [new Vector(0.000000, 0.000000, 500.000000), new Vector(1000.000000, 1000.000000, 1500.000000)], [new Vector(-1000.000000, -600.000000, 250.000000), new Vector(800.000000, 1000.000000, 500.000000)], [new Vector(1000.000000, -800.000000, 150.000000), new Vector(1500.000000, 1500.000000, 250.000000)], [new Vector(1000.000000, 800.000000, -50.000000), new Vector(800.000000, 800.000000, 250.000000)], [new Vector(0.000000, -1500.000000, 100.000000), new Vector(1000.000000, 1500.000000, 200.000000)]]]
      ]
    ],

    [
      "Cloud_Cum1",
      "Cloud",
      "CCloud",
      new Matrix(
          0.448989, 0.893537, 0.000000, 44696.898438,
          -0.893537, 0.448989, 0.000000, 40203.503906,
          0.000000, 0.000000, 1.000000, 1779.830444,
          0.000000, 0.000000, 0.000000, 1.000000
        ),
      [
        ["SpriteSize", 500.000000],
        ["Density", 0.160000],
        ["Ambient", new Color(1.000000, 1.000000, 1.000000, 0.900000)],
        ["DbgRenderBoxes", false],
        ["Height0", 0.000000],
        ["Color0", new Color(0.388235, 0.403922, 0.419608, 1.000000)],
        ["Height1", 0.080000],
        ["Color1", new Color(0.486275, 0.525490, 0.560784, 1.000000)],
        ["Height2", 0.200000],
        ["Color2", new Color(0.658824, 0.670588, 0.674510, 1.000000)],
        ["Height3", 0.500000],
        ["Color3", new Color(0.694118, 0.690196, 0.662745, 1.000000)],
        ["Height4", 0.700000],
        ["Color4", new Color(0.678431, 0.678431, 0.678431, 1.000000)],
        ["Matid0", ["Mtr_c", "Mtr_d", "Mtr_e", "Mtr_5"]],
        ["Matid1", ["Mtr_4", "Mtr_9", "Mtr_a", "Mtr_b"]],
        ["Matid2", ["Mtr_4", "Mtr_5", "Mtr_6", "Mtr_7"]],
        ["Matid3", ["Mtr_0", "Mtr_b", "Mtr_1"]],
        ["Matid4", ["Mtr_0", "Mtr_b", "Mtr_1", "Mtr_3"]],
        ["Size0", 0.700000],
        ["Size1", 1.000000],
        ["Size2", 1.000000],
        ["Size3", 1.000000],
        ["Size4", 1.000000],
        ["Dens0", 0.700000],
        ["Dens1", 0.300000],
        ["Dens2", 0.200000],
        ["Dens3", 0.100000],
        ["Dens4", 0.100000],
        ["Boxes", [[new Vector(0.000000, 0.000000, 0.000000), new Vector(1000.000000, 700.000000, 250.000000)], [new Vector(0.000000, 0.000000, 500.000000), new Vector(500.000000, 500.000000, 750.000000)], [new Vector(-500.000000, -350.000000, 250.000000), new Vector(400.000000, 500.000000, 500.000000)], [new Vector(500.000000, -400.000000, 150.000000), new Vector(750.000000, 750.000000, 250.000000)], [new Vector(500.000000, 400.000000, -50.000000), new Vector(400.000000, 400.000000, 250.000000)], [new Vector(0.000000, -800.000000, 100.000000), new Vector(500.000000, 800.000000, 200.000000)]]]
      ]
    ],

    [
      "Cloud_flat1",
      "Cloud",
      "CCloud",
      new Matrix(
          0.448989, 0.893537, 0.000000, 47084.222656,
          -0.893537, 0.448989, 0.000000, 44338.726563,
          0.000000, 0.000000, 1.000000, 1700.920166,
          0.000000, 0.000000, 0.000000, 1.000000
        ),
      [
        ["SpriteSize", 500.000000],
        ["Density", 0.150000],
        ["Ambient", new Color(1.000000, 1.000000, 1.000000, 0.900000)],
        ["DbgRenderBoxes", false],
        ["Height0", 0.000000],
        ["Color0", new Color(0.345098, 0.349020, 0.372549, 1.000000)],
        ["Height1", 0.080000],
        ["Color1", new Color(0.490196, 0.525490, 0.541176, 1.000000)],
        ["Height2", 0.200000],
        ["Color2", new Color(0.749020, 0.737255, 0.709804, 1.000000)],
        ["Height3", 0.500000],
        ["Color3", new Color(0.709804, 0.709804, 0.725490, 1.000000)],
        ["Height4", 0.700000],
        ["Color4", new Color(0.674510, 0.670588, 0.643137, 1.000000)],
        ["Matid0", ["Mtr_c", "Mtr_d", "Mtr_e", "Mtr_5"]],
        ["Matid1", ["Mtr_6", "Mtr_4", "Mtr_a", "Mtr_b"]],
        ["Matid2", ["Mtr_4", "Mtr_6", "Mtr_5", "Mtr_d"]],
        ["Matid3", ["Mtr_4", "Mtr_b", "Mtr_3"]],
        ["Matid4", ["Mtr_3", "Mtr_b", "Mtr_4"]],
        ["Size0", 0.700000],
        ["Size1", 1.000000],
        ["Size2", 1.000000],
        ["Size3", 1.000000],
        ["Size4", 1.000000],
        ["Dens0", 0.700000],
        ["Dens1", 0.300000],
        ["Dens2", 0.200000],
        ["Dens3", 0.100000],
        ["Dens4", 0.100000],
        ["Boxes", [[new Vector(0.000000, 0.000000, 0.000000), new Vector(2000.000000, 1500.000000, 250.000000)], [new Vector(0.000000, 0.000000, 500.000000), new Vector(1000.000000, 1000.000000, 1500.000000)], [new Vector(-1000.000000, -600.000000, 250.000000), new Vector(800.000000, 1000.000000, 500.000000)], [new Vector(1000.000000, -800.000000, 150.000000), new Vector(1500.000000, 1500.000000, 250.000000)], [new Vector(1000.000000, 800.000000, -50.000000), new Vector(800.000000, 800.000000, 250.000000)], [new Vector(0.000000, -1500.000000, 100.000000), new Vector(1000.000000, 1500.000000, 200.000000)]]]
      ]
    ],

    [
      "MainPlayerUnit",
      "GameObject",
      "CUh1bUnit",
      new Matrix(
          -0.813081, -0.582151, 0.000000, 32299.068359,
          0.582151, -0.813081, 0.000000, 35798.355469,
          0.000000, 0.000000, 1.000000, 362.808899,
          0.000000, 0.000000, 0.000000, 1.000000
        ),
      [
        ["IsPlayer", true],
        ["IsManual", true],
        ["Affiliation", "FRIEND"],
        ["PilotObject", "CAmericanPilotQuadeUnit"],
        ["LeftGunnerObject", "CAmericanGunnerUnit"],
        ["RightGunnerObject", "CAmericanGunnerUnit"],
        ["BehRadarMask", [["ENEMY", "MainMesh"], ["FRIEND", "NEUTRAL"]]],
        ["Task", "CHeliFireControlTask"]
      ]
    ],

    [
      "MainPlayerUnit_Wingman",
      "GameObject",
      "CUh1bUnit",
      new Matrix(
          -0.802531, -0.596610, 0.000000, 32316.341797,
          0.596610, -0.802531, 0.000000, 35784.078125,
          0.000000, 0.000000, 1.000000, 362.912476,
          0.000000, 0.000000, 0.000000, 1.000000
        ),
      [
        ["Affiliation", "FRIEND"],
        ["Task", "C1M3WingmanTask"],
        ["IsPlayer", true],
        ["MultiPlayer", true],
        ["WingmanSlot", 0],
        ["InstantWingman", true],
        ["WingmanRank", 0],
        ["LeaderID", "MainPlayerUnit"],
        ["HomePoint", ""],
        ["Location", "Wingman_Transport_HeliPad_2"],
        ["Weapon", [0, 0, 0, 0, 0, 0]],
        ["HitPoints", -1.000000],
        ["BehRadarMask", [[], ["FRIEND", "NEUTRAL"]]],
        ["MinDifficulty", 0],
        ["PilotObject", "CAmericanPilotUnit"],
        ["CoPilotObject", "CAmericanPilotUnit"],
        ["LeftGunnerObject", "CAmericanGunnerUnit"],
        ["RightGunnerObject", "CAmericanGunnerUnit"]
      ]
    ],

    [
      "Plei_Me_HeliPad_9",
      "GameObject",
      "CHeliPadUnit",
      new Matrix(
          -0.800331, -0.599559, 0.000000, 32298.601563,
          0.599559, -0.800331, 0.000000, 35798.644531,
          0.000000, 0.000000, 1.000000, 381.389130,
          0.000000, 0.000000, 0.000000, 1.000000
        ),
      [
      ]
    ],

    [
      "Plei_Me_HeliPad_10",
      "GameObject",
      "CHeliPadUnit",
      new Matrix(
          -0.785759, -0.618533, 0.000000, 32315.992188,
          0.618533, -0.785759, 0.000000, 35784.308594,
          0.000000, 0.000000, 1.000000, 398.718079,
          0.000000, 0.000000, 0.000000, 1.000000
        ),
      [
      ]
    ],

    [
      "All_LZ_Falcon_micro",
      "Locator",
      "CTerrainPatch",
      new Matrix(
          0.973680, -0.227920, 0.000000, 32243.449219,
          0.227920, 0.973680, 0.000000, 35886.019531,
          0.000000, 0.000000, 1.000000, 362.684479,
          0.000000, 0.000000, 0.000000, 1.000000
        ),
      [
        ["Dimensions", new Vector(210.000000, 210.000000, 4.603912)],
        ["TextureName", "Textures/V_Falcon_micro.tex"],
        ["ZoneName", "Textures/V_Falcon_zone.bmp"],
        ["BorderSize", 30.000000]
      ]
    ],

    [
      "LZ_Falcon_WeaponBoxBig_1",
      "InteriorObject",
      "CWeaponBoxBigUnit",
      new Matrix(
          0.764154, 0.644920, -0.012134, 32204.873047,
          -0.643927, 0.761605, -0.072910, 36018.683594,
          -0.037780, 0.063528, 0.997265, 367.236511,
          0.000000, 0.000000, 0.000000, 1.000000
        ),
      [
        ["SurfaceControl", "PutonGround"]
      ]
    ],

    [
      "LZ_Falcon_WeaponBoxSmall_1",
      "InteriorObject",
      "CWeaponBoxSmallUnit",
      new Matrix(
          0.816745, 0.576999, 0.000008, 32215.927734,
          -0.576988, 0.816730, -0.006137, 35813.929688,
          -0.003547, 0.005008, 0.999981, 361.789551,
          0.000000, 0.000000, 0.000000, 1.000000
        ),
      [
        ["SurfaceControl", "PutonGround"]
      ]
    ],

    [
      "LZ_Falcon_WeaponBoxBig_2",
      "InteriorObject",
      "CWeaponBoxBigUnit",
      new Matrix(
          0.964887, 0.262593, -0.006100, 32242.548828,
          -0.262598, 0.964905, -0.000045, 35761.277344,
          0.005874, 0.001645, 0.999981, 362.042664,
          0.000000, 0.000000, 0.000000, 1.000000
        ),
      [
        ["SurfaceControl", "PutonGround"]
      ]
    ],

    [
      "LZ_Falcon_WeaponBoxBig_3",
      "InteriorObject",
      "CWeaponBoxBigUnit",
      new Matrix(
          0.962368, 0.271681, -0.006129, 32242.822266,
          -0.271686, 0.962386, 0.000024, 35763.472656,
          0.005905, 0.001642, 0.999981, 362.044281,
          0.000000, 0.000000, 0.000000, 1.000000
        ),
      [
        ["SurfaceControl", "PutonGround"]
      ]
    ],

    [
      "LZ_Falcon_WeaponBoxSmall_2",
      "InteriorObject",
      "CWeaponBoxSmallUnit",
      new Matrix(
          0.833895, 0.551923, -0.000008, 32216.273438,
          -0.551912, 0.833880, -0.006108, 35815.316406,
          -0.003365, 0.005098, 0.999981, 361.797974,
          0.000000, 0.000000, 0.000000, 1.000000
        ),
      [
        ["SurfaceControl", "PutonGround"]
      ]
    ],

    [
      "LZ_Falcon_BarrelPackA_1",
      "InteriorObject",
      "CBarrelPackAUnit",
      new Matrix(
          0.956606, 0.291297, -0.007125, 32258.400391,
          -0.291306, 0.956630, -0.000296, 35750.472656,
          0.006729, 0.002358, 0.999975, 362.490479,
          0.000000, 0.000000, 0.000000, 1.000000
        ),
      [
        ["SurfaceControl", "PutonGround"]
      ]
    ],

    [
      "LZ_Falcon_BarrelPackB_1",
      "InteriorObject",
      "CBarrelPackBUnit",
      new Matrix(
          0.954797, 0.296262, -0.024308, 32268.828125,
          -0.296827, 0.954621, -0.024343, 35827.367188,
          0.015993, 0.030457, 0.999408, 363.172913,
          0.000000, 0.000000, 0.000000, 1.000000
        ),
      [
        ["SurfaceControl", "PutonGround"]
      ]
    ],

    [
      "LZ_Falcon_BarrelPackB_2",
      "InteriorObject",
      "CBarrelPackBUnit",
      new Matrix(
          0.955886, 0.292818, -0.023211, 32265.953125,
          -0.293340, 0.955716, -0.023643, 35822.906250,
          0.015260, 0.029409, 0.999451, 362.996246,
          0.000000, 0.000000, 0.000000, 1.000000
        ),
      [
        ["SurfaceControl", "PutonGround"]
      ]
    ],

    [
      "LZ_Falcon_BarrelPackB_3",
      "InteriorObject",
      "CBarrelPackBUnit",
      new Matrix(
          0.955320, 0.292434, -0.042967, 32267.517578,
          -0.292962, 0.956102, -0.006419, 35935.371094,
          0.039204, 0.018720, 0.999056, 365.231445,
          0.000000, 0.000000, 0.000000, 1.000000
        ),
      [
        ["SurfaceControl", "PutonGround"]
      ]
    ],

    [
      "LZ_Falcon_WeaponBoxSmall_3",
      "InteriorObject",
      "CWeaponBoxSmallUnit",
      new Matrix(
          0.706069, 0.708036, -0.012266, 32193.740234,
          -0.706822, 0.703590, -0.073232, 36016.125000,
          -0.043221, 0.060376, 0.997240, 366.471802,
          0.000000, 0.000000, 0.000000, 1.000000
        ),
      [
        ["SurfaceControl", "PutonGround"]
      ]
    ],

    [
      "LZ_Falcon_WeaponBoxSmall_4",
      "InteriorObject",
      "CWeaponBoxSmallUnit",
      new Matrix(
          0.707329, 0.706779, -0.012227, 32192.746094,
          -0.705561, 0.704841, -0.073367, 36014.566406,
          -0.043236, 0.060521, 0.997230, 366.345947,
          0.000000, 0.000000, 0.000000, 1.000000
        ),
      [
        ["SurfaceControl", "PutonGround"]
      ]
    ],

    [
      "LZ_Falcon_WeaponBoxSmall_5",
      "InteriorObject",
      "CWeaponBoxSmallUnit",
      new Matrix(
          0.776947, 0.629446, -0.012293, 32209.265625,
          -0.629563, 0.776851, -0.012368, 35891.484375,
          0.001765, 0.017349, 0.999848, 362.436066,
          0.000000, 0.000000, 0.000000, 1.000000
        ),
      [
        ["SurfaceControl", "PutonGround"]
      ]
    ],

    [
      "LZ_Falcon_WeaponBoxSmall_6",
      "InteriorObject",
      "CWeaponBoxSmallUnit",
      new Matrix(
          0.778084, -0.628042, -0.012195, 32209.220703,
          0.627925, 0.778177, -0.012264, 35890.632813,
          0.017192, 0.001885, 0.999850, 362.425140,
          0.000000, 0.000000, 0.000000, 1.000000
        ),
      [
        ["SurfaceControl", "PutonGround"]
      ]
    ],

    [
      "LZ_Falcon_Roof_1",
      "InteriorObject",
      "CRoofUnit",
      new Matrix(
          0.931687, 0.363262, 0.000000, 32247.136719,
          -0.363262, 0.931687, 0.000000, 35762.515625,
          0.000000, 0.000000, 1.000000, 361.521301,
          0.000000, 0.000000, 0.000000, 1.000000
        ),
      [
      ]
    ],

    [
      "LZ_Falcon_Roof_2",
      "InteriorObject",
      "CRoofUnit",
      new Matrix(
          0.729598, 0.683876, 0.000000, 32190.058594,
          -0.683876, 0.729598, 0.000000, 36018.070313,
          0.000000, 0.000000, 1.000000, 366.464172,
          0.000000, 0.000000, 0.000000, 1.000000
        ),
      [
      ]
    ],

    [
      "LZ_Falcon_Roof_3",
      "InteriorObject",
      "CRoofUnit",
      new Matrix(
          0.630034, 0.776568, 0.000000, 32191.345703,
          -0.776568, 0.630034, 0.000000, 35921.316406,
          0.000000, 0.000000, 1.000000, 362.428650,
          0.000000, 0.000000, 0.000000, 1.000000
        ),
      [
      ]
    ],

    [
      "LZ_Falcon_Tent_1",
      "InteriorObject",
      "CTentUnit",
      new Matrix(
          0.993896, 0.110316, 0.000000, 32173.109375,
          -0.110316, 0.993896, 0.000000, 35856.296875,
          0.000000, 0.000000, 1.000000, 361.846436,
          0.000000, 0.000000, 0.000000, 1.000000
        ),
      [
      ]
    ],

    [
      "LZ_Falcon_Tent_2",
      "InteriorObject",
      "CTentUnit",
      new Matrix(
          0.970309, -0.241869, 0.000000, 32260.871094,
          0.241869, 0.970309, 0.000000, 35737.335938,
          0.000000, 0.000000, 1.000000, 361.572052,
          0.000000, 0.000000, 0.000000, 1.000000
        ),
      [
      ]
    ],

    [
      "LZ_Falcon_Tent_3",
      "InteriorObject",
      "CTentUnit",
      new Matrix(
          0.430661, 0.902514, 0.000000, 32212.136719,
          -0.902514, 0.430661, 0.000000, 35889.652344,
          0.000000, 0.000000, 1.000000, 362.368561,
          0.000000, 0.000000, 0.000000, 1.000000
        ),
      [
      ]
    ],

    [
      "LZ_Falcon_Tent_4",
      "InteriorObject",
      "CTentUnit",
      new Matrix(
          0.923927, -0.382569, 0.000000, 32202.667969,
          0.382569, 0.923927, 0.000000, 35982.261719,
          0.000000, 0.000000, 1.000000, 363.937012,
          0.000000, 0.000000, 0.000000, 1.000000
        ),
      [
      ]
    ],

    [
      "LZ_Falcon_Tent_5",
      "InteriorObject",
      "CTentUnit",
      new Matrix(
          0.999733, -0.023121, 0.000000, 32218.703125,
          0.023121, 0.999733, 0.000000, 35813.191406,
          0.000000, 0.000000, 1.000000, 361.704895,
          0.000000, 0.000000, 0.000000, 1.000000
        ),
      [
      ]
    ],

    [
      "LZ_Falcon_Tent_6",
      "InteriorObject",
      "CTentUnit",
      new Matrix(
          0.991892, -0.127080, 0.000000, 32182.064453,
          0.127080, 0.991892, 0.000000, 36026.703125,
          0.000000, 0.000000, 1.000000, 367.020233,
          0.000000, 0.000000, 0.000000, 1.000000
        ),
      [
      ]
    ],

    [
      "LZ_Falcon_Tent_7",
      "InteriorObject",
      "CTentUnit",
      new Matrix(
          0.995395, -0.095861, 0.000000, 32187.130859,
          0.095861, 0.995395, 0.000000, 35934.898438,
          0.000000, 0.000000, 1.000000, 362.374115,
          0.000000, 0.000000, 0.000000, 1.000000
        ),
      [
      ]
    ],

    [
      "LZ_Falcon_BarrelPackB_4",
      "InteriorObject",
      "CBarrelPackBUnit",
      new Matrix(
          0.955535, 0.291848, -0.042151, 32264.775391,
          -0.292536, 0.956191, -0.011060, 35932.097656,
          0.037076, 0.022898, 0.999050, 365.088165,
          0.000000, 0.000000, 0.000000, 1.000000
        ),
      [
        ["SurfaceControl", "PutonGround"]
      ]
    ],

    [
      "Vietnamese_XRayMortar_1",
      "GameObject",
      "CMortarUnit",
      new Matrix(
          0.218082, 0.975930, 0.000000, 22418.648438,
          -0.975930, 0.218082, 0.000000, 32231.226563,
          0.000000, 0.000000, 1.000000, 432.680847,
          0.000000, 0.000000, 0.000000, 1.000000
        ),
      [
        ["Affiliation", "ENEMY"],
        ["BehRadarMask", [[], ["ENEMY", "NEUTRAL"]]],
        ["Task", "VietnameseXRayMotarTask"]
      ]
    ],

    [
      "Vietnamese_XRayMortar_2",
      "GameObject",
      "CMortarUnit",
      new Matrix(
          0.192654, 0.981267, 0.000000, 22467.859375,
          -0.981267, 0.192654, 0.000000, 32261.732422,
          0.000000, 0.000000, 1.000000, 427.445068,
          0.000000, 0.000000, 0.000000, 1.000000
        ),
      [
        ["Affiliation", "ENEMY"],
        ["BehRadarMask", [[], ["ENEMY", "NEUTRAL"]]],
        ["Task", "VietnameseXRayMotarTask"]
      ]
    ],

    [
      "GroupAmmunition_American_XRay_1",
      "ObjectsGroup",
      "CObjectsGroup",
      new Matrix(
          0.694128, 0.719851, 0.000000, 23046.601563,
          -0.719851, 0.694128, 0.000000, 30012.548828,
          0.000000, 0.000000, 1.000000, 335.407715,
          0.000000, 0.000000, 0.000000, 1.000000
        ),
      [
        ["Contents", ["American_XRay_AmmoBox_1", "American_XRay_AmmoBox_2", "American_XRay_AmmoBox_3", "American_XRay_AmmoBox_4"]]
      ]
    ],

    [
      "GroupAmmunitionVietnamese_XRay_1",
      "ObjectsGroup",
      "CObjectsGroup",
      new Matrix(
          0.999358, -0.035837, 0.000000, 22418.740234,
          0.035837, 0.999358, 0.000000, 32231.572266,
          0.000000, 0.000000, 1.000000, 433.647308,
          0.000000, 0.000000, 0.000000, 1.000000
        ),
      [
        ["Contents", ["Vietnamese_XRay_AmmoBoxPackB_1", "Vietnamese_XRay_AmmoBox_1", "Vietnamese_XRay_AmmoBox_2", "Vietnamese_XRay_AmmoBox_3", "Vietnamese_XRay_WeaponBoxSmallPackB_1", "Vietnamese_XRay_WeaponBoxSmallPackB_2"]]
      ]
    ],

    [
      "American_XRay_AmmoBox_1",
      "InteriorObject",
      "CAmmoBoxUnit",
      new Matrix(
          -0.998581, 0.051866, 0.012067, 23045.613281,
          -0.052014, -0.998571, -0.012307, 30013.171875,
          0.011411, -0.012918, 0.999851, 335.428223,
          0.000000, 0.000000, 0.000000, 1.000000
        ),
      [
        ["SurfaceControl", "PutonGround"]
      ]
    ],

    [
      "American_XRay_AmmoBox_2",
      "InteriorObject",
      "CAmmoBoxUnit",
      new Matrix(
          -0.999019, 0.042608, 0.012105, 23041.941406,
          -0.042757, -0.999009, -0.012340, 30010.796875,
          0.011567, -0.012845, 0.999851, 335.443970,
          0.000000, 0.000000, 0.000000, 1.000000
        ),
      [
        ["SurfaceControl", "PutonGround"]
      ]
    ],

    [
      "American_XRay_AmmoBox_3",
      "InteriorObject",
      "CAmmoBoxUnit",
      new Matrix(
          -0.998272, 0.057470, 0.012261, 23045.244141,
          -0.057622, -0.998261, -0.012444, 30015.656250,
          0.011525, -0.013129, 0.999847, 335.462830,
          0.000000, 0.000000, 0.000000, 1.000000
        ),
      [
        ["SurfaceControl", "PutonGround"]
      ]
    ],

    [
      "American_XRay_AmmoBox_4",
      "InteriorObject",
      "CAmmoBoxUnit",
      new Matrix(
          -0.998764, 0.048191, 0.012171, 23052.101563,
          -0.048341, -0.998755, -0.012336, 30013.437500,
          0.011561, -0.012909, 0.999850, 335.352692,
          0.000000, 0.000000, 0.000000, 1.000000
        ),
      [
        ["SurfaceControl", "PutonGround"]
      ]
    ],

    [
      "Vietnamese_XRay_AmmoBox_1",
      "InteriorObject",
      "CAmmoBoxUnit",
      new Matrix(
          0.775371, -0.623063, 0.102920, 22420.353516,
          0.628187, 0.777670, -0.024686, 32231.498047,
          -0.064657, 0.083794, 0.994383, 433.358795,
          0.000000, 0.000000, 0.000000, 1.000000
        ),
      [
        ["SurfaceControl", "PutonGround"]
      ]
    ],

    [
      "Vietnamese_XRay_AmmoBox_2",
      "InteriorObject",
      "CAmmoBoxUnit",
      new Matrix(
          0.984416, -0.141985, 0.103751, 22419.615234,
          0.145354, 0.989048, -0.025630, 32231.792969,
          -0.098976, 0.040311, 0.994273, 433.442017,
          0.000000, 0.000000, 0.000000, 1.000000
        ),
      [
        ["SurfaceControl", "PutonGround"]
      ]
    ],

    [
      "Vietnamese_XRay_AmmoBox_3",
      "InteriorObject",
      "CAmmoBoxUnit",
      new Matrix(
          0.983656, -0.147402, 0.103412, 22419.759766,
          0.150801, 0.988227, -0.025812, 32231.429688,
          -0.098390, 0.040984, 0.994304, 433.418365,
          0.000000, 0.000000, 0.000000, 1.000000
        ),
      [
        ["SurfaceControl", "PutonGround"]
      ]
    ],

    [
      "LZ_Falcon_WeaponAmmunitionGroup_1",
      "ObjectsGroup",
      "CObjectsGroup",
      new Matrix(
          0.956639, 0.291276, 0.000000, 32226.957031,
          -0.291276, 0.956639, 0.000000, 35889.093750,
          0.000000, 0.000000, 1.000000, 364.667664,
          0.000000, 0.000000, 0.000000, 1.000000
        ),
      [
        ["Contents", ["LZ_Falcon_BarrelPackB_1", "LZ_Falcon_Roof_1", "LZ_Falcon_WeaponBoxBig_1", "LZ_Falcon_WeaponBoxBig_2", "LZ_Falcon_WeaponBoxBig_3", "LZ_Falcon_WeaponBoxSmall_1", "LZ_Falcon_WeaponBoxSmall_2"]]
      ]
    ],

    [
      "LZ_Falcon_WeaponAmmunitionGroup_2",
      "ObjectsGroup",
      "CObjectsGroup",
      new Matrix(
          0.956112, 0.293000, 0.000000, 32223.011719,
          -0.293000, 0.956112, 0.000000, 35885.753906,
          0.000000, 0.000000, 1.000000, 365.373749,
          0.000000, 0.000000, 0.000000, 1.000000
        ),
      [
        ["Contents", ["LZ_Falcon_BarrelPackA_1", "LZ_Falcon_BarrelPackB_2", "LZ_Falcon_BarrelPackB_3", "LZ_Falcon_Roof_2", "LZ_Falcon_Roof_3", "LZ_Falcon_WeaponBoxSmall_3", "LZ_Falcon_WeaponBoxSmall_4", "LZ_Falcon_WeaponBoxSmall_5", "LZ_Falcon_WeaponBoxSmall_6"]]
      ]
    ],

    [
      "NavPoint_XRay",
      "NavPoint",
      "CZAxisCylNavPoint",
      new Matrix(
          -0.005624, 0.999984, 0.000000, 22685.988281,
          -0.999984, -0.005624, 0.000000, 29874.361328,
          0.000000, 0.000000, 1.000000, 338.727600,
          0.000000, 0.000000, 0.000000, 1.000000
        ),
      [
        ["Name", "CC1M3Mission_Strings::str_NavPoint_XRAY"],
        ["Range", 50.000000],
        ["PositionType", "Ground"],
        ["MapCompass", true]
      ]
    ],

    [
      "NavPoint_LZ_Albany",
      "NavPoint",
      "CZAxisCylNavPoint",
      new Matrix(
          0.981406, -0.191942, 0.000000, 27688.201172,
          0.191942, 0.981406, 0.000000, 39036.488281,
          0.000000, 0.000000, 1.000000, 398.622223,
          0.000000, 0.000000, 0.000000, 1.000000
        ),
      [
        ["Name", "CC1M3Mission_Strings::str_NavPoint_LZ_Albany"],
        ["IsVisible", true],
        ["Range", 50.000000]
      ]
    ],

    [
      "NavPoint_LZ_Falcon",
      "NavPoint",
      "CZAxisCylNavPoint",
      new Matrix(
          -0.005624, 0.999984, 0.000000, 32173.267578,
          -0.999984, -0.005624, 0.000000, 35914.589844,
          0.000000, 0.000000, 1.000000, 241.039795,
          0.000000, 0.000000, 0.000000, 1.000000
        ),
      [
        ["Name", "CC1M3Mission_Strings::str_NavPoint_LZ_Falcon"],
        ["IsVisible", true],
        ["Range", 50.000000],
        ["MapCompass", true],
        ["IsMain", true]
      ]
    ],

    [
      "NavPoint_XRay_American_1",
      "NavPoint",
      "CZAxisCylNavPoint",
      new Matrix(
          0.694128, 0.719851, 0.000000, 21998.888672,
          -0.719851, 0.694128, 0.000000, 29525.789063,
          0.000000, 0.000000, 1.000000, 239.660889,
          0.000000, 0.000000, 0.000000, 1.000000
        ),
      [
        ["PositionType", "Ground"]
      ]
    ],

    [
      "NavPoint_XRay_American_2",
      "NavPoint",
      "CZAxisCylNavPoint",
      new Matrix(
          0.694128, 0.719851, 0.000000, 22016.246094,
          -0.719851, 0.694128, 0.000000, 29690.876953,
          0.000000, 0.000000, 1.000000, 203.211304,
          0.000000, 0.000000, 0.000000, 1.000000
        ),
      [
        ["PositionType", "Ground"]
      ]
    ],

    [
      "NavPoint_XRay_Vietnamese_1A",
      "NavPoint",
      "CZAxisCylNavPoint",
      new Matrix(
          0.694128, 0.719851, 0.000000, 22681.455078,
          -0.719851, 0.694128, 0.000000, 30250.318359,
          0.000000, 0.000000, 1.000000, 345.081787,
          0.000000, 0.000000, 0.000000, 1.000000
        ),
      [
        ["PositionType", "Ground"]
      ]
    ],

    [
      "NavPoint_XRay_Vietnamese_2A",
      "NavPoint",
      "CZAxisCylNavPoint",
      new Matrix(
          0.694128, 0.719851, 0.000000, 22541.972656,
          -0.719851, 0.694128, 0.000000, 30044.980469,
          0.000000, 0.000000, 1.000000, 345.745514,
          0.000000, 0.000000, 0.000000, 1.000000
        ),
      [
        ["PositionType", "Ground"]
      ]
    ],

    [
      "NavPoint_XRay_Vietnamese_1B",
      "NavPoint",
      "CZAxisCylNavPoint",
      new Matrix(
          0.694128, 0.719851, 0.000000, 22529.138672,
          -0.719851, 0.694128, 0.000000, 30106.642578,
          0.000000, 0.000000, 1.000000, 407.637604,
          0.000000, 0.000000, 0.000000, 1.000000
        ),
      [
        ["PositionType", "Ground"]
      ]
    ],

    [
      "NavPoint_XRay_Vietnamese_2B",
      "NavPoint",
      "CZAxisCylNavPoint",
      new Matrix(
          0.694128, 0.719851, 0.000000, 22611.060547,
          -0.719851, 0.694128, 0.000000, 29920.015625,
          0.000000, 0.000000, 1.000000, 345.745514,
          0.000000, 0.000000, 0.000000, 1.000000
        ),
      [
        ["PositionType", "Ground"]
      ]
    ],

    [
      "NavPoint_XRay_Vietnamese_1C",
      "NavPoint",
      "CZAxisCylNavPoint",
      new Matrix(
          0.694128, 0.719851, 0.000000, 22526.339844,
          -0.719851, 0.694128, 0.000000, 29760.025391,
          0.000000, 0.000000, 1.000000, 340.722412,
          0.000000, 0.000000, 0.000000, 1.000000
        ),
      [
        ["PositionType", "Ground"]
      ]
    ],

    [
      "NavPoint_XRay_Vietnamese_2C",
      "NavPoint",
      "CZAxisCylNavPoint",
      new Matrix(
          0.694128, 0.719851, 0.000000, 22604.603516,
          -0.719851, 0.694128, 0.000000, 30103.896484,
          0.000000, 0.000000, 1.000000, 218.308929,
          0.000000, 0.000000, 0.000000, 1.000000
        ),
      [
        ["PositionType", "Ground"]
      ]
    ],

    [
      "NavPoint_XRay_Vietnamese_1D",
      "NavPoint",
      "CZAxisCylNavPoint",
      new Matrix(
          0.694128, 0.719851, 0.000000, 22602.208984,
          -0.719851, 0.694128, 0.000000, 29845.839844,
          0.000000, 0.000000, 1.000000, 343.119354,
          0.000000, 0.000000, 0.000000, 1.000000
        ),
      [
        ["PositionType", "Ground"]
      ]
    ],

    [
      "NavPoint_XRay_Vietnamese_2D",
      "NavPoint",
      "CZAxisCylNavPoint",
      new Matrix(
          0.694128, 0.719851, 0.000000, 23047.011719,
          -0.719851, 0.694128, 0.000000, 30073.775391,
          0.000000, 0.000000, 1.000000, 345.745392,
          0.000000, 0.000000, 0.000000, 1.000000
        ),
      [
        ["PositionType", "Ground"]
      ]
    ],

    [
      "NavPoint_XRay_Vietnamese_1E",
      "NavPoint",
      "CZAxisCylNavPoint",
      new Matrix(
          0.694128, 0.719851, 0.000000, 22731.724609,
          -0.719851, 0.694128, 0.000000, 30229.519531,
          0.000000, 0.000000, 1.000000, 347.119873,
          0.000000, 0.000000, 0.000000, 1.000000
        ),
      [
        ["PositionType", "Ground"]
      ]
    ],

    [
      "NavPoint_XRay_Vietnamese_2E",
      "NavPoint",
      "CZAxisCylNavPoint",
      new Matrix(
          0.694128, 0.719851, 0.000000, 22683.542969,
          -0.719851, 0.694128, 0.000000, 29723.291016,
          0.000000, 0.000000, 1.000000, 362.737640,
          0.000000, 0.000000, 0.000000, 1.000000
        ),
      [
        ["PositionType", "Ground"]
      ]
    ],

    [
      "NavPoint_XRay_Guard_1",
      "NavPoint",
      "CZAxisCylNavPoint",
      new Matrix(
          0.694128, 0.719851, 0.000000, 21857.472656,
          -0.719851, 0.694128, 0.000000, 30334.517578,
          0.000000, 0.000000, 1.000000, 231.730087,
          0.000000, 0.000000, 0.000000, 1.000000
        ),
      [
        ["PositionType", "Ground"]
      ]
    ],

    [
      "NavPoint_XRay_Guard_2",
      "NavPoint",
      "CZAxisCylNavPoint",
      new Matrix(
          0.694128, 0.719851, 0.000000, 22147.888672,
          -0.719851, 0.694128, 0.000000, 30762.265625,
          0.000000, 0.000000, 1.000000, 242.347961,
          0.000000, 0.000000, 0.000000, 1.000000
        ),
      [
        ["PositionType", "Ground"]
      ]
    ],

    [
      "NavPoint_XRay_AmerGroup1Attack_1",
      "NavPoint",
      "CZAxisCylNavPoint",
      new Matrix(
          0.694128, 0.719851, 0.000000, 23076.980469,
          -0.719851, 0.694128, 0.000000, 30260.302734,
          0.000000, 0.000000, 1.000000, 324.376404,
          0.000000, 0.000000, 0.000000, 1.000000
        ),
      [
        ["PositionType", "Ground"]
      ]
    ],

    [
      "NavPoint_XRay_AmerGroup1Attack_2",
      "NavPoint",
      "CZAxisCylNavPoint",
      new Matrix(
          0.694128, 0.719851, 0.000000, 23047.873047,
          -0.719851, 0.694128, 0.000000, 30628.187500,
          0.000000, 0.000000, 1.000000, 333.715576,
          0.000000, 0.000000, 0.000000, 1.000000
        ),
      [
        ["PositionType", "Ground"]
      ]
    ],

    [
      "NavPoint_MainPlayerUnit_Attack_3",
      "NavPoint",
      "CZAxisCylNavPoint",
      new Matrix(
          -0.144264, -0.989539, 0.000000, 21491.554688,
          0.989539, -0.144264, 0.000000, 31957.320313,
          0.000000, 0.000000, 1.000000, 537.949341,
          0.000000, 0.000000, 0.000000, 1.000000
        ),
      [
        ["Range", 50.000000],
        ["PositionType", "Ground"],
        ["Detect", true],
        ["BehaviorHeight", 70.000000],
        ["Mask", [["HELI", "MainMesh"], []]]
      ]
    ],

    [
      "NavPoint_XRay_AmerGroup1Attack_3",
      "NavPoint",
      "CZAxisCylNavPoint",
      new Matrix(
          0.694128, 0.719851, 0.000000, 22992.183594,
          -0.719851, 0.694128, 0.000000, 31002.988281,
          0.000000, 0.000000, 1.000000, 335.693481,
          0.000000, 0.000000, 0.000000, 1.000000
        ),
      [
        ["PositionType", "Ground"]
      ]
    ],

    [
      "NavPoint_XRay_AmerGroup1Attack_4",
      "NavPoint",
      "CZAxisCylNavPoint",
      new Matrix(
          0.694128, 0.719851, 0.000000, 22694.158203,
          -0.719851, 0.694128, 0.000000, 31122.568359,
          0.000000, 0.000000, 1.000000, 373.523285,
          0.000000, 0.000000, 0.000000, 1.000000
        ),
      [
        ["PositionType", "Ground"],
        ["Detect", true],
        ["Range", 30.000000],
        ["Mask", [["MainMesh"], []]]
      ]
    ],

    [
      "NavPoint_XRay_AttackViet_Group1",
      "NavPoint",
      "CZAxisCylNavPoint",
      new Matrix(
          0.694128, 0.719851, 0.000000, 22535.328125,
          -0.719851, 0.694128, 0.000000, 30155.457031,
          0.000000, 0.000000, 1.000000, 330.713531,
          0.000000, 0.000000, 0.000000, 1.000000
        ),
      [
        ["PositionType", "Ground"],
        ["Range", 5.000000]
      ]
    ],

    [
      "NavPoint_XRay_AttackViet_Group2",
      "NavPoint",
      "CZAxisCylNavPoint",
      new Matrix(
          0.694128, 0.719851, 0.000000, 22506.251953,
          -0.719851, 0.694128, 0.000000, 30016.804688,
          0.000000, 0.000000, 1.000000, 326.616760,
          0.000000, 0.000000, 0.000000, 1.000000
        ),
      [
        ["PositionType", "Ground"],
        ["Range", 5.000000]
      ]
    ],

    [
      "NavPoint_XRay_AttackViet_Group3",
      "NavPoint",
      "CZAxisCylNavPoint",
      new Matrix(
          0.694128, 0.719851, 0.000000, 22404.208984,
          -0.719851, 0.694128, 0.000000, 29942.099609,
          0.000000, 0.000000, 1.000000, 344.520630,
          0.000000, 0.000000, 0.000000, 1.000000
        ),
      [
        ["PositionType", "Ground"],
        ["Range", 5.000000]
      ]
    ],

    [
      "NavPoint_XRay_AttackViet_Group4",
      "NavPoint",
      "CZAxisCylNavPoint",
      new Matrix(
          0.694128, 0.719851, 0.000000, 22397.234375,
          -0.719851, 0.694128, 0.000000, 29826.671875,
          0.000000, 0.000000, 1.000000, 343.749359,
          0.000000, 0.000000, 0.000000, 1.000000
        ),
      [
        ["PositionType", "Ground"],
        ["Range", 5.000000]
      ]
    ],

    [
      "NavPoint_XRay_AttackViet_Group5",
      "NavPoint",
      "CZAxisCylNavPoint",
      new Matrix(
          0.694128, 0.719851, 0.000000, 22559.945313,
          -0.719851, 0.694128, 0.000000, 29683.468750,
          0.000000, 0.000000, 1.000000, 337.571625,
          0.000000, 0.000000, 0.000000, 1.000000
        ),
      [
        ["PositionType", "Ground"],
        ["Range", 5.000000]
      ]
    ],

    [
      "NavPoint_XRay_AttackViet_Group6",
      "NavPoint",
      "CZAxisCylNavPoint",
      new Matrix(
          0.694128, 0.719851, 0.000000, 22645.976563,
          -0.719851, 0.694128, 0.000000, 29660.525391,
          0.000000, 0.000000, 1.000000, 324.688232,
          0.000000, 0.000000, 0.000000, 1.000000
        ),
      [
        ["PositionType", "Ground"],
        ["Range", 5.000000]
      ]
    ],

    [
      "All_LZ_Falcon",
      "ObjectsGroup",
      "CObjectsGroup",
      new Matrix(
          0.956522, 0.291660, 0.000000, 16169.376953,
          -0.291660, 0.956522, 0.000000, 17990.796875,
