//-------------------------------------------------------------------
//
//  This code is copyright 2001 by G5 Software.
//  Any unauthorized usage, either in part or in whole of this code
//  is strictly prohibited. Violators WILL be prosecuted to the
//  maximum extent allowed by law.
//
//-------------------------------------------------------------------
//
//  Automatically-generated mission script file
//  DO NOT EDIT!
//
//-------------------------------------------------------------------


class CCF6Content
{
  static String m_ObjectListClassFile = "Missions/MISSIONS/CF6Mission/Content.script";
  static String m_ObjectListClassName = "CCF6Content";

  static Array  m_MissionObjectList   = [
    [
      "Atmosphere",
      "",
      "",
      new Matrix(
          1.000000, 0.000000, 0.000000, 0.000000,
          0.000000, 1.000000, 0.000000, 0.000000,
          0.000000, 0.000000, 1.000000, 0.000000,
          0.000000, 0.000000, 0.000000, 1.000000
        ),
      [
        ["AmbientLight", new Color(0.117647, 0.117647, 0.125490, 1.000000)],
        ["AntiSunAngle", 10.000000],
        ["AntiSunColor", new Color(0.811765, 0.819608, 0.854902, 1.000000)],
        ["AntiSunIntensity", 0.400000],
        ["EnableHorizontAdjustment", true],
        ["FogColorXPos", new Color(0.976471, 0.988235, 1.000000, 1.000000)],
        ["FogColorXNeg", new Color(0.976471, 0.988235, 1.000000, 1.000000)],
        ["FogColorYPos", new Color(0.976471, 0.988235, 1.000000, 1.000000)],
        ["FogColorYNeg", new Color(0.976471, 0.988235, 1.000000, 1.000000)],
        ["FogDensity", 0.000500],
        ["FogNear", 10.000000],
        ["FogFar", 800.000000],
        ["FogFarMax", 3500.000000],
        ["FogMode", "Exp"],
        ["ShadowColor", new Color(0.325490, 0.325490, 0.325490, 1.000000)],
        ["SunColor", new Color(1.000000, 1.000000, 1.000000, 1.000000)],
        ["SunDirection", new Vector(-0.005952, -0.155542, -0.305348)],
        ["SunIntensity", 1.000000],
        ["TreeLightKoef", 0.400000],
        ["TreeNormalRelax", 0.000000],
        ["TreeShadowLodDistance", 25.000000],
        ["AntiSunHorAngle", 105.000000]
      ]
    ],

    [
      "Terrain",
      "",
      "",
      new Matrix(
          1.000000, 0.000000, 0.000000, 0.000000,
          0.000000, 1.000000, 0.000000, 0.000000,
          0.000000, 0.000000, 1.000000, 0.000000,
          0.000000, 0.000000, 0.000000, 1.000000
        ),
      [
        ["ForestTextureScale", 0.500000],
        ["ForestShadowBorderScale", 0.400000],
        ["ForestShadowAlphaScale", 0.500000],
        ["ForestBeginFadeDist", [250.000000, 480.000000]],
        ["IsAntiLighting", true],
        ["TerrainShadowPower", 1.000000],
        ["VertForestDistMin", 800.000000],
        ["VertForestDistMax", 8000.000000],
        ["VertForestAngleMin", 0.000000],
        ["VertForestAngleMax", 45.000000],
        ["VertForestBeginFadeDist", [250.000000, 410.000000]],
        ["WaterBorderColor", new Color(0.556863, 0.521569, 0.443137, 1.000000)],
        ["WaterFresnelPower", 2.000000],
        ["NormalNoise", 0.300000]
      ]
    ],

    [
      "Village",
      "ObjectsGroup",
      "CObjectsGroup",
      new Matrix(
          0.841173, 0.540767, 0.000000, 4690.329590,
          -0.540767, 0.841173, 0.000000, 3129.365479,
          0.000000, 0.000000, 1.000000, 590.644104,
          0.000000, 0.000000, 0.000000, 1.000000
        ),
      [
        ["Contents", ["AdministrativeBuilding", "Village_Group1", "Village_Group2", "Village_Group3", "Village_Group4", "Village_Group5", "Village_Group6", "Village_Group7", "Village_Group8", "Village_Group9", "Village_Micro", "Village_Shed", "Village_Well1"]]
      ]
    ],

    [
      "Village_Micro",
      "Locator",
      "CTerrainPatch",
      new Matrix(
          -0.531176, 0.847262, 0.000000, 4690.286621,
          -0.847262, -0.531176, 0.000000, 3154.692139,
          0.000000, 0.000000, 1.000000, 586.889160,
          0.000000, 0.000000, 0.000000, 1.000000
        ),
      [
        ["Dimensions", new Vector(160.000000, 160.000000, 5.940674)],
        ["TextureName", "Textures/C1M1_Populated01_micro.tex"],
        ["ZoneName", "Textures/C1M1_Populated01_zone.bmp"],
        ["BorderSize", 80.000000],
        ["MaterialID", "Village"]
      ]
    ],

    [
      "AdministrativeBuilding",
      "InteriorObject",
      "CUSRHouseWoodUnit",
      new Matrix(
          0.842173, 0.539161, 0.007101, 4703.979004,
          -0.539107, 0.841689, 0.030388, 3163.054932,
          0.010407, -0.029420, 0.999513, 586.579590,
          0.000000, 0.000000, 0.000000, 1.000000
        ),
      [
        ["SurfaceControl", "PutonGround"],
        ["HitPoints", 100.000000],
        ["Affiliation", "NEUTRAL"],
        ["Route", []],
        ["ShadowPlaneOffset", 0.050000],
        ["FakeShadowOffset", 0.090000]
      ]
    ],

    [
      "Village_Shed",
      "InteriorObject",
      "CUSRShedWoodUnit",
      new Matrix(
          0.529213, -0.848489, 0.000000, 4776.969238,
          0.848489, 0.529213, 0.000000, 3124.872314,
          0.000000, 0.000000, 1.000000, 589.464661,
          0.000000, 0.000000, 0.000000, 1.000000
        ),
      [
        ["SurfaceControl", "PutonGroundUpright"],
        ["HitPoints", 100.000000],
        ["Affiliation", "NEUTRAL"],
        ["Route", []],
        ["ShadowPlaneOffset", 0.050000],
        ["FakeShadowOffset", 0.090000]
      ]
    ],

    [
      "Village_Well1",
      "ObjectsGroup",
      "CObjectsGroup",
      new Matrix(
          0.841173, 0.540767, 0.000000, 4705.765137,
          -0.540767, 0.841173, 0.000000, 3176.484863,
          0.000000, 0.000000, 1.000000, 589.830017,
          0.000000, 0.000000, 0.000000, 1.000000
        ),
      [
        ["Contents", ["Village_Well1_1", "Village_Well1_2"]]
      ]
    ],

    [
      "Village_Well1_1",
      "InteriorObject",
      "CWaterWell_1Unit",
      new Matrix(
          -0.983374, 0.181589, 0.000000, 4703.536621,
          -0.181589, -0.983374, 0.000000, 3176.077637,
          0.000000, 0.000000, 1.000000, 586.273132,
          0.000000, 0.000000, 0.000000, 1.000000
        ),
      [
        ["HitPoints", 100.000000],
        ["SurfaceControl", "PutonGroundUpright"],
        ["Affiliation", "NEUTRAL"],
        ["Route", []],
        ["ShadowPlaneOffset", 0.050000]
      ]
    ],

    [
      "Village_Well1_2",
      "InteriorObject",
      "CWaterWell_2Unit",
      new Matrix(
          0.987035, -0.160264, 0.008819, 4703.796875,
          0.160065, 0.986904, 0.019979, 3176.202881,
          -0.011905, -0.018309, 0.999762, 586.271240,
          0.000000, 0.000000, 0.000000, 1.000000
        ),
      [
        ["SurfaceControl", "PutonGround"]
      ]
    ],

    [
      "Village_Group1",
      "ObjectsGroup",
      "CObjectsGroup",
      new Matrix(
          0.841173, 0.540767, 0.000000, 4616.510742,
          -0.540767, 0.841173, 0.000000, 3130.999268,
          0.000000, 0.000000, 1.000000, 591.861084,
          0.000000, 0.000000, 0.000000, 1.000000
        ),
      [
        ["Contents", ["Village_FensesGroup1", "Village_House_1"]]
      ]
    ],

    [
      "Village_House_1",
      "InteriorObject",
      "CUSRHouseWoodUnit",
      new Matrix(
          -0.503420, 0.863765, 0.021866, 4615.024902,
          -0.863496, -0.503840, 0.022800, 3119.728271,
          0.030710, -0.007403, 0.999501, 590.483582,
          0.000000, 0.000000, 0.000000, 1.000000
        ),
      [
        ["SurfaceControl", "PutonGround"],
        ["HitPoints", 100.000000],
        ["Affiliation", "NEUTRAL"],
        ["Route", []],
        ["ShadowPlaneOffset", 0.050000],
        ["FakeShadowOffset", 0.090000]
      ]
    ],

    [
      "Village_FensesGroup1",
      "ObjectsGroup",
      "CObjectsGroup",
      new Matrix(
          0.841173, 0.540767, 0.000000, 4616.772461,
          -0.540767, 0.841173, 0.000000, 3131.405518,
          0.000000, 0.000000, 1.000000, 590.190247,
          0.000000, 0.000000, 0.000000, 1.000000
        ),
      [
        ["Contents", ["FensesGroup1_1", "FensesGroup1_2", "FensesGroup1_3", "FensesGroup1_4", "FensesGroup1_5", "FensesGroup1_6"]]
      ]
    ],

    [
      "FensesGroup1_1",
      "InteriorObject",
      "CFenceWickerUnit",
      new Matrix(
          0.848673, 0.528731, 0.014063, 4617.975098,
          -0.528905, 0.848174, 0.029336, 3116.272705,
          0.003583, -0.032334, 0.999471, 590.512817,
          0.000000, 0.000000, 0.000000, 1.000000
        ),
      [
        ["SurfaceControl", "PutonGround"],
        ["Length", 3]
      ]
    ],

    [
      "FensesGroup1_2",
      "InteriorObject",
      "CFenceWickerUnit",
      new Matrix(
          -0.840964, -0.540860, 0.015835, 4610.829102,
          0.541076, -0.840363, 0.032049, 3118.919189,
          -0.004026, 0.035520, 0.999361, 590.543457,
          0.000000, 0.000000, 0.000000, 1.000000
        ),
      [
        ["Length", 3],
        ["SurfaceControl", "PutonGround"]
      ]
    ],

    [
      "FensesGroup1_3",
      "InteriorObject",
      "CFenceWickerUnit",
      new Matrix(
          0.578411, -0.815262, 0.028080, 4622.934082,
          0.813713, 0.579057, 0.050642, 3113.045898,
          -0.057546, -0.006443, 0.998322, 590.532532,
          0.000000, 0.000000, 0.000000, 1.000000
        ),
      [
        ["SurfaceControl", "PutonGround"],
        ["Length", 8]
      ]
    ],

    [
      "FensesGroup1_4",
      "InteriorObject",
      "CFenceWickerUnit",
      new Matrix(
          0.565646, -0.824114, 0.029662, 4596.924316,
          0.821706, 0.566299, 0.064063, 3128.279785,
          -0.069593, -0.011864, 0.997505, 590.318848,
          0.000000, 0.000000, 0.000000, 1.000000
        ),
      [
        ["SurfaceControl", "PutonGround"],
        ["Length", 13]
      ]
    ],

    [
      "FensesGroup1_5",
      "InteriorObject",
      "CFenceWickerUnit",
      new Matrix(
          -0.859713, -0.510777, -0.000425, 4603.632324,
          0.510507, -0.859286, 0.031794, 3123.903320,
          -0.016605, 0.027117, 0.999494, 590.470825,
          0.000000, 0.000000, 0.000000, 1.000000
        ),
      [
        ["SurfaceControl", "PutonGround"],
        ["Length", 4]
      ]
    ],

    [
      "FensesGroup1_6",
      "InteriorObject",
      "CFenceWickerUnit",
      new Matrix(
          -0.875267, -0.481830, 0.041803, 4635.976563,
          0.483638, -0.871717, 0.078763, 3135.329102,
          -0.001510, 0.089156, 0.996016, 588.620728,
          0.000000, 0.000000, 0.000000, 1.000000
        ),
      [
        ["SurfaceControl", "PutonGround"],
        ["Length", 15]
      ]
    ],

    [
      "Village_Group2",
      "ObjectsGroup",
      "CObjectsGroup",
      new Matrix(
          -0.526331, 0.850280, 0.000000, 4641.957031,
          -0.850280, -0.526331, 0.000000, 3119.920166,
          0.000000, 0.000000, 1.000000, 591.360718,
          0.000000, 0.000000, 0.000000, 1.000000
        ),
      [
        ["Contents", ["Village_Corral_2", "Village_FensesGroup2"]]
      ]
    ],

    [
      "Village_Corral_2",
      "InteriorObject",
      "CUSRCorralWoodUnit",
      new Matrix(
          0.829712, 0.557929, 0.017115, 4629.240234,
          -0.558093, 0.828601, 0.044179, 3113.861572,
          0.010467, -0.046207, 0.998877, 590.411621,
          0.000000, 0.000000, 0.000000, 1.000000
        ),
      [
        ["HitPoints", 200.000000],
        ["SurfaceControl", "PutonGround"],
        ["Affiliation", "NEUTRAL"],
        ["Route", []],
        ["ShadowPlaneOffset", 0.050000],
        ["FakeShadowOffset", 0.090000]
      ]
    ],

    [
      "Village_FensesGroup2",
      "ObjectsGroup",
      "CObjectsGroup",
      new Matrix(
          -0.526331, 0.850280, 0.000000, 4642.088379,
          -0.850280, -0.526331, 0.000000, 3120.131836,
          0.000000, 0.000000, 1.000000, 589.989197,
          0.000000, 0.000000, 0.000000, 1.000000
        ),
      [
        ["Contents", ["FensesGroup2_1", "FensesGroup2_2", "FensesGroup2_3", "FensesGroup2_4"]]
      ]
    ],

    [
      "FensesGroup2_1",
      "InteriorObject",
      "CFenceWickerUnit",
      new Matrix(
          0.849041, 0.528087, 0.015916, 4630.335449,
          -0.528315, 0.848437, 0.032205, 3108.298340,
          0.003503, -0.035752, 0.999355, 590.640015,
          0.000000, 0.000000, 0.000000, 1.000000
        ),
      [
        ["SurfaceControl", "PutonGround"],
        ["Length", 3]
      ]
    ],

    [
      "FensesGroup2_2",
      "InteriorObject",
      "CFenceWickerUnit",
      new Matrix(
          0.604000, -0.795991, 0.039783, 4643.339844,
          0.793655, 0.605284, 0.061177, 3101.020996,
          -0.072776, -0.005377, 0.997334, 590.657959,
          0.000000, 0.000000, 0.000000, 1.000000
        ),
      [
        ["SurfaceControl", "PutonGround"],
        ["Length", 16]
      ]
    ],

    [
      "FensesGroup2_3",
      "InteriorObject",
      "CFenceWickerUnit",
      new Matrix(
          -0.861804, -0.507241, 0.000000, 4661.211914,
          0.507241, -0.861804, 0.000000, 3127.421143,
          0.000000, 0.000000, 1.000000, 588.324341,
          0.000000, 0.000000, 0.000000, 1.000000
        ),
      [
        ["SurfaceControl", "None"],
        ["Length", 12]
      ]
    ],

    [
      "FensesGroup2_4",
      "InteriorObject",
      "CFenceWickerUnit",
      new Matrix(
          -0.660799, 0.749335, 0.042916, 4640.599609,
          -0.745017, -0.661781, 0.083640, 3139.560303,
          0.091075, 0.023296, 0.995572, 588.099915,
          0.000000, 0.000000, 0.000000, 1.000000
        ),
      [
        ["SurfaceControl", "PutonGround"],
        ["Length", 8]
      ]
    ],

    [
      "Village_Group3",
      "ObjectsGroup",
      "CObjectsGroup",
      new Matrix(
          0.655267, -0.755397, 0.000000, 4644.572266,
          0.755397, 0.655267, 0.000000, 3170.565430,
          0.000000, 0.000000, 1.000000, 588.887634,
          0.000000, 0.000000, 0.000000, 1.000000
        ),
      [
        ["Contents", ["Village_FensesGroup3", "Village_House_3", "Village_Shed_3"]]
      ]
    ],

    [
      "Village_House_3",
      "InteriorObject",
      "CUSRHouseWoodUnit",
      new Matrix(
          0.624986, -0.780476, 0.015781, 4643.399902,
          0.780261, 0.625185, 0.018350, 3180.790527,
          -0.024188, 0.000844, 0.999707, 586.657349,
          0.000000, 0.000000, 0.000000, 1.000000
        ),
      [
        ["SurfaceControl", "PutonGround"],
        ["HitPoints", 100.000000],
        ["Affiliation", "NEUTRAL"],
        ["Route", []],
        ["ShadowPlaneOffset", 0.050000],
        ["FakeShadowOffset", 0.090000]
      ]
    ],

    [
      "Village_Shed_3",
      "InteriorObject",
      "CUSRShedWoodUnit",
      new Matrix(
          -0.720676, -0.693194, 0.010417, 4640.565430,
          0.693110, -0.720102, 0.032434, 3159.395996,
          -0.014982, 0.030594, 0.999420, 587.215881,
          0.000000, 0.000000, 0.000000, 1.000000
        ),
      [
        ["SurfaceControl", "PutonGround"],
        ["HitPoints", 100.000000],
        ["Affiliation", "NEUTRAL"],
        ["Route", []],
        ["ShadowPlaneOffset", 0.050000],
        ["FakeShadowOffset", 0.090000]
      ]
    ],

    [
      "Village_FensesGroup3",
      "ObjectsGroup",
      "CObjectsGroup",
      new Matrix(
          0.655267, -0.755397, 0.000000, 4644.949707,
          0.755397, 0.655267, 0.000000, 3170.238525,
          0.000000, 0.000000, 1.000000, 587.596802,
          0.000000, 0.000000, 0.000000, 1.000000
        ),
      [
        ["Contents", ["FensesGroup3_1", "FensesGroup3_2", "FensesGroup3_3", "FensesGroup3_4", "FensesGroup3_5", "FensesGroup3_6"]]
      ]
    ],

    [
      "FensesGroup3_1",
      "InteriorObject",
      "CFenceWickerUnit",
      new Matrix(
          0.660843, -0.750458, 0.009924, 4626.302734,
          0.750265, 0.660905, 0.017536, 3166.901611,
          -0.019719, -0.004143, 0.999797, 587.085510,
          0.000000, 0.000000, 0.000000, 1.000000
        ),
      [
        ["SurfaceControl", "PutonGround"],
        ["Length", 9]
      ]
    ],

    [
      "FensesGroup3_2",
      "InteriorObject",
      "CFenceWickerUnit",
      new Matrix(
          -0.780024, -0.625563, 0.015264, 4652.537598,
          0.625746, -0.779866, 0.015828, 3177.678711,
          0.002002, 0.021898, 0.999758, 586.544861,
          0.000000, 0.000000, 0.000000, 1.000000
        ),
      [
        ["Length", 3],
        ["SurfaceControl", "PutonGround"]
      ]
    ],

    [
      "FensesGroup3_3",
      "InteriorObject",
      "CFenceWickerUnit",
      new Matrix(
          0.713630, -0.700426, 0.011614, 4653.727539,
          0.699965, 0.713625, 0.028061, 3163.959229,
          -0.027943, -0.011896, 0.999539, 586.947998,
          0.000000, 0.000000, 0.000000, 1.000000
        ),
      [
        ["SurfaceControl", "PutonGround"],
        ["Length", 7]
      ]
    ],

    [
      "FensesGroup3_4",
      "InteriorObject",
      "CFenceWickerUnit",
      new Matrix(
          -0.809975, -0.586415, 0.007610, 4660.669434,
          0.586330, -0.809442, 0.031947, 3171.136719,
          -0.012574, 0.030339, 0.999461, 586.655457,
          0.000000, 0.000000, 0.000000, 1.000000
        ),
      [
        ["Length", 3],
        ["SurfaceControl", "PutonGround"]
      ]
    ],

    [
      "FensesGroup3_5",
      "InteriorObject",
      "CFenceWickerUnit",
      new Matrix(
          0.704283, -0.709729, 0.016423, 4642.698242,
          0.709318, 0.704451, 0.024840, 3152.386475,
          -0.029199, -0.005845, 0.999557, 587.424438,
          0.000000, 0.000000, 0.000000, 1.000000
        ),
      [
        ["SurfaceControl", "PutonGround"],
        ["Length", 8]
      ]
    ],

    [
      "FensesGroup3_6",
      "InteriorObject",
      "CFenceWickerUnit",
      new Matrix(
          0.777349, 0.628983, 0.010459, 4626.484375,
          -0.628909, 0.776666, 0.035551, 3167.030518,
          0.014238, -0.034213, 0.999313, 587.078552,
          0.000000, 0.000000, 0.000000, 1.000000
        ),
      [
        ["SurfaceControl", "PutonGround"],
        ["Length", 11]
      ]
    ],

    [
      "Village_Group4",
      "ObjectsGroup",
      "CObjectsGroup",
      new Matrix(
          -0.775474, -0.631380, 0.000000, 4664.271484,
          0.631380, -0.775474, 0.000000, 3157.870117,
          0.000000, 0.000000, 1.000000, 589.062866,
          0.000000, 0.000000, 0.000000, 1.000000
        ),
      [
        ["Contents", ["Village_FensesGroup4", "Village_House_4"]]
      ]
    ],

    [
      "Village_House_4",
      "InteriorObject",
      "CUSRHouseWoodUnit",
      new Matrix(
          -0.648619, 0.761101, 0.004325, 4672.929688,
          -0.760870, -0.648545, 0.021585, 3159.856445,
          0.019234, 0.010710, 0.999758, 586.871033,
          0.000000, 0.000000, 0.000000, 1.000000
        ),
      [
        ["SurfaceControl", "PutonGround"],
        ["HitPoints", 100.000000],
        ["Affiliation", "NEUTRAL"],
        ["Route", []],
        ["ShadowPlaneOffset", 0.050000],
        ["FakeShadowOffset", 0.090000]
      ]
    ],

    [
      "Village_FensesGroup4",
      "ObjectsGroup",
      "CObjectsGroup",
      new Matrix(
          -0.775474, -0.631380, 0.000000, 4664.271484,
          0.631380, -0.775474, 0.000000, 3157.870117,
          0.000000, 0.000000, 1.000000, 587.734314,
          0.000000, 0.000000, 0.000000, 1.000000
        ),
      [
        ["Contents", ["FensesGroup4_1", "FensesGroup4_2", "FensesGroup4_3", "FensesGroup4_4"]]
      ]
    ],

    [
      "FensesGroup4_1",
      "InteriorObject",
      "CFenceWickerUnit",
      new Matrix(
          -0.800625, -0.599107, 0.008350, 4669.591797,
          0.599051, -0.800122, 0.030714, 3169.020264,
          -0.011720, 0.029593, 0.999493, 586.653015,
          0.000000, 0.000000, 0.000000, 1.000000
        ),
      [
        ["Length", 4],
        ["SurfaceControl", "PutonGround"]
      ]
    ],

    [
      "FensesGroup4_2",
      "InteriorObject",
      "CFenceWickerUnit",
      new Matrix(
          0.785484, 0.618848, 0.006473, 4647.345215,
          -0.618691, 0.784939, 0.033058, 3157.254883,
          0.015377, -0.029972, 0.999433, 587.200562,
          0.000000, 0.000000, 0.000000, 1.000000
        ),
      [
        ["SurfaceControl", "PutonGround"],
        ["Length", 12]
      ]
    ],

    [
      "FensesGroup4_3",
      "InteriorObject",
      "CFenceWickerUnit",
      new Matrix(
          0.685814, -0.727755, 0.005619, 4665.153320,
          0.727086, 0.685480, 0.038247, 3141.605713,
          -0.031686, -0.022145, 0.999253, 587.592529,
          0.000000, 0.000000, 0.000000, 1.000000
        ),
      [
        ["SurfaceControl", "PutonGround"],
        ["Length", 12]
      ]
    ],

    [
      "FensesGroup4_4",
      "InteriorObject",
      "CFenceWickerUnit",
      new Matrix(
          -0.782147, -0.622972, 0.012344, 4680.419922,
          0.623044, -0.781681, 0.028111, 3160.112549,
          -0.007863, 0.029677, 0.999529, 586.796326,
          0.000000, 0.000000, 0.000000, 1.000000
        ),
      [
        ["Length", 5],
        ["SurfaceControl", "PutonGround"]
      ]
    ],

    [
      "Village_Group5",
      "ObjectsGroup",
      "CObjectsGroup",
      new Matrix(
          0.548871, -0.835907, 0.000000, 4733.255371,
          0.835907, 0.548871, 0.000000, 3148.562744,
          0.000000, 0.000000, 1.000000, 589.450378,
          0.000000, 0.000000, 0.000000, 1.000000
        ),
      [
        ["Contents", ["Village_Corral_5", "Village_FensesGroup5", "Village_House_5"]]
      ]
    ],

    [
      "Village_House_5",
      "InteriorObject",
      "CUSRHouseWoodUnit",
      new Matrix(
          -0.598641, 0.800822, -0.017703, 4736.521484,
          -0.800950, -0.598158, 0.026189, 3135.406738,
          0.010384, 0.029856, 0.999500, 587.700806,
          0.000000, 0.000000, 0.000000, 1.000000
        ),
      [
        ["SurfaceControl", "PutonGround"],
        ["HitPoints", 100.000000],
        ["Affiliation", "NEUTRAL"],
        ["Route", []],
        ["ShadowPlaneOffset", 0.050000],
        ["FakeShadowOffset", 0.090000]
      ]
    ],

    [
      "Village_Corral_5",
      "InteriorObject",
      "CUSRCorralWoodUnit",
      new Matrix(
          0.826766, 0.562227, -0.018929, 4725.317383,
          -0.561514, 0.826820, 0.032730, 3153.980469,
          0.034053, -0.016431, 0.999285, 586.918152,
          0.000000, 0.000000, 0.000000, 1.000000
        ),
      [
        ["SurfaceControl", "PutonGround"],
        ["HitPoints", 200.000000],
        ["Affiliation", "NEUTRAL"],
        ["Route", []],
        ["ShadowPlaneOffset", 0.050000],
        ["FakeShadowOffset", 0.090000]
      ]
    ],

    [
      "Village_FensesGroup5",
      "ObjectsGroup",
      "CObjectsGroup",
      new Matrix(
          0.548871, -0.835907, 0.000000, 4731.250977,
          0.835907, 0.548871, 0.000000, 3151.349365,
          0.000000, 0.000000, 1.000000, 587.664917,
          0.000000, 0.000000, 0.000000, 1.000000
        ),
      [
        ["Contents", ["FensesGroup5_1", "FensesGroup5_2", "FensesGroup5_3", "FensesGroup5_4"]]
      ]
    ],

    [
      "FensesGroup5_1",
      "InteriorObject",
      "CFenceWickerUnit",
      new Matrix(
          0.574269, -0.818667, 0.000438, 4714.923340,
          0.818405, 0.574098, 0.024994, 3147.674805,
          -0.020713, -0.013995, 0.999687, 587.048706,
          0.000000, 0.000000, 0.000000, 1.000000
        ),
      [
        ["SurfaceControl", "PutonGround"],
        ["Length", 12]
      ]
    ],

    [
      "FensesGroup5_2",
      "InteriorObject",
      "CFenceWickerUnit",
      new Matrix(
          0.851108, 0.524991, -0.000460, 4714.954590,
          -0.524646, 0.850579, 0.035539, 3147.744385,
          0.019049, -0.030006, 0.999368, 587.049561,
          0.000000, 0.000000, 0.000000, 1.000000
        ),
      [
        ["SurfaceControl", "PutonGround"],
        ["Length", 6]
      ]
    ],

    [
      "FensesGroup5_3",
      "InteriorObject",
      "CFenceWickerUnit",
      new Matrix(
          0.582046, -0.812848, -0.022367, 4736.894043,
          0.813014, 0.581212, 0.034651, 3140.113281,
          -0.015166, -0.038353, 0.999149, 587.563293,
          0.000000, 0.000000, 0.000000, 1.000000
        ),
      [
        ["SurfaceControl", "PutonGround"],
        ["Length", 9]
      ]
    ],

    [
      "FensesGroup5_4",
      "InteriorObject",
      "CFenceWickerUnit",
      new Matrix(
          0.837004, 0.546654, -0.024360, 4728.149414,
          -0.546261, 0.837347, 0.021200, 3167.688232,
          0.031987, -0.004438, 0.999478, 586.538818,
          0.000000, 0.000000, 0.000000, 1.000000
        ),
      [
        ["SurfaceControl", "PutonGround"],
        ["Length", 11]
      ]
    ],

    [
      "Village_Group6",
      "ObjectsGroup",
      "CObjectsGroup",
      new Matrix(
          0.816739, 0.577008, 0.000000, 4749.202637,
          -0.577008, 0.816739, 0.000000, 3137.329834,
          0.000000, 0.000000, 1.000000, 589.299561,
          0.000000, 0.000000, 0.000000, 1.000000
        ),
      [
        ["Contents", ["Village_FensesGroup6", "Village_Shed_6"]]
      ]
    ],

    [
      "Village_Shed_6",
      "InteriorObject",
      "CUSRShedWoodUnit",
      new Matrix(
          0.821417, 0.569267, -0.034761, 4759.464844,
          -0.568551, 0.822143, 0.028811, 3140.759033,
          0.044979, -0.003902, 0.998980, 588.162109,
          0.000000, 0.000000, 0.000000, 1.000000
        ),
      [
        ["SurfaceControl", "PutonGround"],
        ["HitPoints", 100.000000],
        ["Affiliation", "NEUTRAL"],
        ["Route", []],
        ["ShadowPlaneOffset", 0.050000],
        ["FakeShadowOffset", 0.090000]
      ]
    ],

    [
      "Village_FensesGroup6",
      "ObjectsGroup",
      "CObjectsGroup",
      new Matrix(
          0.816739, 0.577008, 0.000000, 4749.031738,
          -0.577008, 0.816739, 0.000000, 3137.087646,
          0.000000, 0.000000, 1.000000, 588.687256,
          0.000000, 0.000000, 0.000000, 1.000000
        ),
      [
        ["Contents", ["FensesGroup6_1", "FensesGroup6_2", "FensesGroup6_3", "FensesGroup6_4"]]
      ]
    ],

    [
      "FensesGroup6_1",
      "InteriorObject",
      "CFenceWickerUnit",
      new Matrix(
          0.850218, 0.526172, -0.016502, 4736.923340,
          -0.525541, 0.850185, 0.031488, 3139.963135,
          0.030597, -0.018099, 0.999368, 587.570984,
          0.000000, 0.000000, 0.000000, 1.000000
        ),
      [
        ["SurfaceControl", "PutonGround"],
        ["Length", 3]
      ]
    ],

    [
      "FensesGroup6_2",
      "InteriorObject",
      "CFenceWickerUnit",
      new Matrix(
          0.868145, 0.495786, -0.022799, 4747.220215,
          -0.494452, 0.867953, 0.046639, 3124.213379,
          0.042912, -0.029217, 0.998652, 588.311584,
          0.000000, 0.000000, 0.000000, 1.000000
        ),
      [
        ["SurfaceControl", "PutonGround"],
        ["Length", 3]
      ]
    ],

    [
      "FensesGroup6_3",
      "InteriorObject",
      "CFenceWickerUnit",
      new Matrix(
          0.599849, -0.798913, -0.043798, 4751.916016,
          0.800075, 0.598384, 0.042626, 3120.615479,
          -0.007847, -0.060611, 0.998131, 588.577393,
          0.000000, 0.000000, 0.000000, 1.000000
        ),
      [
        ["SurfaceControl", "PutonGround"],
        ["Length", 9]
      ]
    ],

    [
      "FensesGroup6_4",
      "InteriorObject",
      "CFenceWickerUnit",
      new Matrix(
          -0.873698, -0.485570, -0.029550, 4757.036133,
          0.484411, -0.873978, 0.038840, 3145.802490,
          -0.044686, 0.019620, 0.998808, 587.918152,
          0.000000, 0.000000, 0.000000, 1.000000
        ),
      [
        ["SurfaceControl", "PutonGround"],
        ["Length", 7]
      ]
    ],

    [
      "Village_Group7",
      "ObjectsGroup",
      "CObjectsGroup",
      new Matrix(
          0.582300, -0.812974, 0.000000, 4701.558594,
          0.812974, 0.582300, 0.000000, 3128.480225,
          0.000000, 0.000000, 1.000000, 589.529114,
          0.000000, 0.000000, 0.000000, 1.000000
        ),
      [
        ["Contents", ["Village_FensesGroup7", "Village_House_7", "Village_Shed_7"]]
      ]
    ],

    [
      "Village_House_7",
      "InteriorObject",
      "CUSRHouseWoodUnit",
      new Matrix(
          0.581448, -0.813541, 0.008345, 4697.907227,
          0.812651, 0.581242, 0.041890, 3141.602051,
          -0.038930, -0.017575, 0.999087, 587.304871,
          0.000000, 0.000000, 0.000000, 1.000000
        ),
      [
        ["SurfaceControl", "PutonGround"],
        ["HitPoints", 100.000000],
        ["Affiliation", "NEUTRAL"],
        ["Route", []],
        ["ShadowPlaneOffset", 0.050000],
        ["FakeShadowOffset", 0.090000]
      ]
    ],

    [
      "Village_Shed_7",
      "InteriorObject",
      "CUSRShedWoodUnit",
      new Matrix(
          -0.579277, 0.815052, 0.011359, 4699.469238,
          -0.814640, -0.579355, 0.026635, 3121.778076,
          0.028290, 0.006176, 0.999581, 587.962891,
          0.000000, 0.000000, 0.000000, 1.000000
        ),
      [
        ["SurfaceControl", "PutonGround"],
        ["HitPoints", 100.000000],
        ["Affiliation", "NEUTRAL"],
        ["Route", []],
        ["ShadowPlaneOffset", 0.050000],
        ["FakeShadowOffset", 0.090000]
      ]
    ],

    [
      "Village_FensesGroup7",
      "ObjectsGroup",
      "CObjectsGroup",
      new Matrix(
          0.582300, -0.812974, 0.000000, 4701.558594,
          0.812974, 0.582300, 0.000000, 3128.480225,
          0.000000, 0.000000, 1.000000, 588.272827,
          0.000000, 0.000000, 0.000000, 1.000000
        ),
      [
        ["Contents", ["FensesGroup7_1", "FensesGroup7_2", "FensesGroup7_3", "FensesGroup7_4", "FensesGroup7_5", "FensesGroup7_6"]]
      ]
    ],

    [
      "FensesGroup7_1",
      "InteriorObject",
      "CFenceWickerUnit",
      new Matrix(
          0.619175, -0.785197, 0.009389, 4681.064453,
          0.784588, 0.619098, 0.033755, 3127.371338,
          -0.032317, -0.013533, 0.999386, 587.891846,
          0.000000, 0.000000, 0.000000, 1.000000
        ),
      [
        ["SurfaceControl", "PutonGround"],
        ["Length", 13]
      ]
    ],

    [
      "FensesGroup7_2",
      "InteriorObject",
      "CFenceWickerUnit",
      new Matrix(
          -0.843965, -0.536398, -0.000347, 4704.364258,
          0.536109, -0.843531, 0.032289, 3142.656494,
          -0.017613, 0.027065, 0.999478, 587.214661,
          0.000000, 0.000000, 0.000000, 1.000000
        ),
      [
        ["SurfaceControl", "PutonGround"],
        ["Length", 5]
      ]
    ],

    [
      "FensesGroup7_3",
      "InteriorObject",
      "CFenceWickerUnit",
      new Matrix(
          -0.849505, -0.527565, 0.004064, 4720.538086,
          0.527342, -0.848862, 0.036662, 3131.051514,
          -0.015892, 0.033288, 0.999319, 587.598267,
          0.000000, 0.000000, 0.000000, 1.000000
        ),
      [
        ["SurfaceControl", "PutonGround"],
        ["Length", 8]
      ]
    ],

    [
      "FensesGroup7_4",
      "InteriorObject",
      "CFenceWickerUnit",
      new Matrix(
          -0.835292, -0.549800, 0.002505, 4692.712891,
          0.549656, -0.834949, 0.027169, 3119.267334,
          -0.012846, 0.024070, 0.999628, 588.085938,
          0.000000, 0.000000, 0.000000, 1.000000
        ),
      [
        ["SurfaceControl", "PutonGround"],
        ["Length", 7]
      ]
    ],

    [
      "FensesGroup7_5",
      "InteriorObject",
      "CFenceWickerUnit",
      new Matrix(
          -0.619546, 0.784908, 0.009065, 4712.164551,
          -0.784433, -0.619512, 0.029478, 3137.065674,
          0.028753, 0.011152, 0.999524, 587.394470,
          0.000000, 0.000000, 0.000000, 1.000000
        ),
      [
        ["SurfaceControl", "PutonGround"],
        ["Length", 8]
      ]
    ],

    [
      "FensesGroup7_6",
      "InteriorObject",
      "CFenceWickerUnit",
      new Matrix(
          0.833633, 0.552213, 0.010797, 4698.629395,
          -0.552265, 0.833124, 0.030135, 3117.444336,
          0.007646, -0.031084, 0.999488, 588.111084,
          0.000000, 0.000000, 0.000000, 1.000000
        ),
      [
        ["SurfaceControl", "PutonGround"],
        ["Length", 6]
      ]
    ],

    [
      "Village_Group8",
      "ObjectsGroup",
      "CObjectsGroup",
      new Matrix(
          -0.823523, -0.567282, 0.000000, 4717.521973,
          0.567282, -0.823523, 0.000000, 3113.704346,
          0.000000, 0.000000, 1.000000, 590.084351,
          0.000000, 0.000000, 0.000000, 1.000000
        ),
      [
        ["Contents", ["Village_Corral_8", "Village_FensesGroup8", "Village_House_8"]]
      ]
    ],

    [
      "Village_House_8",
      "InteriorObject",
      "CUSRHouseWoodUnit",
      new Matrix(
          -0.571658, 0.820434, -0.009742, 4724.362793,
          -0.820223, -0.571127, 0.032360, 3123.032959,
          0.020985, 0.026490, 0.999429, 587.873779,
          0.000000, 0.000000, 0.000000, 1.000000
        ),
      [
        ["SurfaceControl", "PutonGround"],
        ["HitPoints", 100.000000],
        ["Affiliation", "NEUTRAL"],
        ["Route", []],
        ["ShadowPlaneOffset", 0.050000],
        ["FakeShadowOffset", 0.090000]
      ]
    ],

    [
      "Village_Corral_8",
      "InteriorObject",
      "CUSRCorralWoodUnit",
      new Matrix(
          0.824187, 0.566318, 0.000000, 4712.645996,
          -0.566318, 0.824187, 0.000000, 3130.060303,
          0.000000, 0.000000, 1.000000, 587.627991,
          0.000000, 0.000000, 0.000000, 1.000000
        ),
      [
        ["SurfaceControl", "PutonGroundUpright"],
        ["HitPoints", 200.000000],
        ["Affiliation", "NEUTRAL"],
        ["Route", []],
        ["ShadowPlaneOffset", 0.050000],
        ["FakeShadowOffset", 0.090000]
      ]
    ],

    [
      "Village_FensesGroup8",
      "ObjectsGroup",
      "CObjectsGroup",
      new Matrix(
          -0.823523, -0.567282, 0.000000, 4722.992188,
          0.567282, -0.823523, 0.000000, 3109.936279,
          0.000000, 0.000000, 1.000000, 589.297485,
          0.000000, 0.000000, 0.000000, 1.000000
        ),
      [
        ["Contents", ["FensesGroup8_1", "FensesGroup8_2", "FensesGroup8_3"]]
      ]
    ],

    [
      "FensesGroup8_1",
      "InteriorObject",
      "CFenceWickerUnit",
      new Matrix(
          -0.879856, -0.474876, -0.018642, 4741.129395,
          0.473748, -0.879523, 0.044740, 3116.984863,
          -0.037642, 0.030533, 0.998825, 588.523682,
          0.000000, 0.000000, 0.000000, 1.000000
        ),
      [
        ["SurfaceControl", "PutonGround"],
        ["Length", 11]
      ]
    ],

    [
      "FensesGroup8_2",
      "InteriorObject",
      "CFenceWickerUnit",
      new Matrix(
          0.624643, -0.780381, -0.028738, 4722.873047,
          0.780782, 0.623452, 0.041057, 3110.141113,
          -0.014123, -0.048084, 0.998743, 588.245361,
          0.000000, 0.000000, 0.000000, 1.000000
        ),
      [
        ["SurfaceControl", "PutonGround"],
        ["Length", 8]
      ]
    ],

    [
      "FensesGroup8_3",
      "InteriorObject",
      "CFenceWickerUnit",
      new Matrix(
          0.661348, -0.749974, -0.012579, 4713.887695,
          0.748527, 0.658807, 0.075369, 3096.607666,
          -0.048237, -0.059261, 0.997076, 589.124146,
          0.000000, 0.000000, 0.000000, 1.000000
        ),
      [
        ["SurfaceControl", "PutonGround"],
        ["Length", 8]
      ]
    ],

    [
      "Village_Group9",
      "ObjectsGroup",
      "CObjectsGroup",
      new Matrix(
          -0.874027, -0.485877, 0.000000, 4734.365234,
          0.485877, -0.874027, 0.000000, 3101.920898,
          0.000000, 0.000000, 1.000000, 590.490601,
          0.000000, 0.000000, 0.000000, 1.000000
        ),
      [
        ["Contents", ["Village_FensesGroup9", "Village_House_9", "Village_Shed_9"]]
      ]
    ],

    [
      "Village_House_9",
      "InteriorObject",
      "CUSRHouseWoodUnit",
      new Matrix(
          0.526771, -0.849508, -0.029127, 4734.208008,
          0.849817, 0.525618, 0.039201, 3116.988037,
          -0.017992, -0.045403, 0.998807, 588.280701,
          0.000000, 0.000000, 0.000000, 1.000000
        ),
      [
        ["SurfaceControl", "PutonGround"],
        ["HitPoints", 100.000000],
        ["Affiliation", "NEUTRAL"],
        ["Route", []],
        ["ShadowPlaneOffset", 0.050000],
        ["FakeShadowOffset", 0.090000]
      ]
    ],

    [
      "Village_Shed_9",
      "InteriorObject",
      "CUSRShedWoodUnit",
      new Matrix(
          -0.525899, 0.849707, -0.037788, 4744.795410,
          -0.850177, -0.523842, 0.052799, 3107.783691,
          0.025069, 0.059894, 0.997890, 589.045166,
          0.000000, 0.000000, 0.000000, 1.000000
        ),
      [
        ["SurfaceControl", "PutonGround"],
        ["HitPoints", 100.000000],
        ["Affiliation", "NEUTRAL"],
        ["Route", []],
        ["ShadowPlaneOffset", 0.050000],
        ["FakeShadowOffset", 0.090000]
      ]
    ],

    [
      "Village_FensesGroup9",
      "ObjectsGroup",
      "CObjectsGroup",
      new Matrix(
          -0.874027, -0.485877, 0.000000, 4737.362793,
          0.485877, -0.874027, 0.000000, 3099.329346,
          0.000000, 0.000000, 1.000000, 590.372681,
          0.000000, 0.000000, 0.000000, 1.000000
        ),
      [
        ["Contents", ["FensesGroup9_1", "FensesGroup9_2", "FensesGroup9_3", "FensesGroup9_4"]]
      ]
    ],

    [
      "FensesGroup9_1",
      "InteriorObject",
      "CFenceWickerUnit",
      new Matrix(
          -0.967410, -0.253074, -0.008460, 4733.486328,
          0.250407, -0.961110, 0.116464, 3086.175293,
          -0.037605, 0.110550, 0.993159, 590.392700,
          0.000000, 0.000000, 0.000000, 1.000000
        ),
      [
        ["SurfaceControl", "PutonGround"],
        ["Length", 6]
      ]
    ],

    [
      "FensesGroup9_2",
      "InteriorObject",
      "CFenceWickerUnit",
      new Matrix(
          0.754961, -0.655333, -0.023918, 4733.559570,
          0.654577, 0.750888, 0.087729, 3086.092773,
          -0.039532, -0.081888, 0.995857, 590.399597,
          0.000000, 0.000000, 0.000000, 1.000000
        ),
      [
        ["SurfaceControl", "PutonGround"],
        ["Length", 8]
      ]
    ],

    [
      "FensesGroup9_3",
      "InteriorObject",
      "CFenceWickerUnit",
      new Matrix(
          0.666461, -0.744645, -0.036523, 4743.396973,
          0.745266, 0.664089, 0.059702, 3098.829590,
          -0.020202, -0.067009, 0.997548, 589.504639,
          0.000000, 0.000000, 0.000000, 1.000000
        ),
      [
        ["SurfaceControl", "PutonGround"],
        ["Length", 7]
      ]
    ],

    [
      "FensesGroup9_4",
      "InteriorObject",
      "CFenceWickerUnit",
      new Matrix(
          -0.888326, -0.457966, -0.033820, 4751.175293,
          0.456450, -0.888650, 0.044197, 3110.318115,
          -0.050295, 0.023824, 0.998450, 589.122803,
          0.000000, 0.000000, 0.000000, 1.000000
        ),
      [
        ["SurfaceControl", "PutonGround"],
        ["Length", 4]
      ]
    ],

    [
      "Palisade_1",
      "InteriorObject",
      "CFencePalisadeUnit",
      new Matrix(
          0.999186, -0.038613, -0.011702, 4583.347656,
          0.038772, 0.999154, 0.013719, 3511.163086,
          0.011162, -0.014162, 0.999837, 587.097778,
          0.000000, 0.000000, 0.000000, 1.000000
        ),
      [
        ["SurfaceControl", "PutonGround"],
        ["Length", 4]
      ]
    ],

    [
      "Palisade_2",
      "InteriorObject",
      "CFencePalisadeUnit",
      new Matrix(
          0.923457, -0.383696, 0.002052, 4600.246582,
          0.383686, 0.923454, 0.004156, 3512.344482,
          -0.003490, -0.003051, 0.999989, 587.289185,
          0.000000, 0.000000, 0.000000, 1.000000
        ),
      [
        ["SurfaceControl", "PutonGround"],
        ["Length", 4]
      ]
    ],

    [
      "Palisade_3",
      "InteriorObject",
