//-------------------------------------------------------------------
//
//  This code is copyright 2001 by G5 Software.
//  Any unauthorized usage, either in part or in whole of this code
//  is strictly prohibited. Violators WILL be prosecuted to the
//  maximum extent allowed by law.
//
//-------------------------------------------------------------------
//
//  Automatically-generated mission script file
//  DO NOT EDIT!
//
//-------------------------------------------------------------------


class CCF3Content
{
  static String m_ObjectListClassFile = "Missions/MISSIONS/CF3Mission/Content.script";
  static String m_ObjectListClassName = "CCF3Content";

  static Array  m_MissionObjectList   = [
    [
      "Atmosphere",
      "",
      "",
      new Matrix(
          1.000000, 0.000000, 0.000000, 0.000000,
          0.000000, 1.000000, 0.000000, 0.000000,
          0.000000, 0.000000, 1.000000, 0.000000,
          0.000000, 0.000000, 0.000000, 1.000000
        ),
      [
        ["AmbientLight", new Color(0.117647, 0.117647, 0.125490, 1.000000)],
        ["AntiSunAngle", 10.000000],
        ["AntiSunColor", new Color(0.811765, 0.819608, 0.854902, 1.000000)],
        ["AntiSunIntensity", 0.400000],
        ["EnableHorizontAdjustment", true],
        ["FogColorXPos", new Color(0.976471, 0.988235, 1.000000, 1.000000)],
        ["FogColorXNeg", new Color(0.976471, 0.988235, 1.000000, 1.000000)],
        ["FogColorYPos", new Color(0.976471, 0.988235, 1.000000, 1.000000)],
        ["FogColorYNeg", new Color(0.976471, 0.988235, 1.000000, 1.000000)],
        ["FogDensity", 0.000500],
        ["FogNear", 10.000000],
        ["FogFar", 800.000000],
        ["FogFarMax", 3500.000000],
        ["FogMode", "Exp"],
        ["ShadowColor", new Color(0.325490, 0.325490, 0.325490, 1.000000)],
        ["SunColor", new Color(1.000000, 1.000000, 1.000000, 1.000000)],
        ["SunDirection", new Vector(-0.005952, -0.155542, -0.305348)],
        ["SunIntensity", 1.000000],
        ["TreeLightKoef", 0.400000],
        ["TreeNormalRelax", 0.000000],
        ["TreeShadowLodDistance", 25.000000],
        ["AntiSunHorAngle", 105.000000]
      ]
    ],

    [
      "Terrain",
      "",
      "",
      new Matrix(
          1.000000, 0.000000, 0.000000, 0.000000,
          0.000000, 1.000000, 0.000000, 0.000000,
          0.000000, 0.000000, 1.000000, 0.000000,
          0.000000, 0.000000, 0.000000, 1.000000
        ),
      [
        ["ForestTextureScale", 0.500000],
        ["ForestShadowBorderScale", 0.400000],
        ["ForestShadowAlphaScale", 0.500000],
        ["ForestBeginFadeDist", [250.000000, 480.000000]],
        ["IsAntiLighting", true],
        ["TerrainShadowPower", 1.000000],
        ["VertForestDistMin", 800.000000],
        ["VertForestDistMax", 8000.000000],
        ["VertForestAngleMin", 0.000000],
        ["VertForestAngleMax", 45.000000],
        ["VertForestBeginFadeDist", [250.000000, 410.000000]],
        ["WaterBorderColor", new Color(0.556863, 0.521569, 0.443137, 1.000000)],
        ["WaterFresnelPower", 2.000000],
        ["NormalNoise", 0.300000]
      ]
    ],

    [
      "Village",
      "ObjectsGroup",
      "CObjectsGroup",
      new Matrix(
          0.841173, 0.540767, 0.000000, 4690.302734,
          -0.540767, 0.841173, 0.000000, 3129.348389,
          0.000000, 0.000000, 1.000000, 590.644104,
          0.000000, 0.000000, 0.000000, 1.000000
        ),
      [
        ["Contents", ["AdministrativeBuilding", "Village_Group1", "Village_Group2", "Village_Group3", "Village_Group4", "Village_Group5", "Village_Group6", "Village_Group7", "Village_Group8", "Village_Group9", "Village_Micro", "Village_Shed", "Village_Well1"]]
      ]
    ],

    [
      "Village_Micro",
      "Locator",
      "CTerrainPatch",
      new Matrix(
          -0.531176, 0.847262, 0.000000, 4690.286621,
          -0.847262, -0.531176, 0.000000, 3154.692139,
          0.000000, 0.000000, 1.000000, 586.889160,
          0.000000, 0.000000, 0.000000, 1.000000
        ),
      [
        ["Dimensions", new Vector(160.000000, 160.000000, 5.940674)],
        ["TextureName", "Textures/C1M1_Populated01_micro.tex"],
        ["ZoneName", "Textures/C1M1_Populated01_zone.bmp"],
        ["BorderSize", 80.000000],
        ["MaterialID", "Village"]
      ]
    ],

    [
      "AdministrativeBuilding",
      "InteriorObject",
      "CUSRHouseWoodUnit",
      new Matrix(
          0.842173, 0.539161, 0.007107, 4703.979004,
          -0.539107, 0.841689, 0.030390, 3163.054932,
          0.010403, -0.029425, 0.999513, 586.579529,
          0.000000, 0.000000, 0.000000, 1.000000
        ),
      [
        ["SurfaceControl", "PutonGround"],
        ["HitPoints", 100.000000],
        ["Affiliation", "NEUTRAL"],
        ["Route", []],
        ["ShadowPlaneOffset", 0.050000],
        ["FakeShadowOffset", 0.090000]
      ]
    ],

    [
      "Village_Shed",
      "InteriorObject",
      "CUSRShedWoodUnit",
      new Matrix(
          0.529213, -0.848489, 0.000000, 4776.969238,
          0.848489, 0.529213, 0.000000, 3124.872314,
          0.000000, 0.000000, 1.000000, 589.464661,
          0.000000, 0.000000, 0.000000, 1.000000
        ),
      [
        ["SurfaceControl", "PutonGroundUpright"],
        ["HitPoints", 100.000000],
        ["Affiliation", "NEUTRAL"],
        ["Route", []],
        ["ShadowPlaneOffset", 0.050000],
        ["FakeShadowOffset", 0.090000]
      ]
    ],

    [
      "Village_Well1",
      "ObjectsGroup",
      "CObjectsGroup",
      new Matrix(
          0.841173, 0.540767, 0.000000, 4705.765137,
          -0.540767, 0.841173, 0.000000, 3176.484863,
          0.000000, 0.000000, 1.000000, 589.830017,
          0.000000, 0.000000, 0.000000, 1.000000
        ),
      [
        ["Contents", ["Village_Well1_1", "Village_Well1_2"]]
      ]
    ],

    [
      "Village_Well1_1",
      "InteriorObject",
      "CWaterWell_1Unit",
      new Matrix(
          -0.983374, 0.181589, 0.000000, 4703.536621,
          -0.181589, -0.983374, 0.000000, 3176.077637,
          0.000000, 0.000000, 1.000000, 586.273132,
          0.000000, 0.000000, 0.000000, 1.000000
        ),
      [
        ["HitPoints", 100.000000],
        ["SurfaceControl", "PutonGroundUpright"],
        ["Affiliation", "NEUTRAL"],
        ["Route", []],
        ["ShadowPlaneOffset", 0.050000]
      ]
    ],

    [
      "Village_Well1_2",
      "InteriorObject",
      "CWaterWell_2Unit",
      new Matrix(
          0.987035, -0.160265, 0.008805, 4703.796875,
          0.160065, 0.986904, 0.020006, 3176.202881,
          -0.011896, -0.018338, 0.999761, 586.271240,
          0.000000, 0.000000, 0.000000, 1.000000
        ),
      [
        ["SurfaceControl", "PutonGround"]
      ]
    ],

    [
      "Village_Group1",
      "ObjectsGroup",
      "CObjectsGroup",
      new Matrix(
          0.841173, 0.540767, 0.000000, 4616.325195,
          -0.540767, 0.841173, 0.000000, 3131.118408,
          0.000000, 0.000000, 1.000000, 591.861084,
          0.000000, 0.000000, 0.000000, 1.000000
        ),
      [
        ["Contents", ["Village_FensesGroup1", "Village_House_1"]]
      ]
    ],

    [
      "Village_House_1",
      "InteriorObject",
      "CUSRHouseWoodUnit",
      new Matrix(
          -0.503420, 0.863765, 0.021863, 4615.024902,
          -0.863496, -0.503840, 0.022801, 3119.728271,
          0.030710, -0.007400, 0.999501, 590.483582,
          0.000000, 0.000000, 0.000000, 1.000000
        ),
      [
        ["SurfaceControl", "PutonGround"],
        ["HitPoints", 100.000000],
        ["Affiliation", "NEUTRAL"],
        ["Route", []],
        ["ShadowPlaneOffset", 0.050000],
        ["FakeShadowOffset", 0.090000]
      ]
    ],

    [
      "Village_FensesGroup1",
      "ObjectsGroup",
      "CObjectsGroup",
      new Matrix(
          0.841173, 0.540767, 0.000000, 4616.586914,
          -0.540767, 0.841173, 0.000000, 3131.524658,
          0.000000, 0.000000, 1.000000, 590.190308,
          0.000000, 0.000000, 0.000000, 1.000000
        ),
      [
        ["Contents", ["FensesGroup1_1", "FensesGroup1_2", "FensesGroup1_3", "FensesGroup1_4", "FensesGroup1_5", "FensesGroup1_6"]]
      ]
    ],

    [
      "FensesGroup1_1",
      "InteriorObject",
      "CFenceWickerUnit",
      new Matrix(
          0.843199, 0.537370, 0.015783, 4617.975098,
          -0.537587, 0.842602, 0.031956, 3116.272705,
          0.003873, -0.035431, 0.999365, 590.512817,
          0.000000, 0.000000, 0.000000, 1.000000
        ),
      [
        ["SurfaceControl", "PutonGround"],
        ["Length", 3]
      ]
    ],

    [
      "FensesGroup1_2",
      "InteriorObject",
      "CFenceWickerUnit",
      new Matrix(
          -0.834208, -0.551222, 0.015836, 4610.829102,
          0.551431, -0.833602, 0.032102, 3118.919189,
          -0.004494, 0.035512, 0.999359, 590.543518,
          0.000000, 0.000000, 0.000000, 1.000000
        ),
      [
        ["Length", 3],
        ["SurfaceControl", "PutonGround"]
      ]
    ],

    [
      "FensesGroup1_3",
      "InteriorObject",
      "CFenceWickerUnit",
      new Matrix(
          0.557044, -0.829995, 0.028473, 4622.934082,
          0.828485, 0.557754, 0.050228, 3113.045898,
          -0.057570, -0.004390, 0.998332, 590.531494,
          0.000000, 0.000000, 0.000000, 1.000000
        ),
      [
        ["SurfaceControl", "PutonGround"],
        ["Length", 8]
      ]
    ],

    [
      "FensesGroup1_4",
      "InteriorObject",
      "CFenceWickerUnit",
      new Matrix(
          0.516716, -0.855688, 0.028335, 4596.924316,
          0.853302, 0.517411, 0.064512, 3128.279785,
          -0.069863, -0.009156, 0.997514, 590.320068,
          0.000000, 0.000000, 0.000000, 1.000000
        ),
      [
        ["SurfaceControl", "PutonGround"],
        ["Length", 13]
      ]
    ],

    [
      "FensesGroup1_5",
      "InteriorObject",
      "CFenceWickerUnit",
      new Matrix(
          -0.840246, -0.542206, -0.000728, 4603.632324,
          0.541916, -0.839839, 0.031590, 3123.903320,
          -0.017740, 0.026149, 0.999501, 590.471313,
          0.000000, 0.000000, 0.000000, 1.000000
        ),
      [
        ["SurfaceControl", "PutonGround"],
        ["Length", 4]
      ]
    ],

    [
      "FensesGroup1_6",
      "InteriorObject",
      "CFenceWickerUnit",
      new Matrix(
          -0.867434, -0.495786, 0.041897, 4635.976563,
          0.497545, -0.863872, 0.078580, 3135.329102,
          -0.002765, 0.089009, 0.996027, 588.617188,
          0.000000, 0.000000, 0.000000, 1.000000
        ),
      [
        ["SurfaceControl", "PutonGround"],
        ["Length", 15]
      ]
    ],

    [
      "Village_Group2",
      "ObjectsGroup",
      "CObjectsGroup",
      new Matrix(
          -0.526331, 0.850280, 0.000000, 4642.119629,
          -0.850280, -0.526331, 0.000000, 3119.858398,
          0.000000, 0.000000, 1.000000, 591.360657,
          0.000000, 0.000000, 0.000000, 1.000000
        ),
      [
        ["Contents", ["Village_Corral_2", "Village_FensesGroup2"]]
      ]
    ],

    [
      "Village_Corral_2",
      "InteriorObject",
      "CUSRCorralWoodUnit",
      new Matrix(
          0.829712, 0.557929, 0.017115, 4629.240234,
          -0.558093, 0.828601, 0.044179, 3113.861572,
          0.010467, -0.046207, 0.998877, 590.411499,
          0.000000, 0.000000, 0.000000, 1.000000
        ),
      [
        ["HitPoints", 200.000000],
        ["SurfaceControl", "PutonGround"],
        ["Affiliation", "NEUTRAL"],
        ["Route", []],
        ["ShadowPlaneOffset", 0.050000],
        ["FakeShadowOffset", 0.090000]
      ]
    ],

    [
      "Village_FensesGroup2",
      "ObjectsGroup",
      "CObjectsGroup",
      new Matrix(
          -0.526331, 0.850280, 0.000000, 4642.250000,
          -0.850280, -0.526331, 0.000000, 3120.032715,
          0.000000, 0.000000, 1.000000, 589.989197,
          0.000000, 0.000000, 0.000000, 1.000000
        ),
      [
        ["Contents", ["FensesGroup2_1", "FensesGroup2_2", "FensesGroup2_3", "FensesGroup2_4"]]
      ]
    ],

    [
      "FensesGroup2_1",
      "InteriorObject",
      "CFenceWickerUnit",
      new Matrix(
          0.843392, 0.537068, 0.015725, 4630.335449,
          -0.537284, 0.842796, 0.031954, 3108.298340,
          0.003909, -0.035399, 0.999366, 590.639893,
          0.000000, 0.000000, 0.000000, 1.000000
        ),
      [
        ["SurfaceControl", "PutonGround"],
        ["Length", 3]
      ]
    ],

    [
      "FensesGroup2_2",
      "InteriorObject",
      "CFenceWickerUnit",
      new Matrix(
          0.558934, -0.828550, 0.033127, 4643.339844,
          0.825972, 0.559834, 0.066005, 3101.020996,
          -0.073234, -0.009530, 0.997269, 590.652893,
          0.000000, 0.000000, 0.000000, 1.000000
        ),
      [
        ["SurfaceControl", "PutonGround"],
        ["Length", 16]
      ]
    ],

    [
      "FensesGroup2_3",
      "InteriorObject",
      "CFenceWickerUnit",
      new Matrix(
          -0.861804, -0.507241, 0.000000, 4661.211914,
          0.507241, -0.861804, 0.000000, 3127.421143,
          0.000000, 0.000000, 1.000000, 588.324341,
          0.000000, 0.000000, 0.000000, 1.000000
        ),
      [
        ["SurfaceControl", "None"],
        ["Length", 12]
      ]
    ],

    [
      "FensesGroup2_4",
      "InteriorObject",
      "CFenceWickerUnit",
      new Matrix(
          -0.552739, 0.832336, 0.041190, 4640.599609,
          -0.828016, -0.554112, 0.085727, 3139.560303,
          0.094178, 0.013279, 0.995467, 588.100403,
          0.000000, 0.000000, 0.000000, 1.000000
        ),
      [
        ["SurfaceControl", "PutonGround"],
        ["Length", 8]
      ]
    ],

    [
      "Village_Group3",
      "ObjectsGroup",
      "CObjectsGroup",
      new Matrix(
          0.655267, -0.755397, 0.000000, 4644.442871,
          0.755397, 0.655267, 0.000000, 3170.693604,
          0.000000, 0.000000, 1.000000, 588.887634,
          0.000000, 0.000000, 0.000000, 1.000000
        ),
      [
        ["Contents", ["Village_FensesGroup3", "Village_House_3", "Village_Shed_3"]]
      ]
    ],

    [
      "Village_House_3",
      "InteriorObject",
      "CUSRHouseWoodUnit",
      new Matrix(
          0.624986, -0.780476, 0.015786, 4643.399902,
          0.780261, 0.625185, 0.018357, 3180.790527,
          -0.024197, 0.000844, 0.999707, 586.657410,
          0.000000, 0.000000, 0.000000, 1.000000
        ),
      [
        ["SurfaceControl", "PutonGround"],
        ["HitPoints", 100.000000],
        ["Affiliation", "NEUTRAL"],
        ["Route", []],
        ["ShadowPlaneOffset", 0.050000],
        ["FakeShadowOffset", 0.090000]
      ]
    ],

    [
      "Village_Shed_3",
      "InteriorObject",
      "CUSRShedWoodUnit",
      new Matrix(
          -0.720676, -0.693194, 0.010417, 4640.565430,
          0.693110, -0.720102, 0.032434, 3159.395996,
          -0.014982, 0.030594, 0.999420, 587.215942,
          0.000000, 0.000000, 0.000000, 1.000000
        ),
      [
        ["SurfaceControl", "PutonGround"],
        ["HitPoints", 100.000000],
        ["Affiliation", "NEUTRAL"],
        ["Route", []],
        ["ShadowPlaneOffset", 0.050000],
        ["FakeShadowOffset", 0.090000]
      ]
    ],

    [
      "Village_FensesGroup3",
      "ObjectsGroup",
      "CObjectsGroup",
      new Matrix(
          0.655267, -0.755397, 0.000000, 4644.820313,
          0.755397, 0.655267, 0.000000, 3170.366699,
          0.000000, 0.000000, 1.000000, 587.596741,
          0.000000, 0.000000, 0.000000, 1.000000
        ),
      [
        ["Contents", ["FensesGroup3_1", "FensesGroup3_2", "FensesGroup3_3", "FensesGroup3_4", "FensesGroup3_5", "FensesGroup3_6"]]
      ]
    ],

    [
      "FensesGroup3_1",
      "InteriorObject",
      "CFenceWickerUnit",
      new Matrix(
          0.656331, -0.754406, 0.010069, 4626.302734,
          0.754216, 0.656398, 0.017344, 3166.901611,
          -0.019694, -0.003789, 0.999799, 587.085388,
          0.000000, 0.000000, 0.000000, 1.000000
        ),
      [
        ["SurfaceControl", "PutonGround"],
        ["Length", 9]
      ]
    ],

    [
      "FensesGroup3_2",
      "InteriorObject",
      "CFenceWickerUnit",
      new Matrix(
          -0.782406, -0.622576, 0.015496, 4652.537598,
          0.622765, -0.782248, 0.015869, 3177.678711,
          0.002242, 0.022066, 0.999754, 586.544373,
          0.000000, 0.000000, 0.000000, 1.000000
        ),
      [
        ["Length", 3],
        ["SurfaceControl", "PutonGround"]
      ]
    ],

    [
      "FensesGroup3_3",
      "InteriorObject",
      "CFenceWickerUnit",
      new Matrix(
          0.695134, -0.718780, 0.012008, 4653.727539,
          0.718317, 0.695154, 0.027941, 3163.959229,
          -0.028431, -0.010797, 0.999537, 586.949402,
          0.000000, 0.000000, 0.000000, 1.000000
        ),
      [
        ["SurfaceControl", "PutonGround"],
        ["Length", 7]
      ]
    ],

    [
      "FensesGroup3_4",
      "InteriorObject",
      "CFenceWickerUnit",
      new Matrix(
          -0.790726, -0.612128, 0.007239, 4660.669434,
          0.612013, -0.790200, 0.032003, 3171.136719,
          -0.013870, 0.029736, 0.999462, 586.655884,
          0.000000, 0.000000, 0.000000, 1.000000
        ),
      [
        ["Length", 3],
        ["SurfaceControl", "PutonGround"]
      ]
    ],

    [
      "FensesGroup3_5",
      "InteriorObject",
      "CFenceWickerUnit",
      new Matrix(
          0.694852, -0.718974, 0.016003, 4642.698242,
          0.718547, 0.695008, 0.025559, 3152.386475,
          -0.029498, -0.006261, 0.999545, 587.426819,
          0.000000, 0.000000, 0.000000, 1.000000
        ),
      [
        ["SurfaceControl", "PutonGround"],
        ["Length", 8]
      ]
    ],

    [
      "FensesGroup3_6",
      "InteriorObject",
      "CFenceWickerUnit",
      new Matrix(
          0.750284, 0.661033, 0.010477, 4626.484375,
          -0.660923, 0.749588, 0.036030, 3167.030518,
          0.015963, -0.033957, 0.999296, 587.075562,
          0.000000, 0.000000, 0.000000, 1.000000
        ),
      [
        ["SurfaceControl", "PutonGround"],
        ["Length", 11]
      ]
    ],

    [
      "Village_Group4",
      "ObjectsGroup",
      "CObjectsGroup",
      new Matrix(
          -0.775474, -0.631380, 0.000000, 4663.758301,
          0.631380, -0.775474, 0.000000, 3158.306152,
          0.000000, 0.000000, 1.000000, 589.062866,
          0.000000, 0.000000, 0.000000, 1.000000
        ),
      [
        ["Contents", ["Village_FensesGroup4", "Village_House_4"]]
      ]
    ],

    [
      "Village_House_4",
      "InteriorObject",
      "CUSRHouseWoodUnit",
      new Matrix(
          -0.648619, 0.761101, 0.004325, 4672.929688,
          -0.760870, -0.648545, 0.021585, 3159.856445,
          0.019234, 0.010710, 0.999758, 586.871033,
          0.000000, 0.000000, 0.000000, 1.000000
        ),
      [
        ["SurfaceControl", "PutonGround"],
        ["HitPoints", 100.000000],
        ["Affiliation", "NEUTRAL"],
        ["Route", []],
        ["ShadowPlaneOffset", 0.050000],
        ["FakeShadowOffset", 0.090000]
      ]
    ],

    [
      "Village_FensesGroup4",
      "ObjectsGroup",
      "CObjectsGroup",
      new Matrix(
          -0.775474, -0.631380, 0.000000, 4663.758789,
          0.631380, -0.775474, 0.000000, 3158.306396,
          0.000000, 0.000000, 1.000000, 587.734375,
          0.000000, 0.000000, 0.000000, 1.000000
        ),
      [
        ["Contents", ["FensesGroup4_1", "FensesGroup4_2", "FensesGroup4_3", "FensesGroup4_4"]]
      ]
    ],

    [
      "FensesGroup4_1",
      "InteriorObject",
      "CFenceWickerUnit",
      new Matrix(
          -0.782428, -0.622685, 0.008406, 4669.591797,
          0.622606, -0.781905, 0.031399, 3169.020264,
          -0.012979, 0.029801, 0.999472, 586.653870,
          0.000000, 0.000000, 0.000000, 1.000000
        ),
      [
        ["Length", 4],
        ["SurfaceControl", "PutonGround"]
      ]
    ],

    [
      "FensesGroup4_2",
      "InteriorObject",
      "CFenceWickerUnit",
      new Matrix(
          0.760795, 0.648967, 0.005751, 4647.345215,
          -0.648771, 0.760275, 0.032842, 3157.254883,
          0.016941, -0.028717, 0.999444, 587.193359,
          0.000000, 0.000000, 0.000000, 1.000000
        ),
      [
        ["SurfaceControl", "PutonGround"],
        ["Length", 12]
      ]
    ],

    [
      "FensesGroup4_3",
      "InteriorObject",
      "CFenceWickerUnit",
      new Matrix(
          0.643919, -0.765079, 0.004732, 4665.153320,
          0.764399, 0.643586, 0.038621, 3141.605713,
          -0.032594, -0.021252, 0.999243, 587.589111,
          0.000000, 0.000000, 0.000000, 1.000000
        ),
      [
        ["SurfaceControl", "PutonGround"],
        ["Length", 12]
      ]
    ],

    [
      "FensesGroup4_4",
      "InteriorObject",
      "CFenceWickerUnit",
      new Matrix(
          -0.769470, -0.638575, 0.011746, 4680.419922,
          0.638622, -0.769013, 0.027924, 3160.112549,
          -0.008799, 0.028988, 0.999541, 586.797546,
          0.000000, 0.000000, 0.000000, 1.000000
        ),
      [
        ["Length", 5],
        ["SurfaceControl", "PutonGround"]
      ]
    ],

    [
      "Village_Group5",
      "ObjectsGroup",
      "CObjectsGroup",
      new Matrix(
          0.548871, -0.835907, 0.000000, 4733.239258,
          0.835907, 0.548871, 0.000000, 3148.538330,
          0.000000, 0.000000, 1.000000, 589.450439,
          0.000000, 0.000000, 0.000000, 1.000000
        ),
      [
        ["Contents", ["Village_Corral_5", "Village_FensesGroup5", "Village_House_5"]]
      ]
    ],

    [
      "Village_House_5",
      "InteriorObject",
      "CUSRHouseWoodUnit",
      new Matrix(
          -0.598641, 0.800822, -0.017704, 4736.521484,
          -0.800950, -0.598158, 0.026188, 3135.406738,
          0.010383, 0.029857, 0.999500, 587.700867,
          0.000000, 0.000000, 0.000000, 1.000000
        ),
      [
        ["SurfaceControl", "PutonGround"],
        ["HitPoints", 100.000000],
        ["Affiliation", "NEUTRAL"],
        ["Route", []],
        ["ShadowPlaneOffset", 0.050000],
        ["FakeShadowOffset", 0.090000]
      ]
    ],

    [
      "Village_Corral_5",
      "InteriorObject",
      "CUSRCorralWoodUnit",
      new Matrix(
          0.826766, 0.562227, -0.018929, 4725.317383,
          -0.561514, 0.826820, 0.032730, 3153.980469,
          0.034053, -0.016431, 0.999285, 586.918152,
          0.000000, 0.000000, 0.000000, 1.000000
        ),
      [
        ["SurfaceControl", "PutonGround"],
        ["HitPoints", 200.000000],
        ["Affiliation", "NEUTRAL"],
        ["Route", []],
        ["ShadowPlaneOffset", 0.050000],
        ["FakeShadowOffset", 0.090000]
      ]
    ],

    [
      "Village_FensesGroup5",
      "ObjectsGroup",
      "CObjectsGroup",
      new Matrix(
          0.548871, -0.835907, 0.000000, 4730.881348,
          0.835907, 0.548871, 0.000000, 3151.437988,
          0.000000, 0.000000, 1.000000, 587.664978,
          0.000000, 0.000000, 0.000000, 1.000000
        ),
      [
        ["Contents", ["FensesGroup5_1", "FensesGroup5_2", "FensesGroup5_3", "FensesGroup5_4"]]
      ]
    ],

    [
      "FensesGroup5_1",
      "InteriorObject",
      "CFenceWickerUnit",
      new Matrix(
          0.555309, -0.831644, -0.000084, 4714.923340,
          0.831388, 0.555135, 0.024863, 3147.674805,
          -0.020631, -0.013876, 0.999691, 587.045227,
          0.000000, 0.000000, 0.000000, 1.000000
        ),
      [
        ["SurfaceControl", "PutonGround"],
        ["Length", 12]
      ]
    ],

    [
      "FensesGroup5_2",
      "InteriorObject",
      "CFenceWickerUnit",
      new Matrix(
          0.825833, 0.563913, -0.001028, 4714.954590,
          -0.563539, 0.825349, 0.034961, 3147.744385,
          0.020564, -0.028293, 0.999388, 587.049194,
          0.000000, 0.000000, 0.000000, 1.000000
        ),
      [
        ["SurfaceControl", "PutonGround"],
        ["Length", 6]
      ]
    ],

    [
      "FensesGroup5_3",
      "InteriorObject",
      "CFenceWickerUnit",
      new Matrix(
          0.540736, -0.840883, -0.022808, 4736.894043,
          0.841014, 0.539865, 0.035214, 3140.113281,
          -0.017298, -0.038223, 0.999119, 587.562561,
          0.000000, 0.000000, 0.000000, 1.000000
        ),
      [
        ["SurfaceControl", "PutonGround"],
        ["Length", 9]
      ]
    ],

    [
      "FensesGroup5_4",
      "InteriorObject",
      "CFenceWickerUnit",
      new Matrix(
          0.830990, 0.555771, -0.023950, 4728.149414,
          -0.555381, 0.831324, 0.021276, 3167.688232,
          0.031735, -0.004379, 0.999487, 586.541138,
          0.000000, 0.000000, 0.000000, 1.000000
        ),
      [
        ["SurfaceControl", "PutonGround"],
        ["Length", 11]
      ]
    ],

    [
      "Village_Group6",
      "ObjectsGroup",
      "CObjectsGroup",
      new Matrix(
          0.816739, 0.577008, 0.000000, 4748.984863,
          -0.577008, 0.816739, 0.000000, 3137.484375,
          0.000000, 0.000000, 1.000000, 589.299561,
          0.000000, 0.000000, 0.000000, 1.000000
        ),
      [
        ["Contents", ["Village_FensesGroup6", "Village_Shed_6"]]
      ]
    ],

    [
      "Village_Shed_6",
      "InteriorObject",
      "CUSRShedWoodUnit",
      new Matrix(
          0.821417, 0.569267, -0.034758, 4759.464844,
          -0.568551, 0.822143, 0.028811, 3140.759033,
          0.044977, -0.003904, 0.998980, 588.162109,
          0.000000, 0.000000, 0.000000, 1.000000
        ),
      [
        ["SurfaceControl", "PutonGround"],
        ["HitPoints", 100.000000],
        ["Affiliation", "NEUTRAL"],
        ["Route", []],
        ["ShadowPlaneOffset", 0.050000],
        ["FakeShadowOffset", 0.090000]
      ]
    ],

    [
      "Village_FensesGroup6",
      "ObjectsGroup",
      "CObjectsGroup",
      new Matrix(
          0.816739, 0.577008, 0.000000, 4748.813965,
          -0.577008, 0.816739, 0.000000, 3137.241943,
          0.000000, 0.000000, 1.000000, 588.687256,
          0.000000, 0.000000, 0.000000, 1.000000
        ),
      [
        ["Contents", ["FensesGroup6_1", "FensesGroup6_2", "FensesGroup6_3", "FensesGroup6_4"]]
      ]
    ],

    [
      "FensesGroup6_1",
      "InteriorObject",
      "CFenceWickerUnit",
      new Matrix(
          0.825946, 0.563516, -0.016179, 4736.923340,
          -0.562882, 0.825928, 0.031735, 3139.963135,
          0.031246, -0.017104, 0.999365, 587.571472,
          0.000000, 0.000000, 0.000000, 1.000000
        ),
      [
        ["SurfaceControl", "PutonGround"],
        ["Length", 3]
      ]
    ],

    [
      "FensesGroup6_2",
      "InteriorObject",
      "CFenceWickerUnit",
      new Matrix(
          0.816345, 0.577134, -0.022299, 4747.220215,
          -0.575814, 0.816267, 0.046332, 3124.213379,
          0.044942, -0.024983, 0.998677, 588.312134,
          0.000000, 0.000000, 0.000000, 1.000000
        ),
      [
        ["SurfaceControl", "PutonGround"],
        ["Length", 3]
      ]
    ],

    [
      "FensesGroup6_3",
      "InteriorObject",
      "CFenceWickerUnit",
      new Matrix(
          0.562629, -0.825564, -0.043499, 4751.916016,
          0.826636, 0.561101, 0.042872, 3120.615479,
          -0.010986, -0.060079, 0.998133, 588.578003,
          0.000000, 0.000000, 0.000000, 1.000000
        ),
      [
        ["SurfaceControl", "PutonGround"],
        ["Length", 9]
      ]
    ],

    [
      "FensesGroup6_4",
      "InteriorObject",
      "CFenceWickerUnit",
      new Matrix(
          -0.838267, -0.544474, -0.029278, 4757.036133,
          0.543290, -0.838593, 0.039957, 3145.802490,
          -0.046307, 0.017588, 0.998772, 587.920349,
          0.000000, 0.000000, 0.000000, 1.000000
        ),
      [
        ["SurfaceControl", "PutonGround"],
        ["Length", 7]
      ]
    ],

    [
      "Village_Group7",
      "ObjectsGroup",
      "CObjectsGroup",
      new Matrix(
          0.582300, -0.812974, 0.000000, 4706.544434,
          0.812974, 0.582300, 0.000000, 3125.132080,
          0.000000, 0.000000, 1.000000, 589.529114,
          0.000000, 0.000000, 0.000000, 1.000000
        ),
      [
        ["Contents", ["Village_FensesGroup7", "Village_House_7", "Village_Shed_7"]]
      ]
    ],

    [
      "Village_House_7",
      "InteriorObject",
      "CUSRHouseWoodUnit",
      new Matrix(
          0.581448, -0.813541, 0.008347, 4697.907227,
          0.812651, 0.581242, 0.041896, 3141.602051,
          -0.038936, -0.017577, 0.999087, 587.304932,
          0.000000, 0.000000, 0.000000, 1.000000
        ),
      [
        ["SurfaceControl", "PutonGround"],
        ["HitPoints", 100.000000],
        ["Affiliation", "NEUTRAL"],
        ["Route", []],
        ["ShadowPlaneOffset", 0.050000],
        ["FakeShadowOffset", 0.090000]
      ]
    ],

    [
      "Village_Shed_7",
      "InteriorObject",
      "CUSRShedWoodUnit",
      new Matrix(
          -0.579277, 0.815052, 0.011364, 4699.469238,
          -0.814640, -0.579355, 0.026635, 3121.778076,
          0.028293, 0.006172, 0.999581, 587.962830,
          0.000000, 0.000000, 0.000000, 1.000000
        ),
      [
        ["SurfaceControl", "PutonGround"],
        ["HitPoints", 100.000000],
        ["Affiliation", "NEUTRAL"],
        ["Route", []],
        ["ShadowPlaneOffset", 0.050000],
        ["FakeShadowOffset", 0.090000]
      ]
    ],

    [
      "Village_FensesGroup7",
      "ObjectsGroup",
      "CObjectsGroup",
      new Matrix(
          0.582300, -0.812974, 0.000000, 4706.544434,
          0.812974, 0.582300, 0.000000, 3125.132324,
          0.000000, 0.000000, 1.000000, 588.272827,
          0.000000, 0.000000, 0.000000, 1.000000
        ),
      [
        ["Contents", ["FensesGroup7_1", "FensesGroup7_2", "FensesGroup7_3", "FensesGroup7_4", "FensesGroup7_5", "FensesGroup7_6"]]
      ]
    ],

    [
      "FensesGroup7_1",
      "InteriorObject",
      "CFenceWickerUnit",
      new Matrix(
          0.591108, -0.806541, 0.009119, 4681.064453,
          0.805924, 0.591040, 0.034027, 3127.371338,
          -0.032834, -0.012765, 0.999379, 587.889771,
          0.000000, 0.000000, 0.000000, 1.000000
        ),
      [
        ["SurfaceControl", "PutonGround"],
        ["Length", 13]
      ]
    ],

    [
      "FensesGroup7_2",
      "InteriorObject",
      "CFenceWickerUnit",
      new Matrix(
          -0.822782, -0.568357, -0.000597, 4704.364258,
          0.568054, -0.822376, 0.031812, 3142.656494,
          -0.018572, 0.025835, 0.999494, 587.214355,
          0.000000, 0.000000, 0.000000, 1.000000
        ),
      [
        ["SurfaceControl", "PutonGround"],
        ["Length", 5]
      ]
    ],

    [
      "FensesGroup7_3",
      "InteriorObject",
      "CFenceWickerUnit",
      new Matrix(
          -0.824805, -0.565405, 0.003830, 4720.538086,
          0.565138, -0.824165, 0.037025, 3131.051514,
          -0.017778, 0.032703, 0.999307, 587.595764,
          0.000000, 0.000000, 0.000000, 1.000000
        ),
      [
        ["SurfaceControl", "PutonGround"],
        ["Length", 8]
      ]
    ],

    [
      "FensesGroup7_4",
      "InteriorObject",
      "CFenceWickerUnit",
      new Matrix(
          -0.820771, -0.571254, 0.002064, 4692.712891,
          0.571088, -0.820434, 0.027327, 3119.267334,
          -0.013917, 0.023608, 0.999624, 588.087036,
          0.000000, 0.000000, 0.000000, 1.000000
        ),
      [
        ["SurfaceControl", "PutonGround"],
        ["Length", 7]
      ]
    ],

    [
      "FensesGroup7_5",
      "InteriorObject",
      "CFenceWickerUnit",
      new Matrix(
          -0.595063, 0.803648, 0.007078, 4712.164551,
          -0.803155, -0.594970, 0.030873, 3137.065674,
          0.029022, 0.012687, 0.999498, 587.393921,
          0.000000, 0.000000, 0.000000, 1.000000
        ),
      [
        ["SurfaceControl", "PutonGround"],
        ["Length", 8]
      ]
    ],

    [
      "FensesGroup7_6",
      "InteriorObject",
      "CFenceWickerUnit",
      new Matrix(
          0.816001, 0.578040, 0.003445, 4698.629395,
          -0.577743, 0.815358, 0.037486, 3117.444336,
          0.018859, -0.032579, 0.999291, 588.112427,
          0.000000, 0.000000, 0.000000, 1.000000
        ),
      [
        ["SurfaceControl", "PutonGround"],
        ["Length", 12]
      ]
    ],

    [
      "Village_Group8",
      "ObjectsGroup",
      "CObjectsGroup",
      new Matrix(
          -0.823523, -0.567282, 0.000000, 4717.593750,
          0.567282, -0.823523, 0.000000, 3113.811035,
          0.000000, 0.000000, 1.000000, 590.084290,
          0.000000, 0.000000, 0.000000, 1.000000
        ),
      [
        ["Contents", ["Village_Corral_8", "Village_FensesGroup8", "Village_House_8"]]
      ]
    ],

    [
      "Village_House_8",
      "InteriorObject",
      "CUSRHouseWoodUnit",
      new Matrix(
          -0.571658, 0.820434, -0.009742, 4724.362793,
          -0.820223, -0.571127, 0.032361, 3123.032959,
          0.020987, 0.026490, 0.999429, 587.873718,
          0.000000, 0.000000, 0.000000, 1.000000
        ),
      [
        ["SurfaceControl", "PutonGround"],
        ["HitPoints", 100.000000],
        ["Affiliation", "NEUTRAL"],
        ["Route", []],
        ["ShadowPlaneOffset", 0.050000],
        ["FakeShadowOffset", 0.090000]
      ]
    ],

    [
      "Village_Corral_8",
      "InteriorObject",
      "CUSRCorralWoodUnit",
      new Matrix(
          0.824187, 0.566318, 0.000000, 4712.645996,
          -0.566318, 0.824187, 0.000000, 3130.060303,
          0.000000, 0.000000, 1.000000, 587.627991,
          0.000000, 0.000000, 0.000000, 1.000000
        ),
      [
        ["SurfaceControl", "PutonGroundUpright"],
        ["HitPoints", 200.000000],
        ["Affiliation", "NEUTRAL"],
        ["Route", []],
        ["ShadowPlaneOffset", 0.050000],
        ["FakeShadowOffset", 0.090000]
      ]
    ],

    [
      "Village_FensesGroup8",
      "ObjectsGroup",
      "CObjectsGroup",
      new Matrix(
          -0.823523, -0.567282, 0.000000, 4723.015625,
          0.567282, -0.823523, 0.000000, 3110.076416,
          0.000000, 0.000000, 1.000000, 589.265930,
          0.000000, 0.000000, 0.000000, 1.000000
        ),
      [
        ["Contents", ["FensesGroup8_1", "FensesGroup8_2", "FensesGroup8_3"]]
      ]
    ],

    [
      "FensesGroup8_1",
      "InteriorObject",
      "CFenceWickerUnit",
      new Matrix(
          -0.835443, -0.549118, -0.022448, 4741.129395,
          0.548118, -0.835504, 0.038716, 3116.984863,
          -0.040015, 0.020041, 0.998998, 588.525146,
          0.000000, 0.000000, 0.000000, 1.000000
        ),
      [
        ["SurfaceControl", "PutonGround"],
        ["Length", 11]
      ]
    ],

    [
      "FensesGroup8_2",
      "InteriorObject",
      "CFenceWickerUnit",
      new Matrix(
          0.576169, -0.816819, -0.028913, 4722.873047,
          0.817147, 0.574929, 0.041561, 3110.141113,
          -0.017325, -0.047572, 0.998718, 588.244751,
          0.000000, 0.000000, 0.000000, 1.000000
        ),
      [
        ["SurfaceControl", "PutonGround"],
        ["Length", 8]
      ]
    ],

    [
      "FensesGroup8_3",
      "InteriorObject",
      "CFenceWickerUnit",
      new Matrix(
          0.611554, -0.791147, -0.009422, 4713.376953,
          0.789645, 0.609559, 0.069988, 3097.267090,
          -0.049627, -0.050241, 0.997503, 589.059326,
          0.000000, 0.000000, 0.000000, 1.000000
        ),
      [
        ["SurfaceControl", "PutonGround"],
        ["Length", 8]
      ]
    ],

    [
      "Village_Group9",
      "ObjectsGroup",
      "CObjectsGroup",
      new Matrix(
          -0.874027, -0.485877, 0.000000, 4732.599609,
          0.485877, -0.874027, 0.000000, 3104.476807,
          0.000000, 0.000000, 1.000000, 590.490662,
          0.000000, 0.000000, 0.000000, 1.000000
        ),
      [
        ["Contents", ["Village_FensesGroup9", "Village_House_9", "Village_Shed_9"]]
      ]
    ],

    [
      "Village_House_9",
      "InteriorObject",
      "CUSRHouseWoodUnit",
      new Matrix(
          0.526771, -0.849508, -0.029123, 4734.208008,
          0.849817, 0.525618, 0.039204, 3116.988037,
          -0.017997, -0.045401, 0.998807, 588.280762,
          0.000000, 0.000000, 0.000000, 1.000000
        ),
      [
        ["SurfaceControl", "PutonGround"],
        ["HitPoints", 100.000000],
        ["Affiliation", "NEUTRAL"],
        ["Route", []],
        ["ShadowPlaneOffset", 0.050000],
        ["FakeShadowOffset", 0.090000]
      ]
    ],

    [
      "Village_Shed_9",
      "InteriorObject",
      "CUSRShedWoodUnit",
      new Matrix(
          -0.525899, 0.849707, -0.037790, 4744.795410,
          -0.850178, -0.523842, 0.052796, 3107.783691,
          0.025065, 0.059893, 0.997890, 589.045166,
          0.000000, 0.000000, 0.000000, 1.000000
        ),
      [
        ["SurfaceControl", "PutonGround"],
        ["HitPoints", 100.000000],
        ["Affiliation", "NEUTRAL"],
        ["Route", []],
        ["ShadowPlaneOffset", 0.050000],
        ["FakeShadowOffset", 0.090000]
      ]
    ],

    [
      "Village_FensesGroup9",
      "ObjectsGroup",
      "CObjectsGroup",
      new Matrix(
          -0.874027, -0.485877, 0.000000, 4732.324219,
          0.485877, -0.874027, 0.000000, 3103.980713,
          0.000000, 0.000000, 1.000000, 590.357361,
          0.000000, 0.000000, 0.000000, 1.000000
        ),
      [
        ["Contents", ["FensesGroup9_1", "FensesGroup9_2", "FensesGroup9_3", "FensesGroup9_4"]]
      ]
    ],

    [
      "FensesGroup9_1",
      "InteriorObject",
      "CFenceWickerUnit",
      new Matrix(
          -0.894555, -0.446865, -0.009142, 4734.527832,
          0.443621, -0.890184, 0.103796, 3086.507080,
          -0.054521, 0.088795, 0.994557, 590.372681,
          0.000000, 0.000000, 0.000000, 1.000000
        ),
      [
        ["SurfaceControl", "PutonGround"],
        ["Length", 12]
      ]
    ],

    [
      "FensesGroup9_2",
      "InteriorObject",
      "CFenceWickerUnit",
      new Matrix(
          0.599500, -0.799795, -0.030465, 4734.440430,
          0.798582, 0.595178, 0.089607, 3086.530518,
          -0.053536, -0.078048, 0.995511, 590.363892,
          0.000000, 0.000000, 0.000000, 1.000000
        ),
      [
        ["SurfaceControl", "PutonGround"],
        ["Length", 8]
      ]
    ],

    [
      "FensesGroup9_3",
      "InteriorObject",
      "CFenceWickerUnit",
      new Matrix(
          0.567927, -0.822217, -0.037657, 4743.396973,
          0.822631, 0.565516, 0.058903, 3098.829590,
          -0.027136, -0.064430, 0.997553, 589.505188,
          0.000000, 0.000000, 0.000000, 1.000000
        ),
      [
        ["SurfaceControl", "PutonGround"],
        ["Length", 7]
      ]
    ],

    [
      "FensesGroup9_4",
      "InteriorObject",
      "CFenceWickerUnit",
      new Matrix(
          -0.842600, -0.537572, -0.032275, 4751.175293,
          0.536072, -0.842962, 0.045177, 3110.318115,
          -0.051493, 0.020764, 0.998457, 589.120422,
          0.000000, 0.000000, 0.000000, 1.000000
        ),
      [
        ["SurfaceControl", "PutonGround"],
        ["Length", 4]
      ]
    ],

    [
      "Palisade_1",
      "InteriorObject",
      "CFencePalisadeUnit",
      new Matrix(
          0.692034, -0.721855, 0.003799, 4507.026367,
          0.721331, 0.691714, 0.034826, 3188.705322,
          -0.027768, -0.021360, 0.999386, 586.082947,
          0.000000, 0.000000, 0.000000, 1.000000
        ),
      [
        ["SurfaceControl", "PutonGround"],
        ["Length", 6]
      ]
    ],

    [
      "Palisade_2",
      "InteriorObject",
      "CFencePalisadeUnit",
      new Matrix(
          0.454276, -0.889982, -0.039569, 4541.994629,
          0.890848, 0.454059, 0.014830, 3200.564941,
          0.004768, -0.041987, 0.999107, 586.169434,
          0.000000, 0.000000, 0.000000, 1.000000
        ),
      [
        ["SurfaceControl", "PutonGround"],
        ["Length", 6]
      ]
    ],

    [
      "Palisade_3",
      "InteriorObject",
