//-------------------------------------------------------------------
//                                                                   
//  This code is copyright 2001 by G5 Software.                      
//  Any unauthorized usage, either in part or in whole of this code  
//  is strictly prohibited. Violators WILL be prosecuted to the      
//  maximum extent allowed by law.                                   
//                                                                   
//-------------------------------------------------------------------
//                                                                   
//  Automatically-generated mission script file                      
//  DO NOT EDIT!                                                     
//                                                                   
//-------------------------------------------------------------------


class CC1M1Content
{
  static String m_ObjectListClassFile = "Missions/Campaign_1/Mission_1/Content.script";
  static String m_ObjectListClassName = "CC1M1Content";

  static Array  m_MissionObjectList   = [
    [
      "Atmosphere",
      "",
      "",
      new Matrix(
          1.000000, 0.000000, 0.000000, 0.000000,
          0.000000, 1.000000, 0.000000, 0.000000,
          0.000000, 0.000000, 1.000000, 0.000000,
          0.000000, 0.000000, 0.000000, 1.000000
        ),
      [
        ["AmbientLight", new Color(0.411765, 0.427451, 0.454902, 1.000000)],
        ["AntiSunAngle", 60.000000],
        ["AntiSunColor", new Color(0.584314, 0.584314, 0.784314, 1.000000)],
        ["AntiSunEnabled", false],
        ["AntiSunIntensity", 0.300000],
        ["EnableHorizontAdjustment", true],
        ["FogColorXPos", new Color(0.917647, 0.905882, 0.858824, 1.000000)],
        ["FogColorXNeg", new Color(0.549020, 0.619608, 0.568627, 1.000000)],
        ["FogColorYPos", new Color(0.658824, 0.701961, 0.701961, 1.000000)],
        ["FogColorYNeg", new Color(0.721569, 0.772549, 0.772549, 1.000000)],
        ["FogDensity", 0.000500],
        ["FogNear", 800.000000],
        ["FogFar", 800.000000],
        ["FogFarMax", 10000.000000],
        ["FogMode", "Linear"],
        ["ShadowColor", new Color(0.447059, 0.466667, 0.494118, 1.000000)],
        ["SunColor", new Color(0.988235, 0.937255, 0.780392, 1.000000)],
        ["ShadowFar", 800.000000],
        ["SunIntensity", 1.100000],
        ["TreeShadowLodDistance", 400.000000],
        ["AntiSunHorAngle", 105.000000],
        ["StencilShadowColor", new Color(0.694118, 0.701961, 0.721569, 1.000000)],
        ["SunShines", 0.100000],
        ["IsLightEnabled", true],
        ["HorizontPos", [100.000000, 1000.000000]],
        ["IsSunVisible", false]
      ]
    ],

    [
      "Terrain",
      "",
      "",
      new Matrix(
          1.000000, 0.000000, 0.000000, 0.000000,
          0.000000, 1.000000, 0.000000, 0.000000,
          0.000000, 0.000000, 1.000000, 0.000000,
          0.000000, 0.000000, 0.000000, 1.000000
        ),
      [
        ["ForestTextureScale", 2.000000],
        ["ForestShadowAlphaScale", 0.900000],
        ["ForestBeginFadeDist", [150.000000, 1600.000000]],
        ["IsAntiLighting", true],
        ["TerrainShadowPower", 2.000000],
        ["VertForestDistMax", 900.000000],
        ["VertForestAngleMin", 0.000000],
        ["VertForestAngleMax", 45.000000],
        ["VertForestBeginFadeDist", [450.000000, 710.000000]],
        ["WaterBorderColor", new Color(0.556863, 0.521569, 0.443137, 1.000000)],
        ["NormalNoise", 0.100000],
        ["ForestAlphaScale", 3.000000]
      ]
    ],

    [
      "MainPlayerUnit",
      "GameObject",
      "CTankT34_85_44Unit",
      new Matrix(
          0.999470, 0.028648, 0.015421, 4842.674316,
          -0.027999, 0.998776, -0.040768, 6691.166992,
          -0.016570, 0.040315, 0.999050, 586.770386,
          0.000000, 0.000000, 0.000000, 1.000000
        ),
      [
        ["Affiliation", "FRIEND"],
        ["Number", "01_01"],
        ["IsPlayer", true],
        ["IsManual", true]
      ]
    ],

    [
      "Red_StagingArea_1",
      "NavPoint",
      "CZAxisCylNavPoint",
      new Matrix(
          0.297652, -0.954674, 0.000000, 5603.849609,
          0.954674, 0.297652, 0.000000, 9687.325195,
          0.000000, 0.000000, 1.000000, 611.110352,
          0.000000, 0.000000, 0.000000, 1.000000
        ),
      [
        ["Range", 80.000000],
        ["PositionType", "Ground"],
        ["Detect", true],
        ["Name", ""],
        ["Mask", [[], []]],
        ["Affiliation", "FRIEND"],
        ["IsVisible", true],
        ["BehaviorHeight", 0.000000],
        ["MapCompass", false],
        ["IsMain", false]
      ]
    ],

    [
      "C1M1Gr_SupplyLine",
      "UnitGroup",
      "C1M1Gr_SupplyLine",
      new Matrix(
          0.993275, 0.115102, 0.012528, 4262.046875,
          -0.114790, 0.993117, -0.023265, 3332.080322,
          -0.015119, 0.021670, 0.999651, 584.055298,
          0.000000, 0.000000, 0.000000, 1.000000
        ),
      [
        ["Units", ["GCol2BTR1", "SupplyLine_1", "SupplyLine_2", "SupplyLine_3", "SupplyLine_4", "SupplyLine_5"]],
        ["DelayedOrder", true]
      ]
    ],

    [
      "SupplyLine_1",
      "GameObject",
      "CTruckOpelBlitzUnit",
      new Matrix(
          0.996296, 0.054671, 0.066377, 4197.896484,
          -0.056621, 0.998007, 0.027855, 3326.057617,
          -0.064722, -0.031511, 0.997406, 586.555237,
          0.000000, 0.000000, 0.000000, 1.000000
        ),
      [
        ["Affiliation", "ENEMY"],
        ["Task", "CBaseAITask"],
        ["HitPoints", 220000.000000],
        ["SurfaceControl", "PutonGroundLandingJoints"],
        ["FakeShadowOffset", 0.090000]
      ]
    ],

    [
      "SupplyLine_2",
      "GameObject",
      "CTruckOpelBlitzUnit",
      new Matrix(
          0.976758, 0.207695, 0.052971, 4172.929688,
          -0.209723, 0.977095, 0.036076, 3333.590332,
          -0.044264, -0.046347, 0.997944, 587.833435,
          0.000000, 0.000000, 0.000000, 1.000000
        ),
      [
        ["Affiliation", "ENEMY"],
        ["SurfaceControl", "PutonGroundLandingJoints"],
        ["Task", "CBaseAITask"]
      ]
    ],

    [
      "CC1M1Grp_MobilGuns_A",
      "UnitGroup",
      "CC1M1Grp_MobilGuns_A",
      new Matrix(
          -0.275125, -0.961375, -0.007982, 5601.455566,
          0.961319, -0.274977, -0.015937, 4997.473633,
          0.013127, -0.012058, 0.999841, 616.676392,
          0.000000, 0.000000, 0.000000, 1.000000
        ),
      [
        ["Units", ["A_WespeUnit_1", "A_WespeUnit_2", "PnzIV_1", "PnzIV_2"]]
      ]
    ],

    [
      "CC1M1Grp_CompanyGrpONE",
      "UnitGroup",
      "CC1M1Grp_CompanyGrpONE",
      new Matrix(
          0.178479, 0.983815, -0.015936, 5482.389648,
          -0.983940, 0.178502, 0.000000, 9118.609375,
          0.002844, 0.015680, 0.999873, 596.742493,
          0.000000, 0.000000, 0.000000, 1.000000
        ),
      [
        ["Units", ["CompanyGrpONE_1", "CompanyGrpONE_2", "CompanyGrpONE_3", "CompanyGrpONE_4", "CompanyGrpONE_5", "CompanyGrpONE_6"]],
        ["MinDifficulty", 2]
      ]
    ],

    [
      "CompanyGrpONE_1",
      "GameObject",
      "CTankT34Slave_2Unit",
      new Matrix(
          0.178479, 0.983815, -0.015931, 5482.389648,
          -0.983940, 0.178501, -0.000002, 9118.609375,
          0.002842, 0.015676, 0.999873, 596.742554,
          0.000000, 0.000000, 0.000000, 1.000000
        ),
      [
        ["Affiliation", "FRIEND"],
        ["Task", "C1M1RedArmyGrp1_Task"],
        ["Number", "01_02"]
      ]
    ],

    [
      "CompanyGrpONE_2",
      "GameObject",
      "CTankT34Slave_2Unit",
      new Matrix(
          0.428813, 0.903358, -0.007971, 5473.153320,
          -0.903387, 0.428827, -0.000010, 9176.012695,
          0.003410, 0.007205, 0.999968, 596.685120,
          0.000000, 0.000000, 0.000000, 1.000000
        ),
      [
        ["Affiliation", "FRIEND"],
        ["Task", "C1M1RedArmyGrp1_Task"],
        ["Number", "01_03"]
      ]
    ],

    [
      "C1M1Grp_CompanyGrpTWO",
      "UnitGroup",
      "C1M1Grp_CompanyGrpTWO",
      new Matrix(
          0.925266, 0.369202, -0.087016, 4848.051270,
          -0.370157, 0.928953, 0.005489, 6645.226563,
          0.082861, 0.027131, 0.996192, 587.143311,
          0.000000, 0.000000, 0.000000, 1.000000
        ),
      [
        ["Units", ["CompanyGrpTWO_1", "CompanyGrpTWO_2", "CompanyGrpTWO_3", "CompanyGrpTWO_4", "CompanyGrpTWO_5"]]
      ]
    ],

    [
      "C1M1Grp_Company2Platoon2",
      "UnitGroup",
      "C1M1Grp_Company2Platoon2",
      new Matrix(
          -0.046744, 0.998875, -0.007983, 5942.712891,
          -0.998872, -0.046808, -0.007977, 9340.604492,
          -0.008342, 0.007601, 0.999936, 601.002930,
          0.000000, 0.000000, 0.000000, 1.000000
        ),
      [
        ["Units", ["CompanyGrpTWO_6", "CompanyGrpTWO_7", "CompanyGrpTWO_8", "CompanyGrpTWO_9"]]
      ]
    ],

    [
      "C1M1Grp_SU85_CompanyGrpTWO",
      "UnitGroup",
      "C1M1Grp_SU85_CompanyGrpTWO",
      new Matrix(
          -0.324722, 0.945810, -0.000030, 5563.311523,
          -0.945810, -0.324722, 0.000000, 9513.126953,
          -0.000010, 0.000028, 1.000000, 596.665894,
          0.000000, 0.000000, 0.000000, 1.000000
        ),
      [
        ["Units", ["CompanyGrpTWO_1SAU", "CompanyGrpTWO_2SAU", "CompanyGrpTWO_3SAU", "CompanyGrpTWO_4SAU", "CompanyGrpTWO_5SAU", "CompanyGrpTWO_6SAU", "CompanyGrpTWO_7SAU", "CompanyGrpTWO_8SAU"]],
        ["MinDifficulty", 2]
      ]
    ],

    [
      "CompanyGrpTWO_1SAU",
      "GameObject",
      "CSAUSU85Unit",
      new Matrix(
          -0.324621, 0.945710, -0.015921, 5563.311523,
          -0.945514, -0.324017, 0.031866, 9513.126953,
          0.024977, 0.025397, 0.999365, 596.765381,
          0.000000, 0.000000, 0.000000, 1.000000
        ),
      [
        ["Affiliation", "FRIEND"],
        ["Task", "CBaseAISAUTask"],
        ["Number", "SAU_212"]
      ]
    ],

    [
      "CompanyGrpTWO_2SAU",
      "GameObject",
      "CSAUSU85Unit",
      new Matrix(
          -0.492876, 0.868439, -0.053731, 5577.615234,
          -0.863251, -0.495796, -0.094786, 9664.585938,
          -0.108956, -0.000334, 0.994047, 599.855103,
          0.000000, 0.000000, 0.000000, 1.000000
        ),
      [
        ["Affiliation", "FRIEND"],
        ["Task", "CBaseAISAUTask"],
        ["Number", "SAU_215"]
      ]
    ],

    [
      "CompanyGrpTWO_3SAU",
      "GameObject",
      "CSAUSU85Unit",
      new Matrix(
          -0.347280, 0.936543, -0.047793, 5628.755859,
          -0.936850, -0.348738, -0.026335, 9614.247070,
          -0.041331, 0.035629, 0.998510, 617.052063,
          0.000000, 0.000000, 0.000000, 1.000000
        ),
      [
        ["Affiliation", "FRIEND"],
        ["Task", "CBaseAISAUTask"],
        ["Number", "SAU_305"]
      ]
    ],

    [
      "CompanyGrpTWO_4SAU",
      "GameObject",
      "CSAUSU85Unit",
      new Matrix(
          -0.335957, 0.939730, -0.063567, 5406.103027,
          -0.939538, -0.339112, -0.047656, 9723.098633,
          -0.066340, 0.043713, 0.996839, 596.828918,
          0.000000, 0.000000, 0.000000, 1.000000
        ),
      [
        ["Affiliation", "FRIEND"],
        ["Task", "CBaseAISAUTask"],
        ["Number", "SAU_303"]
      ]
    ],

    [
      "CompanyGrpTWO_5SAU",
      "GameObject",
      "CSAUSU85Unit",
      new Matrix(
          -0.348670, 0.936431, -0.039062, 5640.949707,
          -0.936817, -0.349468, -0.015682, 9655.916016,
          -0.028336, 0.031126, 0.999114, 618.456787,
          0.000000, 0.000000, 0.000000, 1.000000
        ),
      [
        ["Affiliation", "FRIEND"],
        ["Task", "CBaseAISAUTask"],
        ["Number", "114"]
      ]
    ],

    [
      "CompanyGrpTWO_6SAU",
      "GameObject",
      "CSAUSU85Unit",
      new Matrix(
          -0.347122, 0.931756, -0.106476, 5461.761719,
          -0.934641, -0.353049, -0.042453, 9708.578125,
          -0.077147, 0.084780, 0.993409, 600.684937,
          0.000000, 0.000000, 0.000000, 1.000000
        ),
      [
        ["Affiliation", "FRIEND"],
        ["Task", "CBaseAISAUTask"],
        ["Number", "233"]
      ]
    ],

    [
      "SupplyLine_3",
      "GameObject",
      "CTruckOpelBlitzUnit",
      new Matrix(
          0.981294, 0.191857, 0.015933, 4143.460449,
          -0.192200, 0.981064, 0.023925, 3340.189941,
          -0.011041, -0.026540, 0.999587, 588.606567,
          0.000000, 0.000000, 0.000000, 1.000000
        ),
      [
        ["Affiliation", "ENEMY"],
        ["SurfaceControl", "PutonGroundLandingJoints"],
        ["Task", "CBaseAITask"]
      ]
    ],

    [
      "SupplyLine_4",
      "GameObject",
      "CTruckOpelBlitzUnit",
      new Matrix(
          0.994635, 0.100645, -0.023915, 4115.733887,
          -0.101040, 0.994755, -0.015922, 3342.618896,
          0.022187, 0.018253, 0.999587, 588.428345,
          0.000000, 0.000000, 0.000000, 1.000000
        ),
      [
        ["Affiliation", "ENEMY"],
        ["Task", "CBaseAITask"],
        ["HitPoints", 220000.000000],
        ["SurfaceControl", "PutonGroundLandingJoints"]
      ]
    ],

    [
      "C1M1Grp_CompanyGrpTHREE",
      "UnitGroup",
      "C1M1Grp_CompanyGrpTHREE",
      new Matrix(
          -0.092539, 0.995709, -0.000038, 5878.903809,
          -0.995677, -0.092536, -0.007970, 9095.155273,
          -0.007940, -0.000700, 0.999968, 598.372253,
          0.000000, 0.000000, 0.000000, 1.000000
        ),
      [
        ["Units", ["CompanyGrpTHREE_1", "CompanyGrpTHREE_2", "CompanyGrpTHREE_3", "CompanyGrpTHREE_4", "CompanyGrpTHREE_5", "CompanyGrpTHREE_6", "CompanyGrpTHREE_7", "CompanyGrpTHREE_8"]],
        ["DelayedOrder", true],
        ["MovingSpeed", 4.500000],
        ["Formation", "CWedgeFormation"],
        ["FormationDistance", 40],
        ["MinDifficulty", 2],
        ["NonSynchedPatrol", true],
        ["CyclePath", true]
      ]
    ],

    [
      "CompanyGrpTHREE_1",
      "GameObject",
      "CTankT34Slave_2Unit",
      new Matrix(
          -0.092539, 0.995709, -0.000038, 5878.903809,
          -0.995677, -0.092536, -0.007970, 9095.155273,
          -0.007940, -0.000700, 0.999968, 598.372314,
          0.000000, 0.000000, 0.000000, 1.000000
        ),
      [
        ["Affiliation", "FRIEND"],
        ["Task", "C1M1RedArmy1_Task"],
        ["Number", "22_24"]
      ]
    ],

    [
      "CompanyGrpTHREE_2",
      "GameObject",
      "CTankT34Slave_2Unit",
      new Matrix(
          0.000158, 0.999873, -0.015946, 5816.148926,
          -0.999968, 0.000031, -0.007957, 9246.293945,
          -0.007956, 0.015946, 0.999841, 599.050659,
          0.000000, 0.000000, 0.000000, 1.000000
        ),
      [
        ["Affiliation", "FRIEND"],
        ["Task", "C1M1RedArmy1_Task"],
        ["Number", "22_25"]
      ]
    ],

    [
      "CompanyGrpTHREE_3",
      "GameObject",
      "CTankT34Slave_2Unit",
      new Matrix(
          -0.000280, 0.999995, -0.003043, 5902.717773,
          -0.999946, -0.000312, -0.010338, 9178.090820,
          -0.010339, 0.003040, 0.999942, 599.317078,
          0.000000, 0.000000, 0.000000, 1.000000
        ),
      [
        ["Affiliation", "FRIEND"],
        ["Task", "C1M1RedArmy1_Task"],
        ["Number", "22_26"]
      ]
    ],

    [
      "SingleVillageShed1",
      "InteriorObject",
      "CUSRShedWood02Unit",
      new Matrix(
          -0.953112, -0.302616, 0.000000, 5396.158691,
          0.302616, -0.953112, 0.000000, 3693.427979,
          0.000000, 0.000000, 1.000000, 597.117981,
          0.000000, 0.000000, 0.000000, 1.000000
        ),
      [
        ["SurfaceControl", "PutonGroundUpright"],
        ["Affiliation", "ENEMY"],
        ["Route", []],
        ["FakeShadowOffset", 0.090000]
      ]
    ],

    [
      "SingleVillageFence_01",
      "InteriorObject",
      "CFencePoleUnit",
      new Matrix(
          0.581334, -0.813434, 0.019381, 5425.201172,
          0.812492, 0.581610, 0.039819, 3674.897949,
          -0.043662, -0.007401, 0.999019, 597.857727,
          0.000000, 0.000000, 0.000000, 1.000000
        ),
      [
        ["SurfaceControl", "PutonGround"],
        ["Length", 8]
      ]
    ],

    [
      "SingleVillageFence_02",
      "InteriorObject",
      "CFencePoleUnit",
      new Matrix(
          -0.414087, -0.910237, 0.000000, 5391.348633,
          0.910237, -0.414087, 0.000000, 3680.471680,
          0.000000, 0.000000, 1.000000, 598.333679,
          0.000000, 0.000000, 0.000000, 1.000000
        ),
      [
        ["SurfaceControl", "PutonGroundLandingJoints"],
        ["Length", 13]
      ]
    ],

    [
      "SingleVillageFence_03",
      "InteriorObject",
      "CFencePoleUnit",
      new Matrix(
          -0.982206, -0.187808, 0.000000, 5425.491211,
          0.187808, -0.982206, 0.000000, 3674.196777,
          0.000000, 0.000000, 1.000000, 598.139221,
          0.000000, 0.000000, 0.000000, 1.000000
        ),
      [
        ["SurfaceControl", "PutonGroundUpright"],
        ["Length", 13]
      ]
    ],

    [
      "CompanyGrpFOUR_01",
      "GameObject",
      "CTankT34Slave_2Unit",
      new Matrix(
          0.812669, 0.580918, -0.045864, 4703.985840,
          -0.582404, 0.812315, -0.030809, 6474.360840,
          0.019359, 0.051749, 0.998472, 579.675781,
          0.000000, 0.000000, 0.000000, 1.000000
        ),
      [
        ["Affiliation", "FRIEND"],
        ["Task", "CBaseAITankTask"],
        ["Number", "22_30"]
      ]
    ],

    [
      "CompanyGrpFOUR_02",
      "GameObject",
      "CTankT34Slave_2Unit",
      new Matrix(
          0.669037, 0.741311, -0.053365, 4422.276367,
          -0.742364, 0.669997, 0.000132, 6539.369629,
          0.035852, 0.039527, 0.998575, 565.351685,
          0.000000, 0.000000, 0.000000, 1.000000
        ),
      [
        ["Affiliation", "FRIEND"],
        ["Task", "CBaseAITankTask"],
        ["Number", "22_31"]
      ]
    ],

    [
      "CompanyGrpFOUR_03",
      "GameObject",
      "CTankT34Slave_2Unit",
      new Matrix(
          0.636941, 0.769940, -0.038705, 4683.188477,
          -0.770792, 0.636927, -0.014300, 6503.886230,
          0.013642, 0.038942, 0.999148, 579.425171,
          0.000000, 0.000000, 0.000000, 1.000000
        ),
      [
        ["Affiliation", "FRIEND"],
        ["Task", "CBaseAITankTask"],
        ["Number", "22_33"]
      ]
    ],

    [
      "C1M1Grp_CompanyGrpFOUR",
      "UnitGroup",
      "C1M1Grp_CompanyGrpFOUR",
      new Matrix(
          0.812669, 0.580918, -0.045866, 4703.985840,
          -0.582404, 0.812316, -0.030801, 6474.360840,
          0.019365, 0.051744, 0.998473, 579.675720,
          0.000000, 0.000000, 0.000000, 1.000000
        ),
      [
        ["Units", ["CompanyGrpFOUR_01", "CompanyGrpFOUR_02", "CompanyGrpFOUR_03", "CompanyGrpFOUR_04", "CompanyGrpFOUR_05", "CompanyGrpFOUR_06", "CompanyGrpFOUR_7", "CompanyGrpFOUR_8"]],
        ["Path", ["RearAttackPath_1", "RearAttackPath_3", "RearAttackPath_4"]]
      ]
    ],

    [
      "CompanyGrpFOUR_NP01",
      "NavPoint",
      "CZAxisCylNavPoint",
      new Matrix(
          -0.353281, -0.935517, 0.000000, 5351.758789,
          0.935517, -0.353281, 0.000000, 8549.292969,
          0.000000, 0.000000, 1.000000, 593.887024,
          0.000000, 0.000000, 0.000000, 1.000000
        ),
      [
        ["Range", 20.000000],
        ["BehaviorHeight", 300.000000],
        ["PositionType", "Ground"]
      ]
    ],

    [
      "CompanyGrpFOUR_NP02",
      "NavPoint",
      "CZAxisCylNavPoint",
      new Matrix(
          -0.353281, -0.935517, 0.000000, 5391.182129,
          0.935517, -0.353281, 0.000000, 6900.360840,
          0.000000, 0.000000, 1.000000, 589.529724,
          0.000000, 0.000000, 0.000000, 1.000000
        ),
      [
        ["Detect", true],
        ["Name", ""],
        ["Mask", [[], []]],
        ["IsVisible", true],
        ["PositionType", ""],
        ["BehaviorHeight", 300.000000],
        ["MapCompass", false],
        ["IsMain", false],
        ["Range", 20.000000]
      ]
    ],

    [
      "CompanyGrpFOUR_NP03",
      "NavPoint",
      "CZAxisCylNavPoint",
      new Matrix(
          -0.353281, -0.935517, 0.000000, 5641.695801,
          0.935517, -0.353281, 0.000000, 6105.897461,
          0.000000, 0.000000, 1.000000, 591.318359,
          0.000000, 0.000000, 0.000000, 1.000000
        ),
      [
        ["Detect", true],
        ["Name", ""],
        ["Mask", [[], []]],
        ["IsVisible", true],
        ["PositionType", ""],
        ["BehaviorHeight", 0.000000],
        ["MapCompass", false],
        ["IsMain", false],
        ["Range", 40.000000]
      ]
    ],

    [
      "CompanyGrpFOUR_NP04",
      "NavPoint",
      "CZAxisCylNavPoint",
      new Matrix(
          -0.353281, -0.935517, 0.000000, 5794.210938,
          0.935517, -0.353281, 0.000000, 5684.876465,
          0.000000, 0.000000, 1.000000, 591.226318,
          0.000000, 0.000000, 0.000000, 1.000000
        ),
      [
        ["Detect", true],
        ["Name", ""],
        ["Mask", [[], []]],
        ["IsVisible", true],
        ["PositionType", "Ground"],
        ["BehaviorHeight", 0.000000],
        ["MapCompass", false],
        ["IsMain", false],
        ["Range", 80.000000]
      ]
    ],

    [
      "CompanyGrpFOUR_NP05",
      "NavPoint",
      "CZAxisCylNavPoint",
      new Matrix(
          -0.353281, -0.935517, 0.000000, 5887.395996,
          0.935517, -0.353281, 0.000000, 4932.125977,
          0.000000, 0.000000, 1.000000, 600.330383,
          0.000000, 0.000000, 0.000000, 1.000000
        ),
      [
        ["Detect", true],
        ["Name", "MissionC1M1Strings::str_CompanyGrpFOUR_NP05"],
        ["IsVisible", true],
        ["PositionType", "Ground"],
        ["IsMain", true],
        ["Range", 80.000000]
      ]
    ],

    [
      "AmbushHouseFence_01",
      "InteriorObject",
      "CFencePoleUnit",
      new Matrix(
          -0.990883, -0.119743, 0.061751, 5573.233398,
          0.114379, -0.989870, -0.084118, 7033.497070,
          0.071198, -0.076288, 0.994541, 613.950378,
          0.000000, 0.000000, 0.000000, 1.000000
        ),
      [
        ["SurfaceControl", "PutonGround"],
        ["Length", 9]
      ]
    ],

    [
      "AmbushHouseFence_02",
      "InteriorObject",
      "CFencePoleUnit",
      new Matrix(
          -0.105835, 0.993754, 0.035388, 5552.326172,
          -0.992760, -0.103562, -0.060849, 7059.445313,
          -0.056804, -0.041572, 0.997519, 616.954041,
          0.000000, 0.000000, 0.000000, 1.000000
        ),
      [
        ["SurfaceControl", "PutonGround"],
        ["Length", 9]
      ]
    ],

    [
      "AmbushHouseFence_03",
      "InteriorObject",
      "CFencePoleUnit",
      new Matrix(
          -0.986829, -0.153747, 0.050297, 5565.287598,
          0.151630, -0.987479, -0.043523, 7057.313965,
          0.056359, -0.035323, 0.997785, 616.206055,
          0.000000, 0.000000, 0.000000, 1.000000
        ),
      [
        ["SurfaceControl", "PutonGround"],
        ["Length", 5]
      ]
    ],

    [
      "AmbushHouseCorral",
      "InteriorObject",
      "CUSRCorralWoodUnit",
      new Matrix(
          -0.987589, -0.156896, 0.007216, 5571.982422,
          0.156779, -0.987526, -0.014613, 7045.213867,
          0.009419, -0.013300, 0.999867, 649.873657,
          0.000000, 0.000000, 0.000000, 1.000000
        ),
      [
        ["SurfaceControl", "PutonGround"],
        ["HitPoints", 200.000000],
        ["Affiliation", "ENEMY"],
        ["Route", []],
        ["FakeShadowOffset", 0.090000]
      ]
    ],

    [
      "AmbushHouseDrova_01",
      "InteriorObject",
      "CPileLogsUnit",
      new Matrix(
          -0.000771, -0.999715, 0.023856, 5568.847168,
          0.999968, -0.000582, 0.007936, 7040.333496,
          -0.007919, 0.023861, 0.999684, 615.591370,
          0.000000, 0.000000, 0.000000, 1.000000
        ),
      [
        ["SurfaceControl", "PutonGround"]
      ]
    ],

    [
      "RearAttackPath_1",
      "NavPoint",
      "CZAxisCylNavPoint",
      new Matrix(
          -0.418737, -0.908108, 0.000000, 5619.538086,
          0.908108, -0.418737, 0.000000, 6241.412598,
          0.000000, 0.000000, 1.000000, 591.009827,
          0.000000, 0.000000, 0.000000, 1.000000
        ),
      [
        ["Range", 20.000000],
        ["PositionType", "Ground"],
        ["Detect", true],
        ["IsMain", false]
      ]
    ],

    [
      "RearAttackPath_2",
      "NavPoint",
      "CZAxisCylNavPoint",
      new Matrix(
          -0.029926, -0.999552, 0.000000, 5704.100586,
          0.999552, -0.029926, 0.000000, 5540.508789,
          0.000000, 0.000000, 1.000000, 594.719849,
          0.000000, 0.000000, 0.000000, 1.000000
        ),
      [
        ["Range", 60.000000],
        ["PositionType", "Ground"],
        ["Detect", true],
        ["IsMain", false]
      ]
    ],

    [
      "RearAttackPath_3",
      "NavPoint",
      "CZAxisCylNavPoint",
      new Matrix(
          -0.029926, -0.999552, 0.000000, 5752.146973,
          0.999552, -0.029926, 0.000000, 4833.401855,
          0.000000, 0.000000, 1.000000, 594.617310,
          0.000000, 0.000000, 0.000000, 1.000000
        ),
      [
        ["Range", 6.000000],
        ["PositionType", "Ground"],
        ["Detect", true],
        ["IsMain", false]
      ]
    ],

    [
      "RearAttackPath_4",
      "NavPoint",
      "CZAxisCylNavPoint",
      new Matrix(
          -0.029926, -0.999552, 0.000000, 6534.084473,
          0.999552, -0.029926, 0.000000, 5021.806152,
          0.000000, 0.000000, 1.000000, 603.735779,
          0.000000, 0.000000, 0.000000, 1.000000
        ),
      [
        ["Range", 2.000000],
        ["PositionType", "Ground"]
      ]
    ],

    [
      "RearAttackPath_0",
      "NavPoint",
      "CZAxisCylNavPoint",
      new Matrix(
          -0.029926, -0.999552, 0.000000, 5086.296875,
          0.999552, -0.029926, 0.000000, 7336.045898,
          0.000000, 0.000000, 1.000000, 591.569824,
          0.000000, 0.000000, 0.000000, 1.000000
        ),
      [
        ["Range", 20.000000],
        ["PositionType", "Ground"],
        ["Detect", true],
        ["IsMain", false]
      ]
    ],

    [
      "Pnz_Tnk01",
      "GameObject",
      "CTankPzVI_E1_AI_Unit",
      new Matrix(
          0.139251, -0.990129, -0.015934, 5856.912109,
          0.989682, 0.139700, -0.031843, 4996.519043,
          0.033754, -0.011335, 0.999366, 602.590942,
          0.000000, 0.000000, 0.000000, 1.000000
        ),
      [
        ["Affiliation", "ENEMY"],
        ["Task", "CBaseAITankTask"],
        ["Number", "231"],
        ["Markings", "DRn"],
        ["K_RINGS", "8"]
      ]
    ],

    [
      "Pnz_Tnk02",
      "GameObject",
      "CTankPzVI_E1_AI_Unit",
      new Matrix(
          -0.019834, -0.992796, 0.118163, 5757.610352,
          0.995775, -0.030214, -0.086715, 5014.761230,
          0.089660, 0.115944, 0.989201, 607.765747,
          0.000000, 0.000000, 0.000000, 1.000000
        ),
      [
        ["Affiliation", "ENEMY"],
        ["Task", "CBaseAITankTask"],
        ["Number", "232"],
        ["Markings", "DRn"],
        ["K_RINGS", "5"]
      ]
    ],

    [
      "GCol2BTR1",
      "GameObject",
      "CBtrHanomag251AusfCUnit",
      new Matrix(
          0.993304, 0.115067, 0.010351, 4262.046875,
          -0.114850, 0.993190, -0.019584, 3332.080322,
          -0.012534, 0.018264, 0.999755, 584.034363,
          0.000000, 0.000000, 0.000000, 1.000000
        ),
      [
        ["Affiliation", "ENEMY"],
        ["Task", "CBaseAIBtrTask"]
      ]
    ],

    [
      "GCol2BTR2",
      "GameObject",
      "CBtrHanomag251AusfCUnit",
      new Matrix(
          -0.308700, 0.950858, -0.023921, 4106.616699,
          -0.951042, -0.308960, -0.007966, 3333.749756,
          -0.014965, 0.020291, 0.999682, 588.271790,
          0.000000, 0.000000, 0.000000, 1.000000
        ),
      [
        ["Affiliation", "ENEMY"],
        ["Task", "CBaseAIBtrTask"]
      ]
    ],

    [
      "CC1M1PanzerGrupen2",
      "UnitGroup",
      "CC1M1PanzerGrupen2",
      new Matrix(
          0.139251, -0.990129, -0.015957, 5856.912109,
          0.989681, 0.139701, -0.031846, 4996.519043,
          0.033761, -0.011358, 0.999365, 602.591003,
          0.000000, 0.000000, 0.000000, 1.000000
        ),
      [
        ["Units", ["Pnz_Tnk01", "Pnz_Tnk02", "Pnz_Tnk03", "Pnz_Tnk04"]],
        ["DelayedOrder", true],
        ["MovingSpeed", 3.500000],
        ["MinDifficulty", 2],
        ["NonSynchedPatrol", false],
        ["CyclePath", true]
      ]
    ],

    [
      "GCol3BTR1",
      "GameObject",
      "CBtrHanomag251AusfCUnit",
      new Matrix(
          0.294352, -0.955585, -0.014656, 5948.948730,
          0.954402, 0.294716, -0.047535, 5005.573242,
          0.049743, 0.000004, 0.998762, 606.947632,
          0.000000, 0.000000, 0.000000, 1.000000
        ),
      [
        ["Affiliation", "ENEMY"],
        ["Task", "CBaseAIBtrTask"]
      ]
    ],

    [
      "CC1M1PanzerGrupen1",
      "UnitGroup",
      "CC1M1PanzerGrupen1",
      new Matrix(
          0.224100, -0.974301, 0.022751, 5158.127930,
          0.973305, 0.222561, -0.056075, 5137.055176,
          0.049570, 0.034710, 0.998167, 590.649841,
          0.000000, 0.000000, 0.000000, 1.000000
        ),
      [
        ["Units", ["PnzVI_AA", "PnzIV_3", "PnzIV_4", "PnzIV_5", "PnzIV_6"]],
        ["DelayedOrder", true],
        ["CyclePath", true]
      ]
    ],

    [
      "NavPnt1",
      "NavPoint",
      "CZAxisCylNavPoint",
      new Matrix(
          -0.029926, -0.999552, 0.000000, 1728.898560,
          0.999552, -0.029926, 0.000000, 4380.557129,
          0.000000, 0.000000, 1.000000, 598.149841,
          0.000000, 0.000000, 0.000000, 1.000000
        ),
      [
        ["Range", 6.000000],
        ["PositionType", "Ground"],
        ["Detect", true],
        ["Name", ""],
        ["Mask", [[], []]],
        ["IsVisible", false],
        ["BehaviorHeight", 0.000000],
        ["MapCompass", true],
        ["IsMain", false]
      ]
    ],

    [
      "NavPnt2",
      "NavPoint",
      "CZAxisCylNavPoint",
      new Matrix(
          -0.029926, -0.999552, 0.000000, 2361.597168,
          0.999552, -0.029926, 0.000000, 4429.815430,
          0.000000, 0.000000, 1.000000, 570.030273,
          0.000000, 0.000000, 0.000000, 1.000000
        ),
      [
        ["Range", 2.000000],
        ["PositionType", "Ground"],
        ["Detect", true],
        ["IsMain", false]
      ]
    ],

    [
      "NavPnt3",
      "NavPoint",
      "CZAxisCylNavPoint",
      new Matrix(
          -0.029926, -0.999552, 0.000000, 2800.417480,
          0.999552, -0.029926, 0.000000, 4258.568359,
          0.000000, 0.000000, 1.000000, 578.668579,
          0.000000, 0.000000, 0.000000, 1.000000
        ),
      [
        ["Range", 2.000000],
        ["PositionType", "Ground"],
        ["Detect", true],
        ["IsMain", false]
      ]
    ],

    [
      "NavPnt4",
      "NavPoint",
      "CZAxisCylNavPoint",
      new Matrix(
          -0.029926, -0.999552, 0.000000, 3471.807373,
          0.999552, -0.029926, 0.000000, 3750.687500,
          0.000000, 0.000000, 1.000000, 577.267395,
          0.000000, 0.000000, 0.000000, 1.000000
        ),
      [
        ["Range", 2.000000],
        ["PositionType", "Ground"],
        ["Detect", true],
        ["IsMain", false]
      ]
    ],

    [
      "NavPnt5",
      "NavPoint",
      "CZAxisCylNavPoint",
      new Matrix(
          0.269169, -0.963093, 0.000000, 4582.813477,
          0.963093, 0.269169, 0.000000, 3185.133789,
          0.000000, 0.000000, 1.000000, 586.894287,
          0.000000, 0.000000, 0.000000, 1.000000
        ),
      [
        ["Range", 2.000000],
        ["PositionType", "Ground"],
        ["BehaviorHeight", 300.000000],
        ["Detect", true],
        ["IsMain", false]
      ]
    ],

    [
      "NavPnt6",
      "NavPoint",
      "CZAxisCylNavPoint",
      new Matrix(
          -0.029926, -0.999552, 0.000000, 5279.074707,
          0.999552, -0.029926, 0.000000, 3338.593506,
          0.000000, 0.000000, 1.000000, 596.959839,
          0.000000, 0.000000, 0.000000, 1.000000
        ),
      [
        ["Range", 2.000000],
        ["PositionType", "Ground"],
        ["Detect", true],
        ["IsMain", false]
      ]
    ],

    [
      "NavPnt7",
      "NavPoint",
      "CZAxisCylNavPoint",
      new Matrix(
          -0.029926, -0.999552, 0.000000, 5489.030762,
          0.999552, -0.029926, 0.000000, 3805.804443,
          0.000000, 0.000000, 1.000000, 595.453613,
          0.000000, 0.000000, 0.000000, 1.000000
        ),
      [
        ["Range", 2.000000],
        ["PositionType", "Ground"],
        ["Detect", true],
        ["IsMain", false]
      ]
    ],

    [
      "WatcherPoint",
      "NavPoint",
      "CZAxisCylNavPoint",
      new Matrix(
          -0.029926, -0.999552, 0.000000, 5442.510742,
          0.999552, -0.029926, 0.000000, 5092.051270,
          0.000000, 0.000000, 1.000000, 603.942017,
          0.000000, 0.000000, 0.000000, 1.000000
        ),
      [
        ["Range", 60.000000],
        ["PositionType", "Ground"],
        ["Detect", true],
        ["Name", ""],
        ["Mask", [[], []]],
        ["IsVisible", true],
        ["BehaviorHeight", 0.000000],
        ["MapCompass", false],
        ["IsMain", false]
      ]
    ],

    [
      "NavPnt5_6",
      "NavPoint",
      "CZAxisCylNavPoint",
      new Matrix(
          -0.029926, -0.999552, 0.000000, 4805.003906,
          0.999552, -0.029926, 0.000000, 3303.940430,
          0.000000, 0.000000, 1.000000, 595.399109,
          0.000000, 0.000000, 0.000000, 1.000000
        ),
      [
        ["Range", 2.000000],
        ["PositionType", "Ground"],
        ["Detect", true],
        ["IsMain", false]
      ]
    ],

    [
      "NavPnt0",
      "NavPoint",
      "CZAxisCylNavPoint",
      new Matrix(
          -0.029926, -0.999552, 0.000000, 854.469849,
          0.999552, -0.029926, 0.000000, 4540.708008,
          0.000000, 0.000000, 1.000000, 606.508240,
          0.000000, 0.000000, 0.000000, 1.000000
        ),
      [
        ["Range", 20.000000],
        ["PositionType", "Ground"],
        ["BehaviorHeight", 200.000000],
        ["Detect", true],
        ["IsMain", false]
      ]
    ],

    [
      "RU_AttackZone_01",
      "NavPoint",
      "CZAxisCylNavPoint",
      new Matrix(
          1.000000, 0.000000, 0.000000, 5410.001465,
          0.000000, 1.000000, 0.000000, 6420.920410,
          0.000000, 0.000000, 1.000000, 590.550842,
          0.000000, 0.000000, 0.000000, 1.000000
        ),
      [
        ["Range", 80.000000],
        ["Detect", true],
        ["IsMain", false],
        ["BehaviorHeight", 300.000000],
        ["Name", ""],
        ["Mask", [[], []]],
        ["IsVisible", true],
        ["PositionType", "Ground"],
        ["BehaviorHeight", 0.000000],
        ["MapCompass", false]
      ]
    ],

    [
      "NavPnt_11",
      "NavPoint",
      "CZAxisCylNavPoint",
      new Matrix(
          -0.029926, -0.999552, 0.000000, 7532.547852,
          0.999552, -0.029926, 0.000000, 6134.733887,
          0.000000, 0.000000, 1.000000, 635.808228,
          0.000000, 0.000000, 0.000000, 1.000000
        ),
      [
        ["Range", 2.000000],
        ["PositionType", "Ground"]
      ]
    ],

    [
      "NavPnt_12",
      "NavPoint",
      "CZAxisCylNavPoint",
      new Matrix(
          -0.029926, -0.999552, 0.000000, 7607.178711,
          0.999552, -0.029926, 0.000000, 6832.890137,
          0.000000, 0.000000, 1.000000, 604.426453,
          0.000000, 0.000000, 0.000000, 1.000000
        ),
      [
        ["Range", 10.000000],
        ["PositionType", "Ground"],
        ["Detect", true],
        ["Name", ""],
        ["Mask", [[], []]],
        ["IsVisible", true],
        ["BehaviorHeight", 0.000000],
        ["MapCompass", false],
        ["IsMain", false]
      ]
    ],

    [
      "NavPnt_13",
      "NavPoint",
      "CZAxisCylNavPoint",
      new Matrix(
          0.973033, -0.230666, 0.000000, 8368.490234,
          0.230666, 0.973033, 0.000000, 6793.942871,
          0.000000, 0.000000, 1.000000, 577.248108,
          0.000000, 0.000000, 0.000000, 1.000000
        ),
      [
        ["Range", 40.000000],
        ["PositionType", "Ground"],
        ["Detect", true],
        ["Name", ""],
        ["Mask", [[], []]],
        ["IsVisible", true],
        ["BehaviorHeight", 300.000000],
        ["MapCompass", false],
        ["IsMain", false]
      ]
    ],

    [
      "CompanyGrpONE_3",
      "GameObject",
      "CTankT34Slave_2Unit",
      new Matrix(
          0.024394, 0.999671, -0.007965, 5521.054199,
          -0.999702, 0.024395, -0.000003, 9307.391602,
          0.000192, 0.007963, 0.999968, 597.066528,
          0.000000, 0.000000, 0.000000, 1.000000
        ),
      [
        ["Affiliation", "FRIEND"],
        ["Task", "C1M1RedArmyGrp1_Task"],
        ["Number", "01_03"]
      ]
    ],

    [
      "CompanyGrpONE_4",
      "GameObject",
      "CTankT34Slave_2Unit",
      new Matrix(
          0.458542, 0.884919, -0.081598, 5395.429688,
          -0.887991, 0.459851, -0.003067, 9308.985352,
          0.034809, 0.073864, 0.996661, 596.058655,
          0.000000, 0.000000, 0.000000, 1.000000
        ),
      [
        ["Affiliation", "FRIEND"],
        ["Task", "C1M1RedArmyGrp1_Task"],
        ["Number", "01_04"]
      ]
    ],

    [
      "PAK40AntiTank_1",
      "GameObject",
      "CGunPak40Unit",
      new Matrix(
          -0.935287, 0.353530, -0.015949, 8384.401367,
          -0.353575, -0.935406, -0.000002, 7253.241699,
          -0.014920, 0.005638, 0.999873, 630.423767,
          0.000000, 0.000000, 0.000000, 1.000000
        ),
      [
        ["Affiliation", "ENEMY"]
      ]
    ],

    [
      "PAK40AntiTank_1_Gunner_1",
      "GameObject",
      "CGermanSoldierRifleUnit",
      new Matrix(
          -0.931715, 0.363190, 0.000000, 8386.116211,
          -0.363190, -0.931715, 0.000000, 7254.267578,
          0.000000, 0.000000, 1.000000, 630.325195,
          0.000000, 0.000000, 0.000000, 1.000000
        ),
      [
        ["Affiliation", "ENEMY"],
        ["Guncrew", true],
        ["Task", "CBaseAITask"]
      ]
    ],

    [
      "PAK40AntiTank_1_Gunner_2",
      "GameObject",
      "CGermanSoldierRifleUnit",
      new Matrix(
          -0.931715, 0.363190, 0.000000, 8386.474609,
          -0.363190, -0.931715, 0.000000, 7253.666016,
          0.000000, 0.000000, 1.000000, 630.330933,
          0.000000, 0.000000, 0.000000, 1.000000
        ),
      [
        ["Affiliation", "ENEMY"],
        ["Guncrew", false],
        ["Task", "CBaseAITask"]
      ]
    ],

    [
      "CompanyGrpONE_5",
      "GameObject",
      "CTankT34Slave_2Unit",
      new Matrix(
          -0.067566, 0.997715, -0.000004, 5583.268066,
          -0.997715, -0.067566, 0.000000, 9328.171875,
          0.000000, 0.000004, 1.000000, 597.334534,
          0.000000, 0.000000, 0.000000, 1.000000
        ),
      [
        ["Affiliation", "FRIEND"],
        ["Task", "C1M1RedArmyGrp1_Task"],
        ["Number", "22_22"]
      ]
    ],

    [
      "CompanyGrpONE_6",
      "GameObject",
      "CTankT34Slave_2Unit",
      new Matrix(
          0.519516, 0.854168, 0.022352, 5310.273926,
          -0.854357, 0.519683, -0.002010, 9296.801758,
          -0.013333, -0.018052, 0.999748, 592.379211,
          0.000000, 0.000000, 0.000000, 1.000000
        ),
      [
        ["Affiliation", "FRIEND"],
        ["Task", "C1M1RedArmyGrp1_Task"],
        ["Number", "22_22"]
      ]
    ],

    [
      "PaK40_Position_3",
      "GameObject",
      "CGunPak40Unit",
      new Matrix(
          -0.934877, 0.354613, -0.015959, 8381.338867,
          -0.354766, -0.934921, 0.007951, 7262.247559,
          -0.012100, 0.013095, 0.999841, 630.355225,
          0.000000, 0.000000, 0.000000, 1.000000
        ),
      [
