//-------------------------------------------------------------------
//
//  This code is copyright 2001 by G5 Software.
//  Any unauthorized usage, either in part or in whole of this code
//  is strictly prohibited. Violators WILL be prosecuted to the
//  maximum extent allowed by law.
//
//-------------------------------------------------------------------
//
//  Automatically-generated mission script file
//  DO NOT EDIT!
//
//-------------------------------------------------------------------


class CM5Content
{
  static String m_ObjectListClassFile = "Missions/Campaign_1/Mission_5/Content.script";
  static String m_ObjectListClassName = "CM5Content";

  static Array  m_MissionObjectList   = [
    [
      "Atmosphere",
      "",
      "",
      new Matrix(
          1.000000, 0.000000, 0.000000, 0.000000,
          0.000000, 1.000000, 0.000000, 0.000000,
          0.000000, 0.000000, 1.000000, 0.000000,
          0.000000, 0.000000, 0.000000, 1.000000
        ),
      [
        ["SunColor", new Color(1.000000, 0.988235, 0.909804, 1.000000)],
        ["SunIntensity", 1.000000],
        ["AmbientLight", new Color(0.301961, 0.333333, 0.368627, 1.000000)],
        ["ShadowColor", new Color(0.513726, 0.541176, 0.658824, 1.000000)],
        ["AntiSunColor", new Color(0.537255, 0.576471, 0.592157, 1.000000)],
        ["SunDirection", new Vector(-0.125942, -0.701137, -0.701816)],
        ["AntiSunIntensity", 0.700000],
        ["AntiSunEnabled", true],
        ["SunSpecularIntensity", 1.200000]
      ]
    ],

    [
      "Cloud_Cum",
      "Cloud",
      "CCloud",
      new Matrix(
          0.448989, 0.893537, 0.000000, 48867.468750,
          -0.893537, 0.448989, 0.000000, 39200.902344,
          0.000000, 0.000000, 1.000000, 1700.814209,
          0.000000, 0.000000, 0.000000, 1.000000
        ),
      [
        ["SpriteSize", 500.000000],
        ["Density", 0.130000],
        ["Ambient", new Color(1.000000, 1.000000, 1.000000, 0.900000)],
        ["DbgRenderBoxes", false],
        ["Height0", 0.000000],
        ["Color0", new Color(0.403922, 0.407843, 0.439216, 1.000000)],
        ["Height1", 0.080000],
        ["Color1", new Color(0.584314, 0.611765, 0.623529, 1.000000)],
        ["Height2", 0.200000],
        ["Color2", new Color(0.627451, 0.658824, 0.662745, 1.000000)],
        ["Height3", 0.500000],
        ["Color3", new Color(0.741176, 0.729412, 0.682353, 1.000000)],
        ["Height4", 0.700000],
        ["Color4", new Color(0.627451, 0.639216, 0.654902, 1.000000)],
        ["Matid0", ["Mtr_c", "Mtr_d", "Mtr_e", "Mtr_5"]],
        ["Matid1", ["Mtr_4", "Mtr_9", "Mtr_a", "Mtr_b"]],
        ["Matid2", ["Mtr_4", "Mtr_5", "Mtr_6", "Mtr_7"]],
        ["Matid3", ["Mtr_0", "Mtr_1", "Mtr_b", "Mtr_3"]],
        ["Matid4", ["Mtr_0", "Mtr_1", "Mtr_b", "Mtr_3"]],
        ["Size0", 0.700000],
        ["Size1", 1.000000],
        ["Size2", 1.000000],
        ["Size3", 1.000000],
        ["Size4", 1.000000],
        ["Dens0", 0.700000],
        ["Dens1", 0.300000],
        ["Dens2", 0.200000],
        ["Dens3", 0.100000],
        ["Dens4", 0.100000],
        ["Boxes", [[new Vector(0.000000, 0.000000, 0.000000), new Vector(1000.000000, 700.000000, 250.000000)], [new Vector(0.000000, 0.000000, 500.000000), new Vector(500.000000, 500.000000, 750.000000)], [new Vector(-500.000000, -350.000000, 250.000000), new Vector(400.000000, 500.000000, 500.000000)], [new Vector(500.000000, -400.000000, 150.000000), new Vector(750.000000, 750.000000, 250.000000)], [new Vector(500.000000, 400.000000, -50.000000), new Vector(400.000000, 400.000000, 250.000000)], [new Vector(0.000000, -800.000000, 100.000000), new Vector(500.000000, 800.000000, 200.000000)]]]
      ]
    ],

    [
      "Cloud_flat",
      "Cloud",
      "CCloud",
      new Matrix(
          0.448989, 0.893537, 0.000000, 46231.558594,
          -0.893537, 0.448989, 0.000000, 35955.156250,
          0.000000, 0.000000, 1.000000, 1683.140015,
          0.000000, 0.000000, 0.000000, 1.000000
        ),
      [
        ["SpriteSize", 500.000000],
        ["Density", 0.130000],
        ["Ambient", new Color(1.000000, 1.000000, 1.000000, 0.900000)],
        ["DbgRenderBoxes", false],
        ["Height0", 0.000000],
        ["Color0", new Color(0.407843, 0.415686, 0.435294, 1.000000)],
        ["Height1", 0.080000],
        ["Color1", new Color(0.549020, 0.603922, 0.623529, 1.000000)],
        ["Height2", 0.200000],
        ["Color2", new Color(0.635294, 0.682353, 0.690196, 1.000000)],
        ["Height3", 0.500000],
        ["Color3", new Color(0.776471, 0.772549, 0.725490, 1.000000)],
        ["Height4", 0.700000],
        ["Color4", new Color(0.674510, 0.674510, 0.674510, 1.000000)],
        ["Matid0", ["Mtr_c", "Mtr_d", "Mtr_e", "Mtr_5"]],
        ["Matid1", ["Mtr_4", "Mtr_6", "Mtr_a", "Mtr_b"]],
        ["Matid2", ["Mtr_4", "Mtr_5", "Mtr_6", "Mtr_7"]],
        ["Matid3", ["Mtr_b", "Mtr_4", "Mtr_3"]],
        ["Matid4", ["Mtr_b", "Mtr_4", "Mtr_3", "Mtr_0"]],
        ["Size0", 0.700000],
        ["Size1", 1.000000],
        ["Size2", 1.000000],
        ["Size3", 1.000000],
        ["Size4", 1.000000],
        ["Dens0", 0.700000],
        ["Dens1", 0.300000],
        ["Dens2", 0.200000],
        ["Dens3", 0.100000],
        ["Dens4", 0.100000],
        ["Boxes", [[new Vector(0.000000, 0.000000, 0.000000), new Vector(2000.000000, 1500.000000, 250.000000)], [new Vector(0.000000, 0.000000, 500.000000), new Vector(1000.000000, 1000.000000, 1500.000000)], [new Vector(-1000.000000, -600.000000, 250.000000), new Vector(800.000000, 1000.000000, 500.000000)], [new Vector(1000.000000, -800.000000, 150.000000), new Vector(1500.000000, 1500.000000, 250.000000)], [new Vector(1000.000000, 800.000000, -50.000000), new Vector(800.000000, 800.000000, 250.000000)], [new Vector(0.000000, -1500.000000, 100.000000), new Vector(1000.000000, 1500.000000, 200.000000)]]]
      ]
    ],

    [
      "Cloud_Cum1",
      "Cloud",
      "CCloud",
      new Matrix(
          0.448989, 0.893537, 0.000000, 44696.898438,
          -0.893537, 0.448989, 0.000000, 40203.503906,
          0.000000, 0.000000, 1.000000, 1779.830444,
          0.000000, 0.000000, 0.000000, 1.000000
        ),
      [
        ["SpriteSize", 500.000000],
        ["Density", 0.160000],
        ["Ambient", new Color(1.000000, 1.000000, 1.000000, 0.900000)],
        ["DbgRenderBoxes", false],
        ["Height0", 0.000000],
        ["Color0", new Color(0.388235, 0.403922, 0.419608, 1.000000)],
        ["Height1", 0.080000],
        ["Color1", new Color(0.486275, 0.525490, 0.560784, 1.000000)],
        ["Height2", 0.200000],
        ["Color2", new Color(0.658824, 0.670588, 0.674510, 1.000000)],
        ["Height3", 0.500000],
        ["Color3", new Color(0.694118, 0.690196, 0.662745, 1.000000)],
        ["Height4", 0.700000],
        ["Color4", new Color(0.678431, 0.678431, 0.678431, 1.000000)],
        ["Matid0", ["Mtr_c", "Mtr_d", "Mtr_e", "Mtr_5"]],
        ["Matid1", ["Mtr_4", "Mtr_9", "Mtr_a", "Mtr_b"]],
        ["Matid2", ["Mtr_4", "Mtr_5", "Mtr_6", "Mtr_7"]],
        ["Matid3", ["Mtr_0", "Mtr_b", "Mtr_1"]],
        ["Matid4", ["Mtr_0", "Mtr_b", "Mtr_1", "Mtr_3"]],
        ["Size0", 0.700000],
        ["Size1", 1.000000],
        ["Size2", 1.000000],
        ["Size3", 1.000000],
        ["Size4", 1.000000],
        ["Dens0", 0.700000],
        ["Dens1", 0.300000],
        ["Dens2", 0.200000],
        ["Dens3", 0.100000],
        ["Dens4", 0.100000],
        ["Boxes", [[new Vector(0.000000, 0.000000, 0.000000), new Vector(1000.000000, 700.000000, 250.000000)], [new Vector(0.000000, 0.000000, 500.000000), new Vector(500.000000, 500.000000, 750.000000)], [new Vector(-500.000000, -350.000000, 250.000000), new Vector(400.000000, 500.000000, 500.000000)], [new Vector(500.000000, -400.000000, 150.000000), new Vector(750.000000, 750.000000, 250.000000)], [new Vector(500.000000, 400.000000, -50.000000), new Vector(400.000000, 400.000000, 250.000000)], [new Vector(0.000000, -800.000000, 100.000000), new Vector(500.000000, 800.000000, 200.000000)]]]
      ]
    ],

    [
      "Cloud_flat1",
      "Cloud",
      "CCloud",
      new Matrix(
          0.448989, 0.893537, 0.000000, 47084.222656,
          -0.893537, 0.448989, 0.000000, 44338.726563,
          0.000000, 0.000000, 1.000000, 1700.920166,
          0.000000, 0.000000, 0.000000, 1.000000
        ),
      [
        ["SpriteSize", 500.000000],
        ["Density", 0.150000],
        ["Ambient", new Color(1.000000, 1.000000, 1.000000, 0.900000)],
        ["DbgRenderBoxes", false],
        ["Height0", 0.000000],
        ["Color0", new Color(0.345098, 0.349020, 0.372549, 1.000000)],
        ["Height1", 0.080000],
        ["Color1", new Color(0.490196, 0.525490, 0.541176, 1.000000)],
        ["Height2", 0.200000],
        ["Color2", new Color(0.749020, 0.737255, 0.709804, 1.000000)],
        ["Height3", 0.500000],
        ["Color3", new Color(0.709804, 0.709804, 0.725490, 1.000000)],
        ["Height4", 0.700000],
        ["Color4", new Color(0.674510, 0.670588, 0.643137, 1.000000)],
        ["Matid0", ["Mtr_c", "Mtr_d", "Mtr_e", "Mtr_5"]],
        ["Matid1", ["Mtr_6", "Mtr_4", "Mtr_a", "Mtr_b"]],
        ["Matid2", ["Mtr_4", "Mtr_6", "Mtr_5", "Mtr_d"]],
        ["Matid3", ["Mtr_4", "Mtr_b", "Mtr_3"]],
        ["Matid4", ["Mtr_3", "Mtr_b", "Mtr_4"]],
        ["Size0", 0.700000],
        ["Size1", 1.000000],
        ["Size2", 1.000000],
        ["Size3", 1.000000],
        ["Size4", 1.000000],
        ["Dens0", 0.700000],
        ["Dens1", 0.300000],
        ["Dens2", 0.200000],
        ["Dens3", 0.100000],
        ["Dens4", 0.100000],
        ["Boxes", [[new Vector(0.000000, 0.000000, 0.000000), new Vector(2000.000000, 1500.000000, 250.000000)], [new Vector(0.000000, 0.000000, 500.000000), new Vector(1000.000000, 1000.000000, 1500.000000)], [new Vector(-1000.000000, -600.000000, 250.000000), new Vector(800.000000, 1000.000000, 500.000000)], [new Vector(1000.000000, -800.000000, 150.000000), new Vector(1500.000000, 1500.000000, 250.000000)], [new Vector(1000.000000, 800.000000, -50.000000), new Vector(800.000000, 800.000000, 250.000000)], [new Vector(0.000000, -1500.000000, 100.000000), new Vector(1000.000000, 1500.000000, 200.000000)]]]
      ]
    ],

    [
      "Plei_Me_Uh1d_1",
      "GameObject",
      "CUh1dUnit",
      new Matrix(
          0.659963, -0.750557, -0.033364, 43737.128906,
          0.751149, 0.660066, 0.009372, 37905.679688,
          0.014988, -0.031247, 0.999399, 530.068481,
          0.000000, 0.000000, 0.000000, 1.000000
        ),
      [
        ["Affiliation", "FRIEND"],
        ["Task", "C1M5TransportTask"],
        ["IsPlayer", true],
        ["MultiPlayer", true],
        ["InstantWingman", false],
        ["WingmanRank", 0],
        ["LeaderID", "MainPlayerUnit"],
        ["Location", "Plei_Me_HeliPad_1"],
        ["BehRadarMask", [[], ["FRIEND", "NEUTRAL", "NotVisibleOnRadar"]]],
        ["CargoPoints", [["NavPoint_Landing_Plei_Me_Uh1d_1"]]],
        ["HomePoint", "Plei_Me_HeliPad_1"],
        ["MinDifficulty", 0],
        ["PilotObject", "CAmericanPilotUnit"],
        ["CoPilotObject", "CAmericanPilotUnit"]
      ]
    ],

    [
      "Plei_Me_Uh1d_2",
      "GameObject",
      "CUh1dUnit",
      new Matrix(
          0.669575, -0.742241, -0.027329, 43719.683594,
          0.742713, 0.669431, 0.015454, 37922.539063,
          0.006825, -0.030645, 0.999507, 529.279175,
          0.000000, 0.000000, 0.000000, 1.000000
        ),
      [
        ["Affiliation", "FRIEND"],
        ["Task", "C1M5TransportTask"],
        ["IsPlayer", true],
        ["MultiPlayer", true],
        ["InstantWingman", false],
        ["WingmanRank", 0],
        ["LeaderID", "MainPlayerUnit"],
        ["Location", "Plei_Me_HeliPad_2"],
        ["BehRadarMask", [[], ["FRIEND", "NEUTRAL", "NotVisibleOnRadar"]]],
        ["CargoPoints", [["NavPoint_Landing_Plei_Me_Uh1d_2"]]],
        ["HomePoint", "Plei_Me_HeliPad_2"],
        ["MinDifficulty", 0],
        ["PilotObject", "CAmericanPilotUnit"],
        ["CoPilotObject", "CAmericanPilotUnit"]
      ]
    ],

    [
      "Plei_Me_Uh1d_3",
      "GameObject",
      "CUh1dUnit",
      new Matrix(
          0.669421, -0.742133, -0.033362, 43698.738281,
          0.742803, 0.669332, 0.015422, 37940.734375,
          0.010885, -0.035106, 0.999324, 528.425659,
          0.000000, 0.000000, 0.000000, 1.000000
        ),
      [
        ["Affiliation", "FRIEND"],
        ["Task", "C1M5TransportTask"],
        ["IsPlayer", true],
        ["MultiPlayer", true],
        ["InstantWingman", false],
        ["WingmanRank", 0],
        ["LeaderID", "MainPlayerUnit"],
        ["Location", "Plei_Me_HeliPad_3"],
        ["BehRadarMask", [[], ["FRIEND", "NEUTRAL", "NotVisibleOnRadar"]]],
        ["CargoPoints", [["NavPoint_Landing_Plei_Me_Uh1d_3"]]],
        ["HomePoint", "Plei_Me_HeliPad_3"],
        ["MinDifficulty", 0],
        ["PilotObject", "CAmericanPilotUnit"],
        ["CoPilotObject", "CAmericanPilotUnit"]
      ]
    ],

    [
      "Plei_Me_Uh1d_4",
      "GameObject",
      "CUh1dUnit",
      new Matrix(
          0.702281, -0.707413, 0.079800, 43676.148438,
          0.711794, 0.695816, -0.095862, 37960.785156,
          0.012288, 0.124123, 0.992191, 527.543152,
          0.000000, 0.000000, 0.000000, 1.000000
        ),
      [
        ["Affiliation", "FRIEND"],
        ["Task", "C1M5TransportTask"],
        ["IsPlayer", true],
        ["MultiPlayer", true],
        ["InstantWingman", false],
        ["WingmanRank", 0],
        ["LeaderID", "MainPlayerUnit"],
        ["Location", "Plei_Me_HeliPad_4"],
        ["BehRadarMask", [[], ["FRIEND", "NEUTRAL", "NotVisibleOnRadar"]]],
        ["CargoPoints", [["NavPoint_Landing_Plei_Me_Uh1d_4"]]],
        ["HomePoint", "Plei_Me_HeliPad_4"],
        ["MinDifficulty", 0],
        ["PilotObject", "CAmericanPilotUnit"],
        ["CoPilotObject", "CAmericanPilotUnit"]
      ]
    ],

    [
      "C1M5WingmanGroup",
      "UnitGroup",
      "C1M5WingmanGroup",
      new Matrix(
          0.659963, -0.750557, -0.033364, 43737.128906,
          0.751149, 0.660066, 0.009372, 37905.679688,
          0.014988, -0.031247, 0.999399, 530.068481,
          0.000000, 0.000000, 0.000000, 1.000000
        ),
      [
        ["Units", ["Plei_Me_Uh1d_1", "Plei_Me_Uh1d_2", "Plei_Me_Uh1d_3", "Plei_Me_Uh1d_4"]],
        ["Path", ["NavPoint_Way_1", "NavPoint_Way_2", "NavPoint_Way_3", "NavPoint_Way_4", "NavPoint_Way_5", "NavPoint_Way_6", "NavPoint_Plei_Me_Base"]],
        ["DelayedOrder", true],
        ["MovingSpeed", 40],
        ["Formation", "CWedgeFormation"],
        ["FormationDistance", 60],
        ["FirstOrder", "Patrol"],
        ["CyclePath", false],
        ["MinDifficulty", 0]
      ]
    ],

    [
      "Plei_Me_Uh1d_1_DesantGroup",
      "UnitGroup",
      "C1M5Plei_Me_Uh1d_1_DesantGroup",
      new Matrix(
          -0.447660, 0.894204, 0.000000, 43776.433594,
          -0.894204, -0.447660, 0.000000, 37962.972656,
          0.000000, 0.000000, 1.000000, 531.091370,
          0.000000, 0.000000, 0.000000, 1.000000
        ),
      [
        ["Units", ["Plei_Me_Desant1_1", "Plei_Me_Desant1_2", "Plei_Me_Desant1_3", "Plei_Me_Desant1_4", "Plei_Me_Desant1_5", "Plei_Me_Desant1_6"]]
      ]
    ],

    [
      "Plei_Me_Uh1d_2_DesantGroup",
      "UnitGroup",
      "C1M5Plei_Me_Uh1d_2_DesantGroup",
      new Matrix(
          -0.484124, 0.874999, 0.000000, 43765.093750,
          -0.874999, -0.484124, 0.000000, 37970.578125,
          0.000000, 0.000000, 1.000000, 530.586365,
          0.000000, 0.000000, 0.000000, 1.000000
        ),
      [
        ["Units", ["Plei_Me_Desant2_1", "Plei_Me_Desant2_2", "Plei_Me_Desant2_3", "Plei_Me_Desant2_4", "Plei_Me_Desant2_5", "Plei_Me_Desant2_6"]]
      ]
    ],

    [
      "Plei_Me_Uh1d_3_DesantGroup",
      "UnitGroup",
      "C1M5Plei_Me_Uh1d_3_DesantGroup",
      new Matrix(
          -0.731892, 0.681421, 0.000000, 43753.777344,
          -0.681421, -0.731892, 0.000000, 37980.406250,
          0.000000, 0.000000, 1.000000, 530.110474,
          0.000000, 0.000000, 0.000000, 1.000000
        ),
      [
        ["Units", ["Plei_Me_Desant3_1", "Plei_Me_Desant3_2", "Plei_Me_Desant3_3", "Plei_Me_Desant3_4", "Plei_Me_Desant3_5", "Plei_Me_Desant3_6"]]
      ]
    ],

    [
      "Plei_Me_Uh1d_4_DesantGroup",
      "UnitGroup",
      "C1M5Plei_Me_Uh1d_4_DesantGroup",
      new Matrix(
          -0.774430, 0.632660, 0.000000, 43735.953125,
          -0.632660, -0.774430, 0.000000, 38000.425781,
          0.000000, 0.000000, 1.000000, 529.283142,
          0.000000, 0.000000, 0.000000, 1.000000
        ),
      [
        ["Units", ["Plei_Me_Desant4_1", "Plei_Me_Desant4_2", "Plei_Me_Desant4_3", "Plei_Me_Desant4_4", "Plei_Me_Desant4_5", "Plei_Me_Desant4_6"]],
        ["MovingSpeed", 4.000000]
      ]
    ],

    [
      "Plei_Me_Desant1_1",
      "GameObject",
      "CAmericanSoldierGunUnit",
      new Matrix(
          -0.447660, 0.894204, 0.000000, 43776.433594,
          -0.894204, -0.447660, 0.000000, 37962.972656,
          0.000000, 0.000000, 1.000000, 531.091370,
          0.000000, 0.000000, 0.000000, 1.000000
        ),
      [
        ["Affiliation", "FRIEND"],
        ["BehRadarMask", [[], ["FRIEND", "NEUTRAL"]]],
        ["Task", "C1M5PleiMeDesantTask"]
      ]
    ],

    [
      "Plei_Me_Desant1_2",
      "GameObject",
      "CAmericanSoldierRifleUnit",
      new Matrix(
          -0.422762, 0.906241, 0.000000, 43775.574219,
          -0.906241, -0.422762, 0.000000, 37963.421875,
          0.000000, 0.000000, 1.000000, 531.054749,
          0.000000, 0.000000, 0.000000, 1.000000
        ),
      [
        ["Affiliation", "FRIEND"],
        ["BehRadarMask", [[], ["FRIEND", "NEUTRAL"]]],
        ["Task", "C1M5PleiMeDesantTask"]
      ]
    ],

    [
      "Plei_Me_Desant1_3",
      "GameObject",
      "CAmericanRadioUnit",
      new Matrix(
          -0.551307, 0.834302, 0.000000, 43774.808594,
          -0.834302, -0.551307, 0.000000, 37963.980469,
          0.000000, 0.000000, 1.000000, 531.020081,
          0.000000, 0.000000, 0.000000, 1.000000
        ),
      [
        ["Affiliation", "FRIEND"],
        ["BehRadarMask", [[], ["FRIEND", "NEUTRAL"]]],
        ["Task", "C1M5PleiMeDesantTask"]
      ]
    ],

    [
      "Plei_Me_Desant1_4",
      "GameObject",
      "CAmericanSoldierRifleUnit",
      new Matrix(
          -0.476196, 0.879339, 0.000000, 43774.019531,
          -0.879339, -0.476196, 0.000000, 37964.445313,
          0.000000, 0.000000, 1.000000, 530.985779,
          0.000000, 0.000000, 0.000000, 1.000000
        ),
      [
        ["Affiliation", "FRIEND"],
        ["BehRadarMask", [[], ["FRIEND", "NEUTRAL"]]],
        ["Task", "C1M5PleiMeDesantTask"]
      ]
    ],

    [
      "Plei_Me_Desant1_5",
      "GameObject",
      "CAmericanMedicUnit",
      new Matrix(
          -0.423705, 0.905800, 0.000000, 43773.226563,
          -0.905800, -0.423705, 0.000000, 37964.968750,
          0.000000, 0.000000, 1.000000, 530.950562,
          0.000000, 0.000000, 0.000000, 1.000000
        ),
      [
        ["Affiliation", "FRIEND"],
        ["BehRadarMask", [[], ["FRIEND", "NEUTRAL"]]],
        ["Task", "C1M5PleiMeDesantTask"]
      ]
    ],

    [
      "Plei_Me_Desant1_6",
      "GameObject",
      "CAmericanSoldierRifleUnit",
      new Matrix(
          -0.413674, 0.910425, 0.000000, 43772.214844,
          -0.910425, -0.413674, 0.000000, 37965.640625,
          0.000000, 0.000000, 1.000000, 530.905518,
          0.000000, 0.000000, 0.000000, 1.000000
        ),
      [
        ["Affiliation", "FRIEND"],
        ["BehRadarMask", [[], ["FRIEND", "NEUTRAL"]]],
        ["Task", "C1M5PleiMeDesantTask"]
      ]
    ],

    [
      "Plei_Me_Desant2_1",
      "GameObject",
      "CAmericanSoldierRifleUnit",
      new Matrix(
          -0.572021, 0.820239, 0.000000, 43768.324219,
          -0.820239, -0.572021, 0.000000, 37967.937500,
          0.000000, 0.000000, 1.000000, 530.736023,
          0.000000, 0.000000, 0.000000, 1.000000
        ),
      [
        ["Affiliation", "FRIEND"],
        ["BehRadarMask", [[], ["FRIEND", "NEUTRAL"]]],
        ["Task", "C1M5PleiMeDesantTask"]
      ]
    ],

    [
      "Plei_Me_Desant2_2",
      "GameObject",
      "CAmericanSoldierRifleUnit",
      new Matrix(
          -0.438727, 0.898620, 0.000000, 43767.500000,
          -0.898620, -0.438727, 0.000000, 37968.500000,
          0.000000, 0.000000, 1.000000, 530.699219,
          0.000000, 0.000000, 0.000000, 1.000000
        ),
      [
        ["Affiliation", "FRIEND"],
        ["BehRadarMask", [[], ["FRIEND", "NEUTRAL"]]],
        ["Task", "C1M5PleiMeDesantTask"]
      ]
    ],

    [
      "Plei_Me_Desant2_3",
      "GameObject",
      "CAmericanRadioUnit",
      new Matrix(
          -0.619094, 0.785317, 0.000000, 43767.046875,
          -0.785317, -0.619094, 0.000000, 37969.132813,
          0.000000, 0.000000, 1.000000, 530.675049,
          0.000000, 0.000000, 0.000000, 1.000000
        ),
      [
        ["Affiliation", "FRIEND"],
        ["BehRadarMask", [[], ["FRIEND", "NEUTRAL"]]],
        ["Task", "C1M5PleiMeDesantTask"]
      ]
    ],

    [
      "Plei_Me_Desant2_4",
      "GameObject",
      "CAmericanSoldierRifleUnit",
      new Matrix(
          -0.556158, 0.831076, 0.000000, 43766.039063,
          -0.831076, -0.556158, 0.000000, 37969.484375,
          0.000000, 0.000000, 1.000000, 530.633972,
          0.000000, 0.000000, 0.000000, 1.000000
        ),
      [
        ["Affiliation", "FRIEND"],
        ["BehRadarMask", [[], ["FRIEND", "NEUTRAL"]]],
        ["Task", "C1M5PleiMeDesantTask"]
      ]
    ],

    [
      "Plei_Me_Desant2_5",
      "GameObject",
      "CAmericanSoldierGunUnit",
      new Matrix(
          -0.484124, 0.874999, 0.000000, 43765.093750,
          -0.874999, -0.484124, 0.000000, 37970.578125,
          0.000000, 0.000000, 1.000000, 530.586365,
          0.000000, 0.000000, 0.000000, 1.000000
        ),
      [
        ["Affiliation", "FRIEND"],
        ["BehRadarMask", [[], ["FRIEND", "NEUTRAL"]]],
        ["Task", "C1M5PleiMeDesantTask"]
      ]
    ],

    [
      "Plei_Me_Desant2_6",
      "GameObject",
      "CAmericanSoldierRifleUnit",
      new Matrix(
          -0.442803, 0.896619, 0.000000, 43763.949219,
          -0.896619, -0.442803, 0.000000, 37971.523438,
          0.000000, 0.000000, 1.000000, 530.533142,
          0.000000, 0.000000, 0.000000, 1.000000
        ),
      [
        ["Affiliation", "FRIEND"],
        ["BehRadarMask", [[], ["FRIEND", "NEUTRAL"]]],
        ["Task", "C1M5PleiMeDesantTask"]
      ]
    ],

    [
      "Plei_Me_Desant3_1",
      "GameObject",
      "CAmericanSoldierGunUnit",
      new Matrix(
          -0.731892, 0.681421, 0.000000, 43753.777344,
          -0.681421, -0.731892, 0.000000, 37980.406250,
          0.000000, 0.000000, 1.000000, 530.110474,
          0.000000, 0.000000, 0.000000, 1.000000
        ),
      [
        ["Affiliation", "FRIEND"],
        ["BehRadarMask", [[], ["FRIEND", "NEUTRAL"]]],
        ["Task", "C1M5PleiMeDesantTask"]
      ]
    ],

    [
      "Plei_Me_Desant3_2",
      "GameObject",
      "CAmericanSoldierRifleUnit",
      new Matrix(
          -0.695313, 0.718707, 0.000000, 43753.066406,
          -0.718707, -0.695313, 0.000000, 37981.273438,
          0.000000, 0.000000, 1.000000, 530.078308,
          0.000000, 0.000000, 0.000000, 1.000000
        ),
      [
        ["Affiliation", "FRIEND"],
        ["BehRadarMask", [[], ["FRIEND", "NEUTRAL"]]],
        ["Task", "C1M5PleiMeDesantTask"]
      ]
    ],

    [
      "Plei_Me_Desant3_3",
      "GameObject",
      "CAmericanRadioUnit",
      new Matrix(
          -0.743400, 0.668847, 0.000000, 43752.363281,
          -0.668847, -0.743400, 0.000000, 37981.808594,
          0.000000, 0.000000, 1.000000, 530.050476,
          0.000000, 0.000000, 0.000000, 1.000000
        ),
      [
        ["Affiliation", "FRIEND"],
        ["BehRadarMask", [[], ["FRIEND", "NEUTRAL"]]],
        ["Task", "C1M5PleiMeDesantTask"]
      ]
    ],

    [
      "Plei_Me_Desant3_4",
      "GameObject",
      "CAmericanSoldierRifleUnit",
      new Matrix(
          -0.724141, 0.689652, 0.000000, 43751.691406,
          -0.689652, -0.724141, 0.000000, 37982.433594,
          0.000000, 0.000000, 1.000000, 530.022583,
          0.000000, 0.000000, 0.000000, 1.000000
        ),
      [
        ["Affiliation", "FRIEND"],
        ["BehRadarMask", [[], ["FRIEND", "NEUTRAL"]]],
        ["Task", "C1M5PleiMeDesantTask"]
      ]
    ],

    [
      "Plei_Me_Desant3_5",
      "GameObject",
      "CAmericanSoldierRifleUnit",
      new Matrix(
          -0.714049, 0.700096, 0.000000, 43751.101563,
          -0.700096, -0.714049, 0.000000, 37983.386719,
          0.000000, 0.000000, 1.000000, 529.993103,
          0.000000, 0.000000, 0.000000, 1.000000
        ),
      [
        ["Affiliation", "FRIEND"],
        ["BehRadarMask", [[], ["FRIEND", "NEUTRAL"]]],
        ["Task", "C1M5PleiMeDesantTask"]
      ]
    ],

    [
      "Plei_Me_Desant3_6",
      "GameObject",
      "CAmericanMedicUnit",
      new Matrix(
          -0.733356, 0.679845, 0.000000, 43750.304688,
          -0.679845, -0.733356, 0.000000, 37984.078125,
          0.000000, 0.000000, 1.000000, 529.960510,
          0.000000, 0.000000, 0.000000, 1.000000
        ),
      [
        ["Affiliation", "FRIEND"],
        ["BehRadarMask", [[], ["FRIEND", "NEUTRAL"]]],
        ["Task", "C1M5PleiMeDesantTask"]
      ]
    ],

    [
      "Plei_Me_Desant4_1",
      "GameObject",
      "CAmericanSoldierRifleUnit",
      new Matrix(
          -0.774430, 0.632660, 0.000000, 43735.953125,
          -0.632660, -0.774430, 0.000000, 38000.425781,
          0.000000, 0.000000, 1.000000, 529.283142,
          0.000000, 0.000000, 0.000000, 1.000000
        ),
      [
        ["Affiliation", "FRIEND"],
        ["BehRadarMask", [[], ["FRIEND", "NEUTRAL"]]],
        ["Task", "C1M5PleiMeDesantTask"]
      ]
    ],

    [
      "Plei_Me_Desant4_2",
      "GameObject",
      "CAmericanRadioUnit",
      new Matrix(
          -0.782056, 0.623208, 0.000000, 43735.308594,
          -0.623208, -0.782056, 0.000000, 38001.472656,
          0.000000, 0.000000, 1.000000, 529.246887,
          0.000000, 0.000000, 0.000000, 1.000000
        ),
      [
        ["Affiliation", "FRIEND"],
        ["BehRadarMask", [[], ["FRIEND", "NEUTRAL"]]],
        ["Task", "C1M5PleiMeDesantTask"]
      ]
    ],

    [
      "Plei_Me_Desant4_3",
      "GameObject",
      "CAmericanSoldierRifleUnit",
      new Matrix(
          -0.746791, 0.665059, 0.000000, 43736.949219,
          -0.665059, -0.746791, 0.000000, 37999.593750,
          0.000000, 0.000000, 1.000000, 529.329285,
          0.000000, 0.000000, 0.000000, 1.000000
        ),
      [
        ["Affiliation", "FRIEND"],
        ["BehRadarMask", [[], ["FRIEND", "NEUTRAL"]]],
        ["Task", "C1M5PleiMeDesantTask"]
      ]
    ],

    [
      "Plei_Me_Desant4_4",
      "GameObject",
      "CAmericanSoldierRifleUnit",
      new Matrix(
          -0.745343, 0.666681, 0.000000, 43734.824219,
          -0.666681, -0.745343, 0.000000, 38002.445313,
          0.000000, 0.000000, 1.000000, 529.217407,
          0.000000, 0.000000, 0.000000, 1.000000
        ),
      [
        ["Affiliation", "FRIEND"],
        ["BehRadarMask", [[], ["FRIEND", "NEUTRAL"]]],
        ["Task", "C1M5PleiMeDesantTask"]
      ]
    ],

    [
      "Plei_Me_Desant4_5",
      "GameObject",
      "CAmericanSoldierRifleUnit",
      new Matrix(
          -0.764932, 0.644111, 0.000000, 43733.914063,
          -0.644111, -0.764932, 0.000000, 38003.164063,
          0.000000, 0.000000, 1.000000, 529.175598,
          0.000000, 0.000000, 0.000000, 1.000000
        ),
      [
        ["Affiliation", "FRIEND"],
        ["BehRadarMask", [[], ["FRIEND", "NEUTRAL"]]],
        ["Task", "C1M5PleiMeDesantTask"]
      ]
    ],

    [
      "Plei_Me_Desant4_6",
      "GameObject",
      "CAmericanSoldierRifleUnit",
      new Matrix(
          -0.752278, 0.658846, 0.000000, 43733.304688,
          -0.658846, -0.752278, 0.000000, 38003.992188,
          0.000000, 0.000000, 1.000000, 529.143250,
          0.000000, 0.000000, 0.000000, 1.000000
        ),
      [
        ["Affiliation", "FRIEND"],
        ["BehRadarMask", [[], ["FRIEND", "NEUTRAL"]]],
        ["Task", "C1M5PleiMeDesantTask"]
      ]
    ],

    [
      "MainPlayerUnit",
      "GameObject",
      "CUh1bUnit",
      new Matrix(
          0.997757, 0.066854, -0.003497, 13958.010742,
          -0.066917, 0.997503, -0.022579, 57472.613281,
          0.001979, 0.022762, 0.999739, 584.590637,
          0.000000, 0.000000, 0.000000, 1.000000
        ),
      [
        ["IsPlayer", true],
        ["IsManual", true],
        ["Affiliation", "FRIEND"],
        ["PilotObject", "CAmericanPilotQuadeUnit"],
        ["LeftGunnerObject", "CAmericanGunnerUnit"],
        ["RightGunnerObject", "CAmericanGunnerUnit"],
        ["BehRadarMask", [["ENEMY", "MainMesh"], ["FRIEND", "NEUTRAL"]]],
        ["Task", "CHeliFireControlTask"]
      ]
    ],

    [
      "MainPlayerUnit_Wingman",
      "GameObject",
      "CUh1bUnit",
      new Matrix(
          0.998514, 0.050568, -0.020330, 13958.776367,
          -0.050619, 0.998716, -0.002010, 57499.707031,
          0.020202, 0.003036, 0.999791, 584.538574,
          0.000000, 0.000000, 0.000000, 1.000000
        ),
      [
        ["Affiliation", "FRIEND"],
        ["Task", "C1M5WingmanTask"],
        ["IsPlayer", true],
        ["MultiPlayer", true],
        ["WingmanSlot", 0],
        ["InstantWingman", true],
        ["WingmanRank", 0],
        ["LeaderID", "MainPlayerUnit"],
        ["HomePoint", ""],
        ["Location", "Duc_Co_HeliPad_4"],
        ["Weapon", [0, 0, 0, 0, 0, 0]],
        ["HitPoints", -1.000000],
        ["BehRadarMask", [[], ["FRIEND", "NEUTRAL"]]],
        ["MinDifficulty", 0],
        ["PilotObject", "CAmericanPilotUnit"],
        ["CoPilotObject", "CAmericanPilotUnit"],
        ["LeftGunnerObject", "CAmericanGunnerUnit"],
        ["RightGunnerObject", "CAmericanGunnerUnit"]
      ]
    ],

    [
      "Plei_Me_HeliPad_1",
      "GameObject",
      "CHeliPadUnit",
      new Matrix(
          0.629590, -0.776016, -0.037623, 43737.335938,
          0.776761, 0.629720, 0.009793, 37905.558594,
          0.016093, -0.035390, 0.999244, 529.618164,
          0.000000, 0.000000, 0.000000, 1.000000
        ),
      [
        ["SurfaceControl", "PutonGround"]
      ]
    ],

    [
      "Plei_Me_HeliPad_2",
      "GameObject",
      "CHeliPadUnit",
      new Matrix(
          0.605659, -0.795088, -0.031820, 43719.875000,
          0.795664, 0.605621, 0.011914, 37922.347656,
          0.009798, -0.032534, 0.999423, 528.821777,
          0.000000, 0.000000, 0.000000, 1.000000
        ),
      [
        ["SurfaceControl", "PutonGround"]
      ]
    ],

    [
      "Plei_Me_HeliPad_3",
      "GameObject",
      "CHeliPadUnit",
      new Matrix(
          0.586971, -0.808833, -0.035417, 43698.949219,
          0.809535, 0.586943, 0.012277, 37940.640625,
          0.010858, -0.035878, 0.999297, 527.927673,
          0.000000, 0.000000, 0.000000, 1.000000
        ),
      [
        ["SurfaceControl", "PutonGround"]
      ]
    ],

    [
      "Plei_Me_HeliPad_4",
      "GameObject",
      "CHeliPadUnit",
      new Matrix(
          0.605694, -0.794865, -0.036396, 43676.367188,
          0.795601, 0.605700, 0.012119, 37960.929688,
          0.012412, -0.036297, 0.999264, 526.862793,
          0.000000, 0.000000, 0.000000, 1.000000
        ),
      [
        ["SurfaceControl", "PutonGround"]
      ]
    ],

    [
      "Plei_Me_HeliPad_9",
      "GameObject",
      "CHeliPadUnit",
      new Matrix(
          -0.800331, -0.598951, -0.026982, 32298.601563,
          0.599559, -0.799520, -0.036017, 35798.644531,
          0.000000, -0.045003, 0.998987, 362.417786,
          0.000000, 0.000000, 0.000000, 1.000000
        ),
      [
        ["SurfaceControl", "None"]
      ]
    ],

    [
      "Plei_Me_HeliPad_10",
      "GameObject",
      "CHeliPadUnit",
      new Matrix(
          -0.785759, -0.617885, -0.028294, 32315.992188,
          0.618533, -0.784936, -0.035943, 35784.308594,
          0.000000, -0.045743, 0.998953, 362.553986,
          0.000000, 0.000000, 0.000000, 1.000000
        ),
      [
        ["SurfaceControl", "None"]
      ]
    ],

    [
      "NavPoint_Landing_Plei_Me_Uh1d_1",
      "NavPoint",
      "CZAxisCylNavPoint",
      new Matrix(
          -0.890712, 0.454569, 0.000000, 27680.451172,
          -0.454569, -0.890712, 0.000000, 38917.753906,
          0.000000, 0.000000, 1.000000, 473.114014,
          0.000000, 0.000000, 0.000000, 1.000000
        ),
      [
        ["PositionType", "Ground"],
        ["Range", 2.000000]
      ]
    ],

    [
      "NavPoint_Landing_Plei_Me_Uh1d_2",
      "NavPoint",
      "CZAxisCylNavPoint",
      new Matrix(
          -0.890712, 0.454569, 0.000000, 27755.619141,
          -0.454569, -0.890712, 0.000000, 38928.988281,
          0.000000, 0.000000, 1.000000, 410.547974,
          0.000000, 0.000000, 0.000000, 1.000000
        ),
      [
        ["PositionType", "Ground"],
        ["Range", 2.000000]
      ]
    ],

    [
      "NavPoint_Landing_Plei_Me_Uh1d_3",
      "NavPoint",
      "CZAxisCylNavPoint",
      new Matrix(
          -0.890712, 0.454569, 0.000000, 27783.423828,
          -0.454569, -0.890712, 0.000000, 38862.699219,
          0.000000, 0.000000, 1.000000, 410.527039,
          0.000000, 0.000000, 0.000000, 1.000000
        ),
      [
        ["PositionType", "Ground"],
        ["Range", 2.000000]
      ]
    ],

    [
      "NavPoint_Landing_Plei_Me_Uh1d_4",
      "NavPoint",
      "CZAxisCylNavPoint",
      new Matrix(
          -0.890712, 0.454569, 0.000000, 27615.248047,
          -0.454569, -0.890712, 0.000000, 38853.593750,
          0.000000, 0.000000, 1.000000, 420.852417,
          0.000000, 0.000000, 0.000000, 1.000000
        ),
      [
        ["PositionType", "Ground"],
        ["Range", 2.000000]
      ]
    ],

    [
      "NavPoint_Landing_See_Plei_Me_Uh1d_1",
      "NavPoint",
      "CZAxisCylNavPoint",
      new Matrix(
          -0.890712, 0.454569, 0.000000, 27696.390625,
          -0.454569, -0.890712, 0.000000, 38848.078125,
          0.000000, 0.000000, 1.000000, 395.469666,
          0.000000, 0.000000, 0.000000, 1.000000
        ),
      [
        ["PositionType", "Ground"],
        ["Range", 0.000000]
      ]
    ],

    [
      "NavPoint_Landing_See_Plei_Me_Uh1d_2",
      "NavPoint",
      "CZAxisCylNavPoint",
      new Matrix(
          -0.890712, 0.454569, 0.000000, 27741.070313,
          -0.454569, -0.890712, 0.000000, 38874.707031,
          0.000000, 0.000000, 1.000000, 395.517578,
          0.000000, 0.000000, 0.000000, 1.000000
        ),
      [
        ["PositionType", "Ground"],
        ["Range", 0.000000]
      ]
    ],

    [
      "NavPoint_Landing_See_Plei_Me_Uh1d_3",
      "NavPoint",
      "CZAxisCylNavPoint",
      new Matrix(
          -0.890712, 0.454569, 0.000000, 27787.796875,
          -0.454569, -0.890712, 0.000000, 38807.687500,
          0.000000, 0.000000, 1.000000, 395.519287,
          0.000000, 0.000000, 0.000000, 1.000000
        ),
      [
        ["PositionType", "Ground"],
        ["Range", 0.000000]
      ]
    ],

    [
      "NavPoint_Landing_See_Plei_Me_Uh1d_4",
      "NavPoint",
      "CZAxisCylNavPoint",
      new Matrix(
          -0.890712, 0.454569, 0.000000, 27620.914063,
          -0.454569, -0.890712, 0.000000, 38780.789063,
          0.000000, 0.000000, 1.000000, 395.267029,
          0.000000, 0.000000, 0.000000, 1.000000
        ),
      [
        ["PositionType", "Ground"],
        ["Range", 0.000000]
      ]
    ],

    [
      "Thang_Khyng_Tent_1",
      "InteriorObject",
      "CTentUnit",
      new Matrix(
          -0.259053, -0.965863, 0.000000, 38983.871094,
          0.965863, -0.259053, 0.000000, 63208.542969,
          0.000000, 0.000000, 1.000000, 839.066956,
          0.000000, 0.000000, 0.000000, 1.000000
        ),
      [
      ]
    ],

    [
      "Thang_Khyng_Tent_2",
      "InteriorObject",
      "CTentUnit",
      new Matrix(
          -0.259053, -0.965863, 0.000000, 38999.902344,
          0.965863, -0.259053, 0.000000, 63203.820313,
          0.000000, 0.000000, 1.000000, 839.610657,
          0.000000, 0.000000, 0.000000, 1.000000
        ),
      [
      ]
    ],

    [
      "Thang_Khyng_Rooft_1",
      "InteriorObject",
      "CRoofUnit",
      new Matrix(
          0.943814, -0.330478, 0.000000, 38982.343750,
          0.330478, 0.943814, 0.000000, 63173.500000,
          0.000000, 0.000000, 1.000000, 838.879822,
          0.000000, 0.000000, 0.000000, 1.000000
        ),
      [
      ]
    ],

    [
      "Thang_Khyng_Rooft_2",
      "InteriorObject",
      "CRoofUnit",
      new Matrix(
          0.943814, -0.330478, 0.000000, 38975.460938,
          0.330478, 0.943814, 0.000000, 63147.687500,
          0.000000, 0.000000, 1.000000, 839.312134,
          0.000000, 0.000000, 0.000000, 1.000000
        ),
      [
      ]
    ],

    [
      "Thang_Khyng_WatchTower_1",
      "InteriorObject",
      "CWatchTowerUnit",
      new Matrix(
          0.943814, -0.330478, 0.000000, 39042.730469,
          0.330478, 0.943814, 0.000000, 63113.179688,
          0.000000, 0.000000, 1.000000, 841.621033,
          0.000000, 0.000000, 0.000000, 1.000000
        ),
      [
      ]
    ],

    [
      "Thang_Khyng_WatchTower_2",
      "InteriorObject",
      "CWatchTowerUnit",
      new Matrix(
          0.943787, -0.330554, 0.000000, 38910.015625,
          0.330554, 0.943787, 0.000000, 63150.238281,
          0.000000, 0.000000, 1.000000, 841.845947,
          0.000000, 0.000000, 0.000000, 1.000000
        ),
      [
      ]
    ],

    [
      "Thang_Khyng_WatchTower_3",
      "InteriorObject",
      "CWatchTowerUnit",
      new Matrix(
          0.943814, -0.330478, 0.000000, 39055.648438,
          0.330478, 0.943814, 0.000000, 63281.171875,
          0.000000, 0.000000, 1.000000, 840.822205,
          0.000000, 0.000000, 0.000000, 1.000000
        ),
      [
      ]
    ],

    [
      "Thang_Khyng_HouseBig_1",
      "InteriorObject",
      "CVietnameseHouseBigUnit",
      new Matrix(
          -0.937884, 0.346950, 0.000000, 38927.937500,
          -0.346950, -0.937884, 0.000000, 63124.359375,
          0.000000, 0.000000, 1.000000, 843.840881,
          0.000000, 0.000000, 0.000000, 1.000000
        ),
      [
      ]
    ],

    [
      "Thang_Khyng_HouseBig_2",
      "InteriorObject",
      "CVietnameseHouseBigUnit",
      new Matrix(
          0.945286, -0.326243, 0.000000, 38994.878906,
          0.326243, 0.945286, 0.000000, 63102.914063,
          0.000000, 0.000000, 1.000000, 842.930481,
          0.000000, 0.000000, 0.000000, 1.000000
        ),
      [
      ]
    ],

    [
      "LZ_Falcon_WeaponBoxBig_1",
      "InteriorObject",
      "CWeaponBoxBigUnit",
      new Matrix(
          0.764154, 0.644920, -0.012134, 32204.873047,
          -0.643927, 0.761605, -0.072910, 36018.683594,
          -0.037780, 0.063528, 0.997265, 367.236755,
          0.000000, 0.000000, 0.000000, 1.000000
        ),
      [
        ["SurfaceControl", "PutonGround"]
      ]
    ],

    [
      "LZ_Falcon_WeaponBoxSmall_1",
      "InteriorObject",
      "CWeaponBoxSmallUnit",
      new Matrix(
          0.816745, 0.576999, 0.000008, 32215.927734,
          -0.576988, 0.816730, -0.006122, 35813.929688,
          -0.003539, 0.004996, 0.999981, 361.789520,
          0.000000, 0.000000, 0.000000, 1.000000
        ),
      [
        ["SurfaceControl", "PutonGround"]
      ]
    ],

    [
      "LZ_Falcon_WeaponBoxBig_2",
      "InteriorObject",
      "CWeaponBoxBigUnit",
      new Matrix(
          0.964887, 0.262593, -0.006106, 32242.548828,
          -0.262598, 0.964905, -0.000045, 35761.277344,
