//-------------------------------------------------------------------
//
//  This code is copyright 2001 by G5 Software.
//  Any unauthorized usage, either in part or in whole of this code
//  is strictly prohibited. Violators WILL be prosecuted to the
//  maximum extent allowed by law.
//
//-------------------------------------------------------------------
//
//  Automatically-generated mission script file
//  DO NOT EDIT!
//
//-------------------------------------------------------------------


class CM4Content
{
  static String m_ObjectListClassFile = "Missions/Campaign_1/Mission_4/Content.script";
  static String m_ObjectListClassName = "CM4Content";

  static Array  m_MissionObjectList   = [
    [
      "Atmosphere",
      "",
      "",
      new Matrix(
          1.000000, 0.000000, 0.000000, 0.000000,
          0.000000, 1.000000, 0.000000, 0.000000,
          0.000000, 0.000000, 1.000000, 0.000000,
          0.000000, 0.000000, 0.000000, 1.000000
        ),
      [
        ["SunColor", new Color(1.000000, 0.988235, 0.909804, 1.000000)],
        ["SunIntensity", 1.000000],
        ["AmbientLight", new Color(0.301961, 0.333333, 0.368627, 1.000000)],
        ["ShadowColor", new Color(0.513726, 0.541176, 0.658824, 1.000000)],
        ["AntiSunColor", new Color(0.537255, 0.576471, 0.592157, 1.000000)],
        ["SunDirection", new Vector(-0.125942, -0.701137, -0.701816)],
        ["AntiSunIntensity", 0.700000],
        ["AntiSunEnabled", true],
        ["SunSpecularIntensity", 1.200000]
      ]
    ],

    [
      "Cloud_flat",
      "Cloud",
      "CCloud",
      new Matrix(
          0.448989, 0.893537, 0.000000, 46231.558594,
          -0.893537, 0.448989, 0.000000, 35955.156250,
          0.000000, 0.000000, 1.000000, 1683.140015,
          0.000000, 0.000000, 0.000000, 1.000000
        ),
      [
        ["SpriteSize", 500.000000],
        ["Density", 0.130000],
        ["Ambient", new Color(1.000000, 1.000000, 1.000000, 0.900000)],
        ["DbgRenderBoxes", false],
        ["Height0", 0.000000],
        ["Color0", new Color(0.407843, 0.415686, 0.435294, 1.000000)],
        ["Height1", 0.080000],
        ["Color1", new Color(0.549020, 0.603922, 0.623529, 1.000000)],
        ["Height2", 0.200000],
        ["Color2", new Color(0.635294, 0.682353, 0.690196, 1.000000)],
        ["Height3", 0.500000],
        ["Color3", new Color(0.776471, 0.772549, 0.725490, 1.000000)],
        ["Height4", 0.700000],
        ["Color4", new Color(0.674510, 0.674510, 0.674510, 1.000000)],
        ["Matid0", ["Mtr_c", "Mtr_d", "Mtr_e", "Mtr_5"]],
        ["Matid1", ["Mtr_4", "Mtr_6", "Mtr_a", "Mtr_b"]],
        ["Matid2", ["Mtr_4", "Mtr_5", "Mtr_6", "Mtr_7"]],
        ["Matid3", ["Mtr_b", "Mtr_4", "Mtr_3"]],
        ["Matid4", ["Mtr_b", "Mtr_4", "Mtr_3", "Mtr_0"]],
        ["Size0", 0.700000],
        ["Size1", 1.000000],
        ["Size2", 1.000000],
        ["Size3", 1.000000],
        ["Size4", 1.000000],
        ["Dens0", 0.700000],
        ["Dens1", 0.300000],
        ["Dens2", 0.200000],
        ["Dens3", 0.100000],
        ["Dens4", 0.100000],
        ["Boxes", [[new Vector(0.000000, 0.000000, 0.000000), new Vector(2000.000000, 1500.000000, 250.000000)], [new Vector(0.000000, 0.000000, 500.000000), new Vector(1000.000000, 1000.000000, 1500.000000)], [new Vector(-1000.000000, -600.000000, 250.000000), new Vector(800.000000, 1000.000000, 500.000000)], [new Vector(1000.000000, -800.000000, 150.000000), new Vector(1500.000000, 1500.000000, 250.000000)], [new Vector(1000.000000, 800.000000, -50.000000), new Vector(800.000000, 800.000000, 250.000000)], [new Vector(0.000000, -1500.000000, 100.000000), new Vector(1000.000000, 1500.000000, 200.000000)]]]
      ]
    ],

    [
      "Cloud_flat1",
      "Cloud",
      "CCloud",
      new Matrix(
          0.448989, 0.893537, 0.000000, 47084.222656,
          -0.893537, 0.448989, 0.000000, 44338.726563,
          0.000000, 0.000000, 1.000000, 1700.920166,
          0.000000, 0.000000, 0.000000, 1.000000
        ),
      [
        ["SpriteSize", 500.000000],
        ["Density", 0.150000],
        ["Ambient", new Color(1.000000, 1.000000, 1.000000, 0.900000)],
        ["DbgRenderBoxes", false],
        ["Height0", 0.000000],
        ["Color0", new Color(0.345098, 0.349020, 0.372549, 1.000000)],
        ["Height1", 0.080000],
        ["Color1", new Color(0.490196, 0.525490, 0.541176, 1.000000)],
        ["Height2", 0.200000],
        ["Color2", new Color(0.749020, 0.737255, 0.709804, 1.000000)],
        ["Height3", 0.500000],
        ["Color3", new Color(0.709804, 0.709804, 0.725490, 1.000000)],
        ["Height4", 0.700000],
        ["Color4", new Color(0.674510, 0.670588, 0.643137, 1.000000)],
        ["Matid0", ["Mtr_c", "Mtr_d", "Mtr_e", "Mtr_5"]],
        ["Matid1", ["Mtr_6", "Mtr_4", "Mtr_a", "Mtr_b"]],
        ["Matid2", ["Mtr_4", "Mtr_6", "Mtr_5", "Mtr_d"]],
        ["Matid3", ["Mtr_4", "Mtr_b", "Mtr_3"]],
        ["Matid4", ["Mtr_3", "Mtr_b", "Mtr_4"]],
        ["Size0", 0.700000],
        ["Size1", 1.000000],
        ["Size2", 1.000000],
        ["Size3", 1.000000],
        ["Size4", 1.000000],
        ["Dens0", 0.700000],
        ["Dens1", 0.300000],
        ["Dens2", 0.200000],
        ["Dens3", 0.100000],
        ["Dens4", 0.100000],
        ["Boxes", [[new Vector(0.000000, 0.000000, 0.000000), new Vector(2000.000000, 1500.000000, 250.000000)], [new Vector(0.000000, 0.000000, 500.000000), new Vector(1000.000000, 1000.000000, 1500.000000)], [new Vector(-1000.000000, -600.000000, 250.000000), new Vector(800.000000, 1000.000000, 500.000000)], [new Vector(1000.000000, -800.000000, 150.000000), new Vector(1500.000000, 1500.000000, 250.000000)], [new Vector(1000.000000, 800.000000, -50.000000), new Vector(800.000000, 800.000000, 250.000000)], [new Vector(0.000000, -1500.000000, 100.000000), new Vector(1000.000000, 1500.000000, 200.000000)]]]
      ]
    ],

    [
      "MainPlayerUnit",
      "GameObject",
      "CUh1bUnit",
      new Matrix(
          -0.813081, -0.582151, 0.000000, 32299.068359,
          0.582151, -0.813081, 0.000000, 35798.355469,
          0.000000, 0.000000, 1.000000, 362.808899,
          0.000000, 0.000000, 0.000000, 1.000000
        ),
      [
        ["IsPlayer", true],
        ["IsManual", true],
        ["Affiliation", "FRIEND"],
        ["PilotObject", "CAmericanPilotQuadeUnit"],
        ["LeftGunnerObject", "CAmericanGunnerUnit"],
        ["RightGunnerObject", "CAmericanGunnerUnit"],
        ["BehRadarMask", [["ENEMY", "MainMesh"], ["FRIEND", "NEUTRAL"]]],
        ["Task", "CHeliFireControlTask"]
      ]
    ],

    [
      "MainPlayerUnit_Wingman",
      "GameObject",
      "CUh1bUnit",
      new Matrix(
          -0.802531, -0.596610, 0.000000, 32316.341797,
          0.596610, -0.802531, 0.000000, 35784.078125,
          0.000000, 0.000000, 1.000000, 362.912476,
          0.000000, 0.000000, 0.000000, 1.000000
        ),
      [
        ["Affiliation", "FRIEND"],
        ["Task", "C1M4WingmanTask"],
        ["IsPlayer", true],
        ["MultiPlayer", true],
        ["WingmanSlot", 0],
        ["InstantWingman", true],
        ["WingmanRank", 0],
        ["LeaderID", "MainPlayerUnit"],
        ["HomePoint", ""],
        ["Location", "Wingman_Transport_HeliPad_2"],
        ["Weapon", [0, 0, 0, 0, 0, 0]],
        ["HitPoints", -1.000000],
        ["BehRadarMask", [[], ["FRIEND", "NEUTRAL"]]],
        ["MinDifficulty", 0],
        ["PilotObject", "CAmericanPilotUnit"],
        ["CoPilotObject", "CAmericanPilotUnit"],
        ["LeftGunnerObject", "CAmericanGunnerUnit"],
        ["RightGunnerObject", "CAmericanGunnerUnit"]
      ]
    ],

    [
      "Plei_Me_HeliPad_9",
      "GameObject",
      "CHeliPadUnit",
      new Matrix(
          -0.800331, -0.599559, 0.000000, 32298.601563,
          0.599559, -0.800331, 0.000000, 35798.644531,
          0.000000, 0.000000, 1.000000, 381.389130,
          0.000000, 0.000000, 0.000000, 1.000000
        ),
      [
      ]
    ],

    [
      "Plei_Me_HeliPad_10",
      "GameObject",
      "CHeliPadUnit",
      new Matrix(
          -0.785759, -0.618533, 0.000000, 32315.992188,
          0.618533, -0.785759, 0.000000, 35784.308594,
          0.000000, 0.000000, 1.000000, 398.718079,
          0.000000, 0.000000, 0.000000, 1.000000
        ),
      [
      ]
    ],

    [
      "All_LZ_Falcon_micro",
      "Locator",
      "CTerrainPatch",
      new Matrix(
          0.973680, -0.227920, 0.000000, 32243.449219,
          0.227920, 0.973680, 0.000000, 35886.019531,
          0.000000, 0.000000, 1.000000, 362.684479,
          0.000000, 0.000000, 0.000000, 1.000000
        ),
      [
        ["Dimensions", new Vector(210.000000, 210.000000, 4.603912)],
        ["TextureName", "Textures/V_Falcon_micro.tex"],
        ["ZoneName", "Textures/V_Falcon_zone.bmp"],
        ["BorderSize", 30.000000]
      ]
    ],

    [
      "LZ_Falcon_WeaponBoxBig_1",
      "InteriorObject",
      "CWeaponBoxBigUnit",
      new Matrix(
          0.764154, 0.644920, -0.012134, 32204.873047,
          -0.643927, 0.761605, -0.072910, 36018.683594,
          -0.037780, 0.063528, 0.997265, 367.236694,
          0.000000, 0.000000, 0.000000, 1.000000
        ),
      [
        ["SurfaceControl", "PutonGround"]
      ]
    ],

    [
      "LZ_Falcon_WeaponBoxSmall_1",
      "InteriorObject",
      "CWeaponBoxSmallUnit",
      new Matrix(
          0.816745, 0.576999, 0.000008, 32215.927734,
          -0.576988, 0.816730, -0.006122, 35813.929688,
          -0.003539, 0.004996, 0.999981, 361.789520,
          0.000000, 0.000000, 0.000000, 1.000000
        ),
      [
        ["SurfaceControl", "PutonGround"]
      ]
    ],

    [
      "LZ_Falcon_WeaponBoxBig_2",
      "InteriorObject",
      "CWeaponBoxBigUnit",
      new Matrix(
          0.964887, 0.262593, -0.006106, 32242.548828,
          -0.262598, 0.964905, -0.000045, 35761.277344,
          0.005880, 0.001647, 0.999981, 362.042664,
          0.000000, 0.000000, 0.000000, 1.000000
        ),
      [
        ["SurfaceControl", "PutonGround"]
      ]
    ],

    [
      "LZ_Falcon_WeaponBoxBig_3",
      "InteriorObject",
      "CWeaponBoxBigUnit",
      new Matrix(
          0.962368, 0.271681, -0.006129, 32242.822266,
          -0.271686, 0.962386, 0.000024, 35763.472656,
          0.005905, 0.001642, 0.999981, 362.044281,
          0.000000, 0.000000, 0.000000, 1.000000
        ),
      [
        ["SurfaceControl", "PutonGround"]
      ]
    ],

    [
      "LZ_Falcon_WeaponBoxSmall_2",
      "InteriorObject",
      "CWeaponBoxSmallUnit",
      new Matrix(
          0.833895, 0.551922, -0.000113, 32216.273438,
          -0.551912, 0.833879, -0.006249, 35815.316406,
          -0.003355, 0.005273, 0.999980, 361.797943,
          0.000000, 0.000000, 0.000000, 1.000000
        ),
      [
        ["SurfaceControl", "PutonGround"]
      ]
    ],

    [
      "LZ_Falcon_BarrelPackA_1",
      "InteriorObject",
      "CBarrelPackAUnit",
      new Matrix(
          0.956606, 0.291297, -0.007125, 32258.400391,
          -0.291306, 0.956630, -0.000296, 35750.472656,
          0.006729, 0.002358, 0.999975, 362.490479,
          0.000000, 0.000000, 0.000000, 1.000000
        ),
      [
        ["SurfaceControl", "PutonGround"]
      ]
    ],

    [
      "LZ_Falcon_BarrelPackB_1",
      "InteriorObject",
      "CBarrelPackBUnit",
      new Matrix(
          0.954797, 0.296261, -0.024325, 32268.828125,
          -0.296827, 0.954620, -0.024371, 35827.367188,
          0.016001, 0.030490, 0.999407, 363.172913,
          0.000000, 0.000000, 0.000000, 1.000000
        ),
      [
        ["SurfaceControl", "PutonGround"]
      ]
    ],

    [
      "LZ_Falcon_BarrelPackB_2",
      "InteriorObject",
      "CBarrelPackBUnit",
      new Matrix(
          0.955887, 0.292819, -0.023191, 32265.953125,
          -0.293340, 0.955716, -0.023636, 35822.906250,
          0.015243, 0.029396, 0.999452, 362.996338,
          0.000000, 0.000000, 0.000000, 1.000000
        ),
      [
        ["SurfaceControl", "PutonGround"]
      ]
    ],

    [
      "LZ_Falcon_BarrelPackB_3",
      "InteriorObject",
      "CBarrelPackBUnit",
      new Matrix(
          0.955319, 0.292436, -0.042965, 32267.517578,
          -0.292962, 0.956103, -0.006374, 35935.371094,
          0.039215, 0.018676, 0.999056, 365.231567,
          0.000000, 0.000000, 0.000000, 1.000000
        ),
      [
        ["SurfaceControl", "PutonGround"]
      ]
    ],

    [
      "LZ_Falcon_WeaponBoxSmall_3",
      "InteriorObject",
      "CWeaponBoxSmallUnit",
      new Matrix(
          0.706069, 0.708036, -0.012266, 32193.740234,
          -0.706822, 0.703590, -0.073232, 36016.125000,
          -0.043221, 0.060376, 0.997240, 366.471802,
          0.000000, 0.000000, 0.000000, 1.000000
        ),
      [
        ["SurfaceControl", "PutonGround"]
      ]
    ],

    [
      "LZ_Falcon_WeaponBoxSmall_4",
      "InteriorObject",
      "CWeaponBoxSmallUnit",
      new Matrix(
          0.707330, 0.706779, -0.012152, 32192.746094,
          -0.705555, 0.704843, -0.073402, 36014.566406,
          -0.043314, 0.060493, 0.997228, 366.345154,
          0.000000, 0.000000, 0.000000, 1.000000
        ),
      [
        ["SurfaceControl", "PutonGround"]
      ]
    ],

    [
      "LZ_Falcon_WeaponBoxSmall_5",
      "InteriorObject",
      "CWeaponBoxSmallUnit",
      new Matrix(
          0.776946, 0.629445, -0.012395, 32209.265625,
          -0.629564, 0.776849, -0.012416, 35891.484375,
          0.001814, 0.017450, 0.999846, 362.436035,
          0.000000, 0.000000, 0.000000, 1.000000
        ),
      [
        ["SurfaceControl", "PutonGround"]
      ]
    ],

    [
      "LZ_Falcon_WeaponBoxSmall_6",
      "InteriorObject",
      "CWeaponBoxSmallUnit",
      new Matrix(
          0.778084, -0.628042, -0.012230, 32209.220703,
          0.627925, 0.778177, -0.012273, 35890.632813,
          0.017225, 0.001870, 0.999850, 362.425110,
          0.000000, 0.000000, 0.000000, 1.000000
        ),
      [
        ["SurfaceControl", "PutonGround"]
      ]
    ],

    [
      "LZ_Falcon_Roof_1",
      "InteriorObject",
      "CRoofUnit",
      new Matrix(
          0.931687, 0.363262, 0.000000, 32247.136719,
          -0.363262, 0.931687, 0.000000, 35762.515625,
          0.000000, 0.000000, 1.000000, 361.521271,
          0.000000, 0.000000, 0.000000, 1.000000
        ),
      [
      ]
    ],

    [
      "LZ_Falcon_Roof_2",
      "InteriorObject",
      "CRoofUnit",
      new Matrix(
          0.729598, 0.683876, 0.000000, 32190.058594,
          -0.683876, 0.729598, 0.000000, 36018.070313,
          0.000000, 0.000000, 1.000000, 366.464172,
          0.000000, 0.000000, 0.000000, 1.000000
        ),
      [
      ]
    ],

    [
      "LZ_Falcon_Roof_3",
      "InteriorObject",
      "CRoofUnit",
      new Matrix(
          0.630034, 0.776568, 0.000000, 32191.345703,
          -0.776568, 0.630034, 0.000000, 35921.316406,
          0.000000, 0.000000, 1.000000, 362.428680,
          0.000000, 0.000000, 0.000000, 1.000000
        ),
      [
      ]
    ],

    [
      "LZ_Falcon_Tent_1",
      "InteriorObject",
      "CTentUnit",
      new Matrix(
          0.993897, 0.110316, 0.000000, 32173.109375,
          -0.110316, 0.993897, 0.000000, 35856.296875,
          0.000000, 0.000000, 1.000000, 361.846466,
          0.000000, 0.000000, 0.000000, 1.000000
        ),
      [
      ]
    ],

    [
      "LZ_Falcon_Tent_2",
      "InteriorObject",
      "CTentUnit",
      new Matrix(
          0.970309, -0.241869, 0.000000, 32260.871094,
          0.241869, 0.970309, 0.000000, 35737.335938,
          0.000000, 0.000000, 1.000000, 361.572052,
          0.000000, 0.000000, 0.000000, 1.000000
        ),
      [
      ]
    ],

    [
      "LZ_Falcon_Tent_3",
      "InteriorObject",
      "CTentUnit",
      new Matrix(
          0.430661, 0.902514, 0.000000, 32212.136719,
          -0.902514, 0.430661, 0.000000, 35889.652344,
          0.000000, 0.000000, 1.000000, 362.368530,
          0.000000, 0.000000, 0.000000, 1.000000
        ),
      [
      ]
    ],

    [
      "LZ_Falcon_Tent_4",
      "InteriorObject",
      "CTentUnit",
      new Matrix(
          0.923927, -0.382569, 0.000000, 32202.667969,
          0.382569, 0.923927, 0.000000, 35982.261719,
          0.000000, 0.000000, 1.000000, 363.937012,
          0.000000, 0.000000, 0.000000, 1.000000
        ),
      [
      ]
    ],

    [
      "LZ_Falcon_Tent_5",
      "InteriorObject",
      "CTentUnit",
      new Matrix(
          0.999733, -0.023121, 0.000000, 32218.703125,
          0.023121, 0.999733, 0.000000, 35813.191406,
          0.000000, 0.000000, 1.000000, 361.704895,
          0.000000, 0.000000, 0.000000, 1.000000
        ),
      [
      ]
    ],

    [
      "LZ_Falcon_Tent_6",
      "InteriorObject",
      "CTentUnit",
      new Matrix(
          0.991892, -0.127080, 0.000000, 32182.064453,
          0.127080, 0.991892, 0.000000, 36026.703125,
          0.000000, 0.000000, 1.000000, 367.020233,
          0.000000, 0.000000, 0.000000, 1.000000
        ),
      [
      ]
    ],

    [
      "LZ_Falcon_Tent_7",
      "InteriorObject",
      "CTentUnit",
      new Matrix(
          0.995395, -0.095861, 0.000000, 32187.130859,
          0.095861, 0.995395, 0.000000, 35934.898438,
          0.000000, 0.000000, 1.000000, 362.374115,
          0.000000, 0.000000, 0.000000, 1.000000
        ),
      [
      ]
    ],

    [
      "LZ_Falcon_BarrelPackB_4",
      "InteriorObject",
      "CBarrelPackBUnit",
      new Matrix(
          0.955535, 0.291846, -0.042173, 32264.775391,
          -0.292536, 0.956190, -0.011104, 35932.097656,
          0.037085, 0.022947, 0.999049, 365.087952,
          0.000000, 0.000000, 0.000000, 1.000000
        ),
      [
        ["SurfaceControl", "PutonGround"]
      ]
    ],

    [
      "LZ_Falcon_WeaponAmmunitionGroup_1",
      "ObjectsGroup",
      "CObjectsGroup",
      new Matrix(
          0.956639, 0.291276, 0.000000, 32226.957031,
          -0.291276, 0.956639, 0.000000, 35889.093750,
          0.000000, 0.000000, 1.000000, 364.667755,
          0.000000, 0.000000, 0.000000, 1.000000
        ),
      [
        ["Contents", ["LZ_Falcon_BarrelPackB_1", "LZ_Falcon_Roof_1", "LZ_Falcon_WeaponBoxBig_1", "LZ_Falcon_WeaponBoxBig_2", "LZ_Falcon_WeaponBoxBig_3", "LZ_Falcon_WeaponBoxSmall_1", "LZ_Falcon_WeaponBoxSmall_2"]]
      ]
    ],

    [
      "LZ_Falcon_WeaponAmmunitionGroup_2",
      "ObjectsGroup",
      "CObjectsGroup",
      new Matrix(
          0.956112, 0.293000, 0.000000, 32223.011719,
          -0.293000, 0.956112, 0.000000, 35885.753906,
          0.000000, 0.000000, 1.000000, 365.373749,
          0.000000, 0.000000, 0.000000, 1.000000
        ),
      [
        ["Contents", ["LZ_Falcon_BarrelPackA_1", "LZ_Falcon_BarrelPackB_2", "LZ_Falcon_BarrelPackB_3", "LZ_Falcon_Roof_2", "LZ_Falcon_Roof_3", "LZ_Falcon_WeaponBoxSmall_3", "LZ_Falcon_WeaponBoxSmall_4", "LZ_Falcon_WeaponBoxSmall_5", "LZ_Falcon_WeaponBoxSmall_6"]]
      ]
    ],

    [
      "NavPoint_XRay",
      "NavPoint",
      "CZAxisCylNavPoint",
      new Matrix(
          -0.005624, 0.999984, 0.000000, 22685.988281,
          -0.999984, -0.005624, 0.000000, 29874.361328,
          0.000000, 0.000000, 1.000000, 338.727600,
          0.000000, 0.000000, 0.000000, 1.000000
        ),
      [
        ["Name", "CC1M4Mission_Strings::str_NavPoint_XRAY"],
        ["Range", 50.000000],
        ["PositionType", "Ground"],
        ["MapCompass", true]
      ]
    ],

    [
      "NavPoint_LZ_Albany",
      "NavPoint",
      "CZAxisCylNavPoint",
      new Matrix(
          0.981406, -0.191942, 0.000000, 27688.201172,
          0.191942, 0.981406, 0.000000, 39036.488281,
          0.000000, 0.000000, 1.000000, 398.622223,
          0.000000, 0.000000, 0.000000, 1.000000
        ),
      [
        ["Name", "CC1M4Mission_Strings::str_NavPoint_LZ_Albany"],
        ["IsVisible", true],
        ["Range", 50.000000]
      ]
    ],

    [
      "NavPoint_LZ_Falcon",
      "NavPoint",
      "CZAxisCylNavPoint",
      new Matrix(
          -0.005624, 0.999984, 0.000000, 32260.451172,
          -0.999984, -0.005624, 0.000000, 35863.972656,
          0.000000, 0.000000, 1.000000, 241.040009,
          0.000000, 0.000000, 0.000000, 1.000000
        ),
      [
        ["Name", "CC1M4Mission_Strings::str_NavPoint_LZ_Falcon"],
        ["IsVisible", true],
        ["Range", 50.000000],
        ["MapCompass", true],
        ["IsMain", true]
      ]
    ],

    [
      "NavPoint_MainPlayerUnit_Attack_3",
      "NavPoint",
      "CZAxisCylNavPoint",
      new Matrix(
          -0.144264, -0.989539, 0.000000, 25085.462891,
          0.989539, -0.144264, 0.000000, 37638.867188,
          0.000000, 0.000000, 1.000000, 370.130707,
          0.000000, 0.000000, 0.000000, 1.000000
        ),
      [
        ["Range", 15.000000],
        ["PositionType", "Ground"],
        ["Detect", true],
        ["BehaviorHeight", 70.000000],
        ["Mask", [["HELI", "MainMesh"], []]]
      ]
    ],

    [
      "All_LZ_Falcon",
      "ObjectsGroup",
      "CObjectsGroup",
      new Matrix(
          0.956522, 0.291660, 0.000000, 16169.376953,
          -0.291660, 0.956522, 0.000000, 17990.796875,
          0.000000, 0.000000, 1.000000, 184.907288,
          0.000000, 0.000000, 0.000000, 1.000000
        ),
      [
        ["Contents", ["All_LZ_Falcon_micro", "LZ_Falcon_BarrelPackB_4", "LZ_Falcon_BoxPackGroup_1", "LZ_Falcon_BoxPackGroup_10", "LZ_Falcon_BoxPackGroup_11", "LZ_Falcon_BoxPackGroup_12", "LZ_Falcon_BoxPackGroup_2", "LZ_Falcon_BoxPackGroup_3", "LZ_Falcon_BoxPackGroup_4", "LZ_Falcon_BoxPackGroup_5", "LZ_Falcon_BoxPackGroup_6", "LZ_Falcon_BoxPackGroup_7", "LZ_Falcon_BoxPackGroup_8", "LZ_Falcon_BoxPackGroup_9", "LZ_Falcon_HowitzerGroup_1", "LZ_Falcon_HowitzerGroup_2", "LZ_Falcon_Howitzer_1_1", "LZ_Falcon_Howitzer_1_2", "LZ_Falcon_Howitzer_1_3", "LZ_Falcon_Howitzer_1_4", "LZ_Falcon_Howitzer_1_5", "LZ_Falcon_Howitzer_1_6", "LZ_Falcon_Howitzer_2_1", "LZ_Falcon_Howitzer_2_2", "LZ_Falcon_Howitzer_2_3", "LZ_Falcon_Howitzer_2_4", "LZ_Falcon_Howitzer_2_5", "LZ_Falcon_Howitzer_2_6", "LZ_Falcon_M939Truck_1", "LZ_Falcon_M939Truck_2", "LZ_Falcon_M939Truck_3", "LZ_Falcon_Roof_4", "LZ_Falcon_Roof_5", "LZ_Falcon_Roof_6", "LZ_Falcon_Roof_7", "LZ_Falcon_Roof_8", "LZ_Falcon_Tent_1", "LZ_Falcon_Tent_10", "LZ_Falcon_Tent_11", "LZ_Falcon_Tent_12", "LZ_Falcon_Tent_2", "LZ_Falcon_Tent_3", "LZ_Falcon_Tent_4", "LZ_Falcon_Tent_5", "LZ_Falcon_Tent_6", "LZ_Falcon_Tent_7", "LZ_Falcon_Tent_8", "LZ_Falcon_Tent_9", "LZ_Falcon_WeaponAmmunitionGroup_1", "LZ_Falcon_WeaponAmmunitionGroup_2", "LZ_Falcon_WeaponBoxBigPackA_1", "LZ_Falcon_WeaponBoxBigPackA_10", "LZ_Falcon_WeaponBoxBigPackA_11", "LZ_Falcon_WeaponBoxBigPackA_12", "LZ_Falcon_WeaponBoxBigPackA_13", "LZ_Falcon_WeaponBoxBigPackA_14", "LZ_Falcon_WeaponBoxBigPackA_17", "LZ_Falcon_WeaponBoxBigPackA_2", "LZ_Falcon_WeaponBoxBigPackA_3", "LZ_Falcon_WeaponBoxBigPackA_30", "LZ_Falcon_WeaponBoxBigPackA_31", "LZ_Falcon_WeaponBoxBigPackA_32", "LZ_Falcon_WeaponBoxBigPackA_33", "LZ_Falcon_WeaponBoxBigPackA_34", "LZ_Falcon_WeaponBoxBigPackA_35", "LZ_Falcon_WeaponBoxBigPackA_36", "LZ_Falcon_WeaponBoxBigPackA_37", "LZ_Falcon_WeaponBoxBigPackA_38", "LZ_Falcon_WeaponBoxBigPackA_39", "LZ_Falcon_WeaponBoxBigPackA_4", "LZ_Falcon_WeaponBoxBigPackA_40", "LZ_Falcon_WeaponBoxBigPackA_41", "LZ_Falcon_WeaponBoxBigPackA_42", "LZ_Falcon_WeaponBoxBigPackA_43", "LZ_Falcon_WeaponBoxBigPackA_44", "LZ_Falcon_WeaponBoxBigPackA_45", "LZ_Falcon_WeaponBoxBigPackA_46", "LZ_Falcon_WeaponBoxBigPackA_47", "LZ_Falcon_WeaponBoxBigPackA_48", "LZ_Falcon_WeaponBoxBigPackA_49", "LZ_Falcon_WeaponBoxBigPackA_5", "LZ_Falcon_WeaponBoxBigPackA_50", "LZ_Falcon_WeaponBoxBigPackA_51", "LZ_Falcon_WeaponBoxBigPackA_52", "LZ_Falcon_WeaponBoxBigPackA_53", "LZ_Falcon_WeaponBoxBigPackA_54", "LZ_Falcon_WeaponBoxBigPackA_55", "LZ_Falcon_WeaponBoxBigPackA_6", "LZ_Falcon_WeaponBoxBigPackA_7", "LZ_Falcon_WeaponBoxBigPackA_8", "LZ_Falcon_WeaponBoxBigPackA_9", "LZ_Falcon_WeaponBoxBigPackB_1", "LZ_Falcon_WeaponBoxBigPackB_10", "LZ_Falcon_WeaponBoxBigPackB_11", "LZ_Falcon_WeaponBoxBigPackB_3", "LZ_Falcon_WeaponBoxBigPackB_4", "LZ_Falcon_WeaponBoxBigPackB_6", "LZ_Falcon_WeaponBoxBigPackB_7", "LZ_Falcon_WeaponBoxBigPackB_8", "LZ_Falcon_WeaponBoxBigPackB_9", "LZ_Falcon_WeaponBoxBig_10", "LZ_Falcon_WeaponBoxBig_11", "LZ_Falcon_WeaponBoxBig_13", "LZ_Falcon_WeaponBoxBig_15", "LZ_Falcon_WeaponBoxBig_17", "LZ_Falcon_WeaponBoxBig_18", "LZ_Falcon_WeaponBoxBig_20", "LZ_Falcon_WeaponBoxBig_23", "LZ_Falcon_WeaponBoxBig_24", "LZ_Falcon_WeaponBoxBig_26", "LZ_Falcon_WeaponBoxBig_30", "LZ_Falcon_WeaponBoxBig_31", "LZ_Falcon_WeaponBoxBig_32", "LZ_Falcon_WeaponBoxBig_35", "LZ_Falcon_WeaponBoxBig_36", "LZ_Falcon_WeaponBoxBig_41", "LZ_Falcon_WeaponBoxBig_42", "LZ_Falcon_WeaponBoxBig_43", "LZ_Falcon_WeaponBoxBig_44", "LZ_Falcon_WeaponBoxBig_5", "LZ_Falcon_WeaponBoxBig_6", "LZ_Falcon_WeaponBoxBig_7", "LZ_Falcon_WeaponBoxBig_8", "LZ_Falcon_WeaponBoxBig_9", "LZ_Falcon_WeaponBoxSmallPackB_2", "LZ_Falcon_WeaponBoxSmallPackB_40", "LZ_Falcon_WeaponBoxSmallPackB_41", "LZ_Falcon_WeaponBoxSmallPackB_42", "LZ_Falcon_WeaponBoxSmallPackB_43", "LZ_Falcon_WeaponBoxSmallPackB_8"]],
        ["IsWorldPartObject", true]
      ]
    ],

    [
      "NavPoint_Village_Plei_Me",
      "NavPoint",
      "CZAxisCylNavPoint",
      new Matrix(
          -0.005624, 0.999984, 0.000000, 44866.000000,
          -0.999984, -0.005624, 0.000000, 38576.675781,
          0.000000, 0.000000, 1.000000, 570.941956,
          0.000000, 0.000000, 0.000000, 1.000000
        ),
      [
        ["Name", "CC1M4Mission_Strings::str_NavPoint_Plei_Me"],
        ["IsVisible", true],
        ["Range", 50.000000],
        ["PositionType", "Ground"]
      ]
    ],

    [
      "NavPoint_Plei_Me_Base",
      "NavPoint",
      "CZAxisCylNavPoint",
      new Matrix(
          -0.542518, -0.840044, 0.000000, 43718.421875,
          0.840044, -0.542518, 0.000000, 37966.511719,
          0.000000, 0.000000, 1.000000, 371.996246,
          0.000000, 0.000000, 0.000000, 1.000000
        ),
      [
        ["Range", 5.000000],
        ["Detect", true],
        ["Mask", [["HELI", "MainMesh"], []]],
        ["MapCompass", true],
        ["IsMain", true],
        ["Name", "CC1M4Mission_Strings::str_NavPoint_Plei_Me"]
      ]
    ],

    [
      "NavPoint_Village_Plei_Xorr",
      "NavPoint",
      "CZAxisCylNavPoint",
      new Matrix(
          -0.144264, -0.989539, 0.000000, 39560.835938,
          0.989539, -0.144264, 0.000000, 43530.171875,
          0.000000, 0.000000, 1.000000, 482.507721,
          0.000000, 0.000000, 0.000000, 1.000000
        ),
      [
        ["Range", 50.000000],
        ["PositionType", "Ground"]
      ]
    ],

    [
      "NavPoint_Village_Plei_Kuing_Xorr",
      "NavPoint",
      "CZAxisCylNavPoint",
      new Matrix(
          -0.144264, -0.989539, 0.000000, 37670.605469,
          0.989539, -0.144264, 0.000000, 44815.093750,
          0.000000, 0.000000, 1.000000, 592.737427,
          0.000000, 0.000000, 0.000000, 1.000000
        ),
      [
        ["Range", 50.000000],
        ["PositionType", "Ground"]
      ]
    ],

    [
      "NavPoint_Village_Plei_Ya_Breng",
      "NavPoint",
      "CZAxisCylNavPoint",
      new Matrix(
          -0.144264, -0.989539, 0.000000, 34062.230469,
          0.989539, -0.144264, 0.000000, 46156.855469,
          0.000000, 0.000000, 1.000000, 598.784912,
          0.000000, 0.000000, 0.000000, 1.000000
        ),
      [
        ["Range", 50.000000],
        ["PositionType", "Ground"]
      ]
    ],

    [
      "NavPoint_Village_Plai_Tpang",
      "NavPoint",
      "CZAxisCylNavPoint",
      new Matrix(
          -0.144264, -0.989539, 0.000000, 40842.250000,
          0.989539, -0.144264, 0.000000, 35765.394531,
          0.000000, 0.000000, 1.000000, 463.231323,
          0.000000, 0.000000, 0.000000, 1.000000
        ),
      [
        ["Range", 50.000000],
        ["PositionType", "Ground"]
      ]
    ],

    [
      "NavPoint_Village_Plei_Tenau",
      "NavPoint",
      "CZAxisCylNavPoint",
      new Matrix(
          -0.144264, -0.989539, 0.000000, 31253.435547,
          0.989539, -0.144264, 0.000000, 45347.144531,
          0.000000, 0.000000, 1.000000, 541.910950,
          0.000000, 0.000000, 0.000000, 1.000000
        ),
      [
        ["Range", 50.000000],
        ["PositionType", "Ground"]
      ]
    ],

    [
      "NavPoint_Village_92",
      "NavPoint",
      "CZAxisCylNavPoint",
      new Matrix(
          -0.375944, -0.926642, 0.000000, 37113.855469,
          0.926642, -0.375944, 0.000000, 34415.222656,
          0.000000, 0.000000, 1.000000, 395.150391,
          0.000000, 0.000000, 0.000000, 1.000000
        ),
      [
        ["Range", 50.000000]
      ]
    ],

    [
      "NavPoint_Village_93",
      "NavPoint",
      "CZAxisCylNavPoint",
      new Matrix(
          -0.375944, -0.926642, 0.000000, 38868.960938,
          0.926642, -0.375944, 0.000000, 31868.857422,
          0.000000, 0.000000, 1.000000, 397.140778,
          0.000000, 0.000000, 0.000000, 1.000000
        ),
      [
        ["Range", 50.000000]
      ]
    ],

    [
      "NavPoint_Village_95",
      "NavPoint",
      "CZAxisCylNavPoint",
      new Matrix(
          -0.375944, -0.926642, 0.000000, 32741.681641,
          0.926642, -0.375944, 0.000000, 41614.660156,
          0.000000, 0.000000, 1.000000, 406.111206,
          0.000000, 0.000000, 0.000000, 1.000000
        ),
      [
        ["Range", 50.000000]
      ]
    ],

    [
      "NavPoint_Village_Plei_Me_Village_102",
      "NavPoint",
      "CZAxisCylNavPoint",
      new Matrix(
          -0.375944, -0.926642, 0.000000, 42388.105469,
          0.926642, -0.375944, 0.000000, 39577.898438,
          0.000000, 0.000000, 1.000000, 455.606659,
          0.000000, 0.000000, 0.000000, 1.000000
        ),
      [
        ["Range", 50.000000]
      ]
    ],

    [
      "NavPoint_Village_106",
      "NavPoint",
      "CZAxisCylNavPoint",
      new Matrix(
          -0.375944, -0.926642, 0.000000, 40986.394531,
          0.926642, -0.375944, 0.000000, 42318.042969,
          0.000000, 0.000000, 1.000000, 476.470703,
          0.000000, 0.000000, 0.000000, 1.000000
        ),
      [
        ["Range", 50.000000]
      ]
    ],

    [
      "Plei_Xorr_Group",
      "ObjectsGroup",
      "CObjectsGroup",
      new Matrix(
          -0.120712, -0.992687, 0.000000, 39423.808594,
          0.992688, -0.120713, 0.000000, 43683.062500,
          0.000000, 0.000000, 1.000000, 485.012177,
          0.000000, 0.000000, 0.000000, 1.000000
        ),
      [
        ["Contents", ["Plei_Xorr_Group_micro"]],
        ["IsWorldPartObject", true]
      ]
    ],

    [
      "Wingman_Transport_Group_1",
      "ObjectsGroup",
      "CObjectsGroup",
      new Matrix(
          -0.672587, -0.740018, 0.000000, 43795.355469,
          0.740018, -0.672587, 0.000000, 37922.050781,
          0.000000, 0.000000, 1.000000, 531.464172,
          0.000000, 0.000000, 0.000000, 1.000000
        ),
      [
        ["Contents", []]
      ]
    ],

    [
      "1",
      "NavPoint",
      "CZAxisCylNavPoint",
      new Matrix(
          -0.888337, 0.459193, 0.000000, 45699.113281,
          -0.459193, -0.888337, 0.000000, 37952.125000,
          0.000000, 0.000000, 1.000000, 538.127625,
          0.000000, 0.000000, 0.000000, 1.000000
        ),
      [
        ["PositionType", "Ground"],
        ["Range", 1.000000]
      ]
    ],

    [
      "2",
      "NavPoint",
      "CZAxisCylNavPoint",
      new Matrix(
          -0.888337, 0.459193, 0.000000, 45678.699219,
          -0.459193, -0.888337, 0.000000, 37897.425781,
          0.000000, 0.000000, 1.000000, 528.981812,
          0.000000, 0.000000, 0.000000, 1.000000
        ),
      [
        ["PositionType", "Ground"],
        ["Range", 1.000000]
      ]
    ],

    [
      "3",
      "NavPoint",
      "CZAxisCylNavPoint",
      new Matrix(
          -0.888337, 0.459193, 0.000000, 45635.394531,
          -0.459193, -0.888337, 0.000000, 37934.902344,
          0.000000, 0.000000, 1.000000, 539.037598,
          0.000000, 0.000000, 0.000000, 1.000000
        ),
      [
        ["PositionType", "Ground"],
        ["Range", 1.000000]
      ]
    ],

    [
      "Terrain",
      "",
      "",
      new Matrix(
          1.000000, 0.000000, 0.000000, 0.000000,
          0.000000, 1.000000, 0.000000, 0.000000,
          0.000000, 0.000000, 1.000000, 0.000000,
          0.000000, 0.000000, 0.000000, 1.000000
        ),
      [
        ["WaterColor", new Color(0.392157, 0.349020, 0.192157, 1.000000)],
        ["WaterFresnelPower", 3.500000],
        ["WaterBorderColor", new Color(0.345098, 0.309804, 0.172549, 1.000000)],
        ["WaterTexScale", 1.000000],
        ["BorderTexScale", 30.000000],
        ["ReflectDistortion", 0.050000],
        ["BumpSlopeness", 0.700000],
        ["ReflectTextureShift", 10.000000],
        ["BorderScale", 15.000000],
        ["BorderOffset", 0.000000],
        ["ClipPlaneShift", 1.000000],
        ["AnimationSpeed", 0.300000],
        ["ForestTextureScale", 1.000000],
        ["ForestBorderScale", 0.300000],
        ["ForestBeginFadeDist", [300.000000, 650.000000]],
        ["ForestShadowBorderScale", 0.400000],
        ["ForestAlphaScale", 2.000000],
        ["ForestShadowAlphaScale", 1.500000],
        ["VertForestDistMin", 800.000000],
        ["VertForestDistMax", 2700.000000],
        ["VertForestAngleMin", 0.000000],
        ["VertForestAngleMax", 45.000000]
      ]
    ],

    [
      "Cloud_Cum3",
      "Cloud",
      "CCloud",
      new Matrix(
          -0.169768, 0.985484, 0.000000, 18749.462891,
          -0.985484, -0.169768, 0.000000, 28096.701172,
          0.000000, 0.000000, 1.000000, 2130.689453,
          0.000000, 0.000000, 0.000000, 1.000000
        ),
      [
        ["SpriteSize", 500.000000],
        ["Density", 0.160000],
        ["Ambient", new Color(1.000000, 1.000000, 1.000000, 0.900000)],
        ["DbgRenderBoxes", false],
        ["Height0", 0.000000],
        ["Color0", new Color(0.407843, 0.415686, 0.435294, 1.000000)],
        ["Height1", 0.080000],
        ["Color1", new Color(0.549020, 0.603922, 0.623529, 1.000000)],
        ["Height2", 0.200000],
        ["Color2", new Color(0.635294, 0.682353, 0.690196, 1.000000)],
        ["Height3", 0.500000],
        ["Color3", new Color(0.776471, 0.772549, 0.725490, 1.000000)],
        ["Height4", 0.700000],
        ["Color4", new Color(0.674510, 0.674510, 0.674510, 1.000000)],
        ["Matid0", ["Mtr_c", "Mtr_d", "Mtr_e", "Mtr_5"]],
        ["Matid1", ["Mtr_4", "Mtr_9", "Mtr_a", "Mtr_b"]],
        ["Matid2", ["Mtr_4", "Mtr_5", "Mtr_6", "Mtr_7"]],
        ["Matid3", ["Mtr_0", "Mtr_b", "Mtr_1"]],
        ["Matid4", ["Mtr_0", "Mtr_b", "Mtr_1", "Mtr_3"]],
        ["Size0", 0.700000],
        ["Size1", 1.000000],
        ["Size2", 1.000000],
        ["Size3", 1.000000],
        ["Size4", 1.000000],
        ["Dens0", 0.700000],
        ["Dens1", 0.300000],
        ["Dens2", 0.200000],
        ["Dens3", 0.100000],
        ["Dens4", 0.100000],
        ["Boxes", [[new Vector(0.000000, 0.000000, 0.000000), new Vector(1000.000000, 700.000000, 250.000000)], [new Vector(0.000000, 0.000000, 500.000000), new Vector(500.000000, 500.000000, 750.000000)], [new Vector(-500.000000, -350.000000, 250.000000), new Vector(400.000000, 500.000000, 500.000000)], [new Vector(500.000000, -400.000000, 150.000000), new Vector(750.000000, 750.000000, 250.000000)], [new Vector(500.000000, 400.000000, -50.000000), new Vector(400.000000, 400.000000, 250.000000)], [new Vector(0.000000, -800.000000, 100.000000), new Vector(800.000000, 800.000000, 200.000000)]]]
      ]
    ],

    [
      "GroupUnit_AmericanSkyRiders",
      "UnitGroup",
      "C1M4AmericanSkyRiderGroup",
      new Matrix(
          0.812130, 0.583477, 0.000000, 9352.849609,
          -0.583477, 0.812130, 0.000000, 43602.488281,
          0.000000, 0.000000, 1.000000, 948.728699,
          0.000000, 0.000000, 0.000000, 1.000000
        ),
      [
        ["Units", ["SkyRider_01"]],
        ["MovingSpeed", 95.000000],
        ["Formation", "CWideWedgeFormation"],
        ["FormationDistance", 250],
        ["GroupEnemyReaction", "ERT_PASSIVE"]
      ]
    ],

    [
      "SkyRider_01",
      "GameObject",
      "CAD4SkyriderUnit",
      new Matrix(
          0.812130, 0.583477, 0.000000, 9352.849609,
          -0.583477, 0.812130, 0.000000, 43602.488281,
          0.000000, 0.000000, 1.000000, 948.728699,
          0.000000, 0.000000, 0.000000, 1.000000
        ),
      [
        ["Affiliation", "FRIEND"],
        ["Task", "C1M4SkyRiderTask"]
      ]
    ],

    [
      "SkyRidersAttackNP_01",
      "NavPoint",
      "CZAxisCylNavPoint",
      new Matrix(
          0.749884, 0.661569, 0.000000, 13682.942383,
          -0.661569, 0.749884, 0.000000, 40157.156250,
          0.000000, 0.000000, 1.000000, 336.485474,
          0.000000, 0.000000, 0.000000, 1.000000
        ),
      [
        ["BehaviorHeight", 300.000000],
        ["Range", 10.000000]
      ]
    ],

    [
      "SkyRidersAttackNP_02",
      "NavPoint",
      "CZAxisCylNavPoint",
      new Matrix(
          0.749884, 0.661569, 0.000000, 18428.556641,
          -0.661569, 0.749884, 0.000000, 37418.117188,
          0.000000, 0.000000, 1.000000, -1497.522339,
          0.000000, 0.000000, 0.000000, 1.000000
        ),
      [
        ["BehaviorHeight", 200.000000],
        ["Range", 100.000000],
        ["IDMask", ["SkyRider_01"]],
        ["Detect", true],
        ["PositionType", "Ground"]
      ]
    ],

    [
      "SkyRidersAttackNP_03",
      "NavPoint",
      "CZAxisCylNavPoint",
      new Matrix(
          0.749884, 0.661569, 0.000000, 22895.455078,
          -0.661569, 0.749884, 0.000000, 36770.589844,
          0.000000, 0.000000, 1.000000, 364.079926,
          0.000000, 0.000000, 0.000000, 1.000000
        ),
      [
        ["BehaviorHeight", 100.000000],
        ["Range", 10.000000],
        ["PositionType", "Ground"]
      ]
    ],

    [
      "SkyRidersBombNPStart_01",
      "NavPoint",
      "CZAxisCylNavPoint",
      new Matrix(
          0.749884, 0.661569, 0.000000, 24949.445313,
          -0.661569, 0.749884, 0.000000, 37264.480469,
          0.000000, 0.000000, 1.000000, 387.103638,
          0.000000, 0.000000, 0.000000, 1.000000
        ),
      [
        ["BehaviorHeight", 100.000000],
        ["Range", 3.000000],
        ["PositionType", "Ground"]
      ]
    ],

    [
      "SkyRidersBombNPEnd_01",
      "NavPoint",
      "CZAxisCylNavPoint",
      new Matrix(
          0.749884, 0.661569, 0.000000, 34849.101563,
          -0.661569, 0.749884, 0.000000, 41859.136719,
          0.000000, 0.000000, 1.000000, 440.368317,
          0.000000, 0.000000, 0.000000, 1.000000
        ),
      [
        ["BehaviorHeight", 600.000000],
        ["Range", 6.000000]
      ]
    ],

    [
      "Plei_Xorr_Group_micro",
      "Locator",
      "CTerrainPatch",
      new Matrix(
          -0.120712, -0.992688, 0.000000, 39423.808594,
          0.992688, -0.120712, 0.000000, 43683.062500,
          0.000000, 0.000000, 1.000000, 485.012177,
          0.000000, 0.000000, 0.000000, 1.000000
        ),
      [
        ["Dimensions", new Vector(250.000000, 250.000000, 17.821289)],
        ["MaterialID", "Field"],
        ["TextureName", "Textures/V_Plei_Xorr_micro.tex"],
        ["ZoneName", "Textures/V_Plei_Xorr_zone.bmp"],
        ["BorderSize", 50.000000]
      ]
    ],

    [
      "RadioBeacon_Plei_Ku",
      "NavPoint",
      "CRadioNavPoint",
      new Matrix(
          0.541844, -0.840479, 0.000000, 77773.640625,
          0.840479, 0.541844, 0.000000, 78486.140625,
          0.000000, 0.000000, 1.000000, 1063.068115,
          0.000000, 0.000000, 0.000000, 1.000000
        ),
      [
        ["WaveType", "VOR"],
        ["ReceiveDistance", 60000.000000],
