//-------------------------------------------------------------------
//
//  This code is copyright 2001 by G5 Software.
//  Any unauthorized usage, either in part or in whole of this code
//  is strictly prohibited. Violators WILL be prosecuted to the
//  maximum extent allowed by law.
//
//-------------------------------------------------------------------
//
//  Automatically-generated mission script file
//  DO NOT EDIT!
//
//-------------------------------------------------------------------


class CM7Content
{
  static String m_ObjectListClassFile = "Missions/Campaign_1/Mission_7/Content.script";
  static String m_ObjectListClassName = "CM7Content";

  static Array  m_MissionObjectList   = [
    [
      "Atmosphere",
      "",
      "",
      new Matrix(
          1.000000, 0.000000, 0.000000, 0.000000,
          0.000000, 1.000000, 0.000000, 0.000000,
          0.000000, 0.000000, 1.000000, 0.000000,
          0.000000, 0.000000, 0.000000, 1.000000
        ),
      [
        ["SunColor", new Color(1.000000, 0.988235, 0.909804, 1.000000)],
        ["SunIntensity", 1.000000],
        ["AmbientLight", new Color(0.301961, 0.333333, 0.368627, 1.000000)],
        ["ShadowColor", new Color(0.513726, 0.541176, 0.658824, 1.000000)],
        ["AntiSunColor", new Color(0.537255, 0.576471, 0.592157, 1.000000)],
        ["SunDirection", new Vector(-0.125942, -0.701137, -0.701816)],
        ["AntiSunIntensity", 0.700000],
        ["AntiSunEnabled", true],
        ["SunSpecularIntensity", 1.200000]
      ]
    ],

    [
      "Cloud_Cum",
      "Cloud",
      "CCloud",
      new Matrix(
          0.448989, 0.893537, 0.000000, 48867.468750,
          -0.893537, 0.448989, 0.000000, 39200.902344,
          0.000000, 0.000000, 1.000000, 1700.814209,
          0.000000, 0.000000, 0.000000, 1.000000
        ),
      [
        ["SpriteSize", 500.000000],
        ["Density", 0.130000],
        ["Ambient", new Color(1.000000, 1.000000, 1.000000, 0.900000)],
        ["DbgRenderBoxes", false],
        ["Height0", 0.000000],
        ["Color0", new Color(0.403922, 0.407843, 0.439216, 1.000000)],
        ["Height1", 0.080000],
        ["Color1", new Color(0.584314, 0.611765, 0.623529, 1.000000)],
        ["Height2", 0.200000],
        ["Color2", new Color(0.627451, 0.658824, 0.662745, 1.000000)],
        ["Height3", 0.500000],
        ["Color3", new Color(0.741176, 0.729412, 0.682353, 1.000000)],
        ["Height4", 0.700000],
        ["Color4", new Color(0.627451, 0.639216, 0.654902, 1.000000)],
        ["Matid0", ["Mtr_c", "Mtr_d", "Mtr_e", "Mtr_5"]],
        ["Matid1", ["Mtr_4", "Mtr_9", "Mtr_a", "Mtr_b"]],
        ["Matid2", ["Mtr_4", "Mtr_5", "Mtr_6", "Mtr_7"]],
        ["Matid3", ["Mtr_0", "Mtr_1", "Mtr_b", "Mtr_3"]],
        ["Matid4", ["Mtr_0", "Mtr_1", "Mtr_b", "Mtr_3"]],
        ["Size0", 0.700000],
        ["Size1", 1.000000],
        ["Size2", 1.000000],
        ["Size3", 1.000000],
        ["Size4", 1.000000],
        ["Dens0", 0.700000],
        ["Dens1", 0.300000],
        ["Dens2", 0.200000],
        ["Dens3", 0.100000],
        ["Dens4", 0.100000],
        ["Boxes", [[new Vector(0.000000, 0.000000, 0.000000), new Vector(1000.000000, 700.000000, 250.000000)], [new Vector(0.000000, 0.000000, 500.000000), new Vector(500.000000, 500.000000, 750.000000)], [new Vector(-500.000000, -350.000000, 250.000000), new Vector(400.000000, 500.000000, 500.000000)], [new Vector(500.000000, -400.000000, 150.000000), new Vector(750.000000, 750.000000, 250.000000)], [new Vector(500.000000, 400.000000, -50.000000), new Vector(400.000000, 400.000000, 250.000000)], [new Vector(0.000000, -800.000000, 100.000000), new Vector(500.000000, 800.000000, 200.000000)]]]
      ]
    ],

    [
      "Cloud_flat",
      "Cloud",
      "CCloud",
      new Matrix(
          0.448989, 0.893537, 0.000000, 46231.558594,
          -0.893537, 0.448989, 0.000000, 35955.156250,
          0.000000, 0.000000, 1.000000, 1683.140015,
          0.000000, 0.000000, 0.000000, 1.000000
        ),
      [
        ["SpriteSize", 500.000000],
        ["Density", 0.130000],
        ["Ambient", new Color(1.000000, 1.000000, 1.000000, 0.900000)],
        ["DbgRenderBoxes", false],
        ["Height0", 0.000000],
        ["Color0", new Color(0.407843, 0.415686, 0.435294, 1.000000)],
        ["Height1", 0.080000],
        ["Color1", new Color(0.549020, 0.603922, 0.623529, 1.000000)],
        ["Height2", 0.200000],
        ["Color2", new Color(0.635294, 0.682353, 0.690196, 1.000000)],
        ["Height3", 0.500000],
        ["Color3", new Color(0.776471, 0.772549, 0.725490, 1.000000)],
        ["Height4", 0.700000],
        ["Color4", new Color(0.674510, 0.674510, 0.674510, 1.000000)],
        ["Matid0", ["Mtr_c", "Mtr_d", "Mtr_e", "Mtr_5"]],
        ["Matid1", ["Mtr_4", "Mtr_6", "Mtr_a", "Mtr_b"]],
        ["Matid2", ["Mtr_4", "Mtr_5", "Mtr_6", "Mtr_7"]],
        ["Matid3", ["Mtr_b", "Mtr_4", "Mtr_3"]],
        ["Matid4", ["Mtr_b", "Mtr_4", "Mtr_3", "Mtr_0"]],
        ["Size0", 0.700000],
        ["Size1", 1.000000],
        ["Size2", 1.000000],
        ["Size3", 1.000000],
        ["Size4", 1.000000],
        ["Dens0", 0.700000],
        ["Dens1", 0.300000],
        ["Dens2", 0.200000],
        ["Dens3", 0.100000],
        ["Dens4", 0.100000],
        ["Boxes", [[new Vector(0.000000, 0.000000, 0.000000), new Vector(2000.000000, 1500.000000, 250.000000)], [new Vector(0.000000, 0.000000, 500.000000), new Vector(1000.000000, 1000.000000, 1500.000000)], [new Vector(-1000.000000, -600.000000, 250.000000), new Vector(800.000000, 1000.000000, 500.000000)], [new Vector(1000.000000, -800.000000, 150.000000), new Vector(1500.000000, 1500.000000, 250.000000)], [new Vector(1000.000000, 800.000000, -50.000000), new Vector(800.000000, 800.000000, 250.000000)], [new Vector(0.000000, -1500.000000, 100.000000), new Vector(1000.000000, 1500.000000, 200.000000)]]]
      ]
    ],

    [
      "Cloud_Cum1",
      "Cloud",
      "CCloud",
      new Matrix(
          0.448989, 0.893537, 0.000000, 44696.898438,
          -0.893537, 0.448989, 0.000000, 40203.503906,
          0.000000, 0.000000, 1.000000, 1779.830444,
          0.000000, 0.000000, 0.000000, 1.000000
        ),
      [
        ["SpriteSize", 500.000000],
        ["Density", 0.160000],
        ["Ambient", new Color(1.000000, 1.000000, 1.000000, 0.900000)],
        ["DbgRenderBoxes", false],
        ["Height0", 0.000000],
        ["Color0", new Color(0.388235, 0.403922, 0.419608, 1.000000)],
        ["Height1", 0.080000],
        ["Color1", new Color(0.486275, 0.525490, 0.560784, 1.000000)],
        ["Height2", 0.200000],
        ["Color2", new Color(0.658824, 0.670588, 0.674510, 1.000000)],
        ["Height3", 0.500000],
        ["Color3", new Color(0.694118, 0.690196, 0.662745, 1.000000)],
        ["Height4", 0.700000],
        ["Color4", new Color(0.678431, 0.678431, 0.678431, 1.000000)],
        ["Matid0", ["Mtr_c", "Mtr_d", "Mtr_e", "Mtr_5"]],
        ["Matid1", ["Mtr_4", "Mtr_9", "Mtr_a", "Mtr_b"]],
        ["Matid2", ["Mtr_4", "Mtr_5", "Mtr_6", "Mtr_7"]],
        ["Matid3", ["Mtr_0", "Mtr_b", "Mtr_1"]],
        ["Matid4", ["Mtr_0", "Mtr_b", "Mtr_1", "Mtr_3"]],
        ["Size0", 0.700000],
        ["Size1", 1.000000],
        ["Size2", 1.000000],
        ["Size3", 1.000000],
        ["Size4", 1.000000],
        ["Dens0", 0.700000],
        ["Dens1", 0.300000],
        ["Dens2", 0.200000],
        ["Dens3", 0.100000],
        ["Dens4", 0.100000],
        ["Boxes", [[new Vector(0.000000, 0.000000, 0.000000), new Vector(1000.000000, 700.000000, 250.000000)], [new Vector(0.000000, 0.000000, 500.000000), new Vector(500.000000, 500.000000, 750.000000)], [new Vector(-500.000000, -350.000000, 250.000000), new Vector(400.000000, 500.000000, 500.000000)], [new Vector(500.000000, -400.000000, 150.000000), new Vector(750.000000, 750.000000, 250.000000)], [new Vector(500.000000, 400.000000, -50.000000), new Vector(400.000000, 400.000000, 250.000000)], [new Vector(0.000000, -800.000000, 100.000000), new Vector(500.000000, 800.000000, 200.000000)]]]
      ]
    ],

    [
      "Cloud_flat1",
      "Cloud",
      "CCloud",
      new Matrix(
          0.448989, 0.893537, 0.000000, 47084.222656,
          -0.893537, 0.448989, 0.000000, 44338.726563,
          0.000000, 0.000000, 1.000000, 1700.920166,
          0.000000, 0.000000, 0.000000, 1.000000
        ),
      [
        ["SpriteSize", 500.000000],
        ["Density", 0.150000],
        ["Ambient", new Color(1.000000, 1.000000, 1.000000, 0.900000)],
        ["DbgRenderBoxes", false],
        ["Height0", 0.000000],
        ["Color0", new Color(0.345098, 0.349020, 0.372549, 1.000000)],
        ["Height1", 0.080000],
        ["Color1", new Color(0.490196, 0.525490, 0.541176, 1.000000)],
        ["Height2", 0.200000],
        ["Color2", new Color(0.749020, 0.737255, 0.709804, 1.000000)],
        ["Height3", 0.500000],
        ["Color3", new Color(0.709804, 0.709804, 0.725490, 1.000000)],
        ["Height4", 0.700000],
        ["Color4", new Color(0.674510, 0.670588, 0.643137, 1.000000)],
        ["Matid0", ["Mtr_c", "Mtr_d", "Mtr_e", "Mtr_5"]],
        ["Matid1", ["Mtr_6", "Mtr_4", "Mtr_a", "Mtr_b"]],
        ["Matid2", ["Mtr_4", "Mtr_6", "Mtr_5", "Mtr_d"]],
        ["Matid3", ["Mtr_4", "Mtr_b", "Mtr_3"]],
        ["Matid4", ["Mtr_3", "Mtr_b", "Mtr_4"]],
        ["Size0", 0.700000],
        ["Size1", 1.000000],
        ["Size2", 1.000000],
        ["Size3", 1.000000],
        ["Size4", 1.000000],
        ["Dens0", 0.700000],
        ["Dens1", 0.300000],
        ["Dens2", 0.200000],
        ["Dens3", 0.100000],
        ["Dens4", 0.100000],
        ["Boxes", [[new Vector(0.000000, 0.000000, 0.000000), new Vector(2000.000000, 1500.000000, 250.000000)], [new Vector(0.000000, 0.000000, 500.000000), new Vector(1000.000000, 1000.000000, 1500.000000)], [new Vector(-1000.000000, -600.000000, 250.000000), new Vector(800.000000, 1000.000000, 500.000000)], [new Vector(1000.000000, -800.000000, 150.000000), new Vector(1500.000000, 1500.000000, 250.000000)], [new Vector(1000.000000, 800.000000, -50.000000), new Vector(800.000000, 800.000000, 250.000000)], [new Vector(0.000000, -1500.000000, 100.000000), new Vector(1000.000000, 1500.000000, 200.000000)]]]
      ]
    ],

    [
      "MainPlayerUnit",
      "GameObject",
      "CUh1bUnit",
      new Matrix(
          0.997756, 0.066854, -0.003497, 13958.010742,
          -0.066917, 0.997503, -0.022579, 57472.613281,
          0.001979, 0.022762, 0.999739, 584.590637,
          0.000000, 0.000000, 0.000000, 1.000000
        ),
      [
        ["IsPlayer", true],
        ["IsManual", true],
        ["Affiliation", "FRIEND"],
        ["PilotObject", "CAmericanPilotQuadeUnit"],
        ["LeftGunnerObject", "CAmericanGunnerUnit"],
        ["RightGunnerObject", "CAmericanGunnerUnit"],
        ["BehRadarMask", [["ENEMY", "MainMesh"], ["FRIEND", "NEUTRAL"]]],
        ["Task", "CHeliFireControlTask"]
      ]
    ],

    [
      "MainPlayerUnit_Wingman",
      "GameObject",
      "CUh1bUnit",
      new Matrix(
          0.998514, 0.050568, -0.020330, 13958.776367,
          -0.050619, 0.998716, -0.002010, 57499.707031,
          0.020202, 0.003036, 0.999791, 584.538574,
          0.000000, 0.000000, 0.000000, 1.000000
        ),
      [
        ["Affiliation", "FRIEND"],
        ["Task", "C1M7WingmanTask"],
        ["IsPlayer", true],
        ["MultiPlayer", true],
        ["WingmanSlot", 0],
        ["InstantWingman", true],
        ["WingmanRank", 0],
        ["LeaderID", "MainPlayerUnit"],
        ["HomePoint", ""],
        ["Location", "Duc_Co_HeliPad_4"],
        ["Weapon", [0, 0, 0, 0, 0, 0]],
        ["HitPoints", -1.000000],
        ["BehRadarMask", [[], ["FRIEND", "NEUTRAL"]]],
        ["MinDifficulty", 0],
        ["PilotObject", "CAmericanPilotUnit"],
        ["CoPilotObject", "CAmericanPilotUnit"],
        ["LeftGunnerObject", "CAmericanGunnerUnit"],
        ["RightGunnerObject", "CAmericanGunnerUnit"]
      ]
    ],

    [
      "Thang_Khyng_Tent_1",
      "InteriorObject",
      "CTentUnit",
      new Matrix(
          -0.259053, -0.965863, 0.000000, 38983.871094,
          0.965863, -0.259053, 0.000000, 63208.542969,
          0.000000, 0.000000, 1.000000, 839.066956,
          0.000000, 0.000000, 0.000000, 1.000000
        ),
      [
      ]
    ],

    [
      "Thang_Khyng_Tent_2",
      "InteriorObject",
      "CTentUnit",
      new Matrix(
          -0.259053, -0.965863, 0.000000, 38999.902344,
          0.965863, -0.259053, 0.000000, 63203.820313,
          0.000000, 0.000000, 1.000000, 839.610657,
          0.000000, 0.000000, 0.000000, 1.000000
        ),
      [
      ]
    ],

    [
      "Thang_Khyng_Rooft_1",
      "InteriorObject",
      "CRoofUnit",
      new Matrix(
          0.943814, -0.330478, 0.000000, 38982.343750,
          0.330478, 0.943814, 0.000000, 63173.500000,
          0.000000, 0.000000, 1.000000, 838.879822,
          0.000000, 0.000000, 0.000000, 1.000000
        ),
      [
      ]
    ],

    [
      "Thang_Khyng_Rooft_2",
      "InteriorObject",
      "CRoofUnit",
      new Matrix(
          0.943814, -0.330478, 0.000000, 38975.460938,
          0.330478, 0.943814, 0.000000, 63147.687500,
          0.000000, 0.000000, 1.000000, 839.312134,
          0.000000, 0.000000, 0.000000, 1.000000
        ),
      [
      ]
    ],

    [
      "Thang_Khyng_WatchTower_1",
      "InteriorObject",
      "CWatchTowerUnit",
      new Matrix(
          0.943814, -0.330478, 0.000000, 39042.730469,
          0.330478, 0.943814, 0.000000, 63113.179688,
          0.000000, 0.000000, 1.000000, 841.621033,
          0.000000, 0.000000, 0.000000, 1.000000
        ),
      [
      ]
    ],

    [
      "Thang_Khyng_WatchTower_2",
      "InteriorObject",
      "CWatchTowerUnit",
      new Matrix(
          0.943787, -0.330554, 0.000000, 38910.015625,
          0.330554, 0.943787, 0.000000, 63150.238281,
          0.000000, 0.000000, 1.000000, 841.845947,
          0.000000, 0.000000, 0.000000, 1.000000
        ),
      [
      ]
    ],

    [
      "Thang_Khyng_WatchTower_3",
      "InteriorObject",
      "CWatchTowerUnit",
      new Matrix(
          0.943814, -0.330478, 0.000000, 39055.648438,
          0.330478, 0.943814, 0.000000, 63281.171875,
          0.000000, 0.000000, 1.000000, 840.822266,
          0.000000, 0.000000, 0.000000, 1.000000
        ),
      [
      ]
    ],

    [
      "Thang_Khyng_HouseBig_1",
      "InteriorObject",
      "CVietnameseHouseBigUnit",
      new Matrix(
          -0.937884, 0.346950, 0.000000, 38927.937500,
          -0.346950, -0.937884, 0.000000, 63124.359375,
          0.000000, 0.000000, 1.000000, 843.840881,
          0.000000, 0.000000, 0.000000, 1.000000
        ),
      [
      ]
    ],

    [
      "Thang_Khyng_HouseBig_2",
      "InteriorObject",
      "CVietnameseHouseBigUnit",
      new Matrix(
          0.945286, -0.326243, 0.000000, 38994.878906,
          0.326243, 0.945286, 0.000000, 63102.914063,
          0.000000, 0.000000, 1.000000, 842.930481,
          0.000000, 0.000000, 0.000000, 1.000000
        ),
      [
      ]
    ],

    [
      "NavPoint_XRay",
      "NavPoint",
      "CZAxisCylNavPoint",
      new Matrix(
          -0.005624, 0.999984, 0.000000, 22685.988281,
          -0.999984, -0.005624, 0.000000, 29874.361328,
          0.000000, 0.000000, 1.000000, 338.727600,
          0.000000, 0.000000, 0.000000, 1.000000
        ),
      [
        ["Name", "CC1M7Mission_Strings::str_NavPoint_XRAY"],
        ["Range", 5.000000],
        ["PositionType", "Ground"],
        ["MapCompass", true]
      ]
    ],

    [
      "NavPoint_YT837078",
      "NavPoint",
      "CZAxisCylNavPoint",
      new Matrix(
         0.003002, -0.999995, 0.000000, 14568.616211,
          0.999995, 0.003002, 0.000000, 41626.890625,
          0.000000, 0.000000, 1.000000, 328.536316,
          0.000000, 0.000000, 0.000000, 1.000000        ),
      [
        ["Name", "CC1M7Mission_Strings::str_NavPoint_YT837078"],
        ["IsVisible", true],
        ["PositionType", "GROUND"],
        ["Range", 1.000000]
      ]
    ],

    [                                                                //added navpoint
      "NavPoint_LZ_Albany",
      "NavPoint",
      "CZAxisCylNavPoint",
      new Matrix(
           0.981406, -0.191942, 0.000000, 27688.201172,
          0.191942, 0.981406, 0.000000, 39036.488281,
          0.000000, 0.000000, 1.000000, 398.622223,
          0.000000, 0.000000, 0.000000, 1.000000
        ),
      [
        ["Name", "CC1M7Mission_Strings::str_NavPoint_LZ_Albany"],
        ["IsVisible", true],
        ["Range", 50.000000]

      ]
    ],


    [
      "NavPoint_LZ_Falcon",
      "NavPoint",
      "CZAxisCylNavPoint",
      new Matrix(
          -0.005624, 0.999984, 0.000000, 32173.267578,
          -0.999984, -0.005624, 0.000000, 35914.589844,
          0.000000, 0.000000, 1.000000, 241.039795,
          0.000000, 0.000000, 0.000000, 1.000000
        ),
      [
        ["Name", "CC1M7Mission_Strings::str_NavPoint_LZ_Falcon"],
        ["IsVisible", true],
        ["Range", 5.000000],
        ["IsMain", true]
      ]
    ],

    [
      "NavPoint_Village_Plei_Tpang",
      "NavPoint",
      "CZAxisCylNavPoint",
      new Matrix(
          -0.144264, -0.989539, 0.000000, 42203.199219,
          0.989539, -0.144264, 0.000000, 41310.308594,
          0.000000, 0.000000, 1.000000, 523.544617,
          0.000000, 0.000000, 0.000000, 1.000000
        ),
      [
        ["Range", 50.000000],
        ["PositionType", "Ground"]
      ]
    ],

    [
      "NavPoint_Village_Tisre",
      "NavPoint",
      "CZAxisCylNavPoint",
      new Matrix(
          -0.005624, 0.999984, 0.000000, 65006.472656,
          -0.999984, -0.005624, 0.000000, 48844.601563,
          0.000000, 0.000000, 1.000000, 543.771729,
          0.000000, 0.000000, 0.000000, 1.000000
        ),
      [
        ["Range", 50.000000]
      ]
    ],

    [
      "NavPoint_Village_Chu_Pong",
      "NavPoint",
      "CZAxisCylNavPoint",
      new Matrix(
          -0.005624, 0.999984, 0.000000, 19265.523438,
          -0.999984, -0.005624, 0.000000, 27948.984375,
          0.000000, 0.000000, 1.000000, 448.929688,
          0.000000, 0.000000, 0.000000, 1.000000
        ),
      [
        ["Range", 50.000000],
        ["PositionType", "Ground"]
      ]
    ],

    [
      "NavPoint_Village_Thy_Prong",
      "NavPoint",
      "CZAxisCylNavPoint",
      new Matrix(
          -0.005624, 0.999984, 0.000000, 39449.312500,
          -0.999984, -0.005624, 0.000000, 52677.812500,
          0.000000, 0.000000, 1.000000, 735.188354,
          0.000000, 0.000000, 0.000000, 1.000000
        ),
      [
        ["Range", 50.000000],
        ["PositionType", "Ground"]
      ]
    ],

    [
      "NavPoint_Village_Thang_Khyng",
      "NavPoint",
      "CZAxisCylNavPoint",
      new Matrix(
          -0.005624, 0.999984, 0.000000, 39080.773438,
          -0.999984, -0.005624, 0.000000, 63120.390625,
          0.000000, 0.000000, 1.000000, 842.502930,
          0.000000, 0.000000, 0.000000, 1.000000
        ),
      [
        ["Range", 50.000000],
        ["PositionType", "Ground"]
      ]
    ],

    [
      "NavPoint_Village_Plei_Le_Tatt",
      "NavPoint",
      "CZAxisCylNavPoint",
      new Matrix(
          -0.144264, -0.989539, 0.000000, 45866.824219,
          0.989539, -0.144264, 0.000000, 42953.054688,
          0.000000, 0.000000, 1.000000, 625.288879,
          0.000000, 0.000000, 0.000000, 1.000000
        ),
      [
        ["Range", 50.000000],
        ["PositionType", "Ground"]
      ]
    ],

    [
      "NavPoint_Village_Hbong",
      "NavPoint",
      "CZAxisCylNavPoint",
      new Matrix(
          -0.005624, 0.999984, 0.000000, 74133.148438,
          -0.999984, -0.005624, 0.000000, 48429.683594,
          0.000000, 0.000000, 1.000000, 447.390900,
          0.000000, 0.000000, 0.000000, 1.000000
        ),
      [
        ["Range", 50.000000],
        ["PositionType", "Ground"]
      ]
    ],

    [
      "NavPoint_Village_Baukan",
      "NavPoint",
      "CZAxisCylNavPoint",
      new Matrix(
          -0.005624, 0.999984, 0.000000, 55856.898438,
          -0.999984, -0.005624, 0.000000, 70109.515625,
          0.000000, 0.000000, 1.000000, 1293.483032,
          0.000000, 0.000000, 0.000000, 1.000000
        ),
      [
        ["Range", 50.000000],
        ["PositionType", "Ground"]
      ]
    ],

    [
      "NavPoint_Village_Plei_Xame",
      "NavPoint",
      "CZAxisCylNavPoint",
      new Matrix(
          -0.144264, -0.989539, 0.000000, 46417.007813,
          0.989539, -0.144264, 0.000000, 45127.914063,
          0.000000, 0.000000, 1.000000, 667.835449,
          0.000000, 0.000000, 0.000000, 1.000000
        ),
      [
        ["Range", 50.000000],
        ["PositionType", "Ground"]
      ]
    ],

    [
      "NavPoint_Village_Plei_Me",
      "NavPoint",
      "CZAxisCylNavPoint",
      new Matrix(
          -0.005624, 0.999984, 0.000000, 44866.000000,
          -0.999984, -0.005624, 0.000000, 38576.675781,
          0.000000, 0.000000, 1.000000, 571.570251,
          0.000000, 0.000000, 0.000000, 1.000000
        ),
      [
        ["Name", "CC1M7Mission_Strings::str_NavPoint_Plei_Me"],
        ["IsVisible", true],
        ["Range", 50.000000],
        ["PositionType", "Ground"]
      ]
    ],

    [
      "NavPoint_Plei_Me_Base",
      "NavPoint",
      "CZAxisCylNavPoint",
      new Matrix(
          -0.542518, -0.840044, 0.000000, 43718.421875,
          0.840044, -0.542518, 0.000000, 37966.511719,
          0.000000, 0.000000, 1.000000, 371.996246,
          0.000000, 0.000000, 0.000000, 1.000000
        ),
      [
        ["Range", 5.000000],
        ["Detect", true],
        ["Mask", [["HELI", "MainMesh"], []]],
        ["MapCompass", true],
        ["IsMain", true],
        ["Name", "CC1M7Mission_Strings::str_NavPoint_Plei_Me"]
      ]
    ],

    [
      "NavPoint_Village_Plei_Kuenh_Xom",
      "NavPoint",
      "CZAxisCylNavPoint",
      new Matrix(
          -0.144264, -0.989539, 0.000000, 40105.472656,
          0.989539, -0.144264, 0.000000, 46125.152344,
          0.000000, 0.000000, 1.000000, 619.538635,
          0.000000, 0.000000, 0.000000, 1.000000
        ),
      [
        ["Range", 50.000000],
        ["PositionType", "Ground"]
      ]
    ],

    [
      "NavPoint_Village_Plei_Xorr",
      "NavPoint",
      "CZAxisCylNavPoint",
      new Matrix(
          -0.144264, -0.989539, 0.000000, 39560.835938,
          0.989539, -0.144264, 0.000000, 43530.171875,
          0.000000, 0.000000, 1.000000, 482.507721,
          0.000000, 0.000000, 0.000000, 1.000000
        ),
      [
        ["Range", 50.000000],
        ["PositionType", "Ground"]
      ]
    ],

    [
      "NavPoint_Village_Plei_Kuing_Xorr",
      "NavPoint",
      "CZAxisCylNavPoint",
      new Matrix(
          -0.144264, -0.989539, 0.000000, 37670.605469,
          0.989539, -0.144264, 0.000000, 44815.093750,
          0.000000, 0.000000, 1.000000, 592.737427,
          0.000000, 0.000000, 0.000000, 1.000000
        ),
      [
        ["Range", 50.000000],
        ["PositionType", "Ground"]
      ]
    ],

    [
      "NavPoint_Village_Plei_Ya_Breng",
      "NavPoint",
      "CZAxisCylNavPoint",
      new Matrix(
          -0.144264, -0.989539, 0.000000, 34304.640625,
          0.989539, -0.144264, 0.000000, 45853.070313,
          0.000000, 0.000000, 1.000000, 568.177490,
          0.000000, 0.000000, 0.000000, 1.000000
        ),
      [
        ["Range", 50.000000],
        ["PositionType", "Ground"]
      ]
    ],

    [
      "NavPoint_Village_Plei_Bon_Ga",
      "NavPoint",
      "CZAxisCylNavPoint",
      new Matrix(
          -0.144264, -0.989539, 0.000000, 35443.945313,
          0.989539, -0.144264, 0.000000, 47459.929688,
          0.000000, 0.000000, 1.000000, 639.794189,
          0.000000, 0.000000, 0.000000, 1.000000
        ),
      [
        ["Range", 50.000000],
        ["PositionType", "Ground"]
      ]
    ],

    [
      "NavPoint_Village_Plei_Yeute",
      "NavPoint",
      "CZAxisCylNavPoint",
      new Matrix(
          -0.144264, -0.989539, 0.000000, 45013.351563,
          0.989539, -0.144264, 0.000000, 47511.656250,
          0.000000, 0.000000, 1.000000, 753.317261,
          0.000000, 0.000000, 0.000000, 1.000000
        ),
      [
        ["Range", 50.000000],
        ["PositionType", "Ground"]
      ]
    ],

    [
      "NavPoint_Village_Plei_Iang",
      "NavPoint",
      "CZAxisCylNavPoint",
      new Matrix(
          -0.144264, -0.989539, 0.000000, 50495.265625,
          0.989539, -0.144264, 0.000000, 40556.367188,
          0.000000, 0.000000, 1.000000, 708.940247,
          0.000000, 0.000000, 0.000000, 1.000000
        ),
      [
        ["Range", 50.000000],
        ["PositionType", "Ground"]
      ]
    ],

    [
      "NavPoint_Village_Plei_Deu_Ngal",
      "NavPoint",
      "CZAxisCylNavPoint",
      new Matrix(
          -0.144264, -0.989539, 0.000000, 50842.863281,
          0.989539, -0.144264, 0.000000, 46985.875000,
          0.000000, 0.000000, 1.000000, 765.973450,
          0.000000, 0.000000, 0.000000, 1.000000
        ),
      [
        ["Range", 50.000000],
        ["PositionType", "Ground"]
      ]
    ],

    [
      "NavPoint_Village_Plei_Torr",
      "NavPoint",
      "CZAxisCylNavPoint",
      new Matrix(
          -0.144264, -0.989539, 0.000000, 50256.664063,
          0.989539, -0.144264, 0.000000, 50427.734375,
          0.000000, 0.000000, 1.000000, 802.964905,
          0.000000, 0.000000, 0.000000, 1.000000
        ),
      [
        ["Range", 50.000000],
        ["PositionType", "Ground"]
      ]
    ],

    [
      "NavPoint_Village_Plei_Ton_Agne",
      "NavPoint",
      "CZAxisCylNavPoint",
      new Matrix(
          -0.144264, -0.989539, 0.000000, 52686.937500,
          0.989539, -0.144264, 0.000000, 52318.488281,
          0.000000, 0.000000, 1.000000, 929.442261,
          0.000000, 0.000000, 0.000000, 1.000000
        ),
      [
        ["Range", 50.000000],
        ["PositionType", "Ground"]
      ]
    ],

    [
      "NavPoint_Village_Plai_Tpang",
      "NavPoint",
      "CZAxisCylNavPoint",
      new Matrix(
          -0.144264, -0.989539, 0.000000, 41211.136719,
          0.989539, -0.144264, 0.000000, 35881.777344,
          0.000000, 0.000000, 1.000000, 509.688416,
          0.000000, 0.000000, 0.000000, 1.000000
        ),
      [
        ["Range", 50.000000],
        ["PositionType", "Ground"]
      ]
    ],

    [
      "NavPoint_Village_Plei_Le_Ngo",
      "NavPoint",
      "CZAxisCylNavPoint",
      new Matrix(
          -0.144264, -0.989539, 0.000000, 53061.765625,
          0.989539, -0.144264, 0.000000, 44411.597656,
          0.000000, 0.000000, 1.000000, 768.229431,
          0.000000, 0.000000, 0.000000, 1.000000
        ),
      [
        ["Range", 50.000000],
        ["PositionType", "Ground"]
      ]
    ],

    [
      "NavPoint_Village_Plei_Le_Haite",
      "NavPoint",
      "CZAxisCylNavPoint",
      new Matrix(
          -0.144264, -0.989539, 0.000000, 53101.082031,
          0.989539, -0.144264, 0.000000, 43401.730469,
          0.000000, 0.000000, 1.000000, 769.762695,
          0.000000, 0.000000, 0.000000, 1.000000
        ),
      [
        ["Range", 50.000000],
        ["PositionType", "Ground"]
      ]
    ],

    [
      "NavPoint_Village_Plei_Tenau",
      "NavPoint",
      "CZAxisCylNavPoint",
      new Matrix(
          -0.144264, -0.989539, 0.000000, 30972.378906,
          0.989539, -0.144264, 0.000000, 45276.093750,
          0.000000, 0.000000, 1.000000, 541.907471,
          0.000000, 0.000000, 0.000000, 1.000000
        ),
      [
        ["Range", 50.000000],
        ["PositionType", "Ground"]
      ]
    ],

    [
      "NavPoint_Village_Plei_Gong_Prompt",
      "NavPoint",
      "CZAxisCylNavPoint",
      new Matrix(
          -0.144264, -0.989539, 0.000000, 30743.763672,
          0.989539, -0.144264, 0.000000, 47676.570313,
          0.000000, 0.000000, 1.000000, 589.201416,
          0.000000, 0.000000, 0.000000, 1.000000
        ),
      [
        ["Range", 50.000000],
        ["PositionType", "Ground"]
      ]
    ],

    [
      "NavPoint_Village_Plei_Gong_La",
      "NavPoint",
      "CZAxisCylNavPoint",
      new Matrix(
          -0.144264, -0.989539, 0.000000, 30130.986328,
          0.989539, -0.144264, 0.000000, 49724.664063,
          0.000000, 0.000000, 1.000000, 495.068115,
          0.000000, 0.000000, 0.000000, 1.000000
        ),
      [
        ["Range", 50.000000],
        ["PositionType", "Ground"]
      ]
    ],

    [
      "NavPoint_Village_Plei_Kuenh_Ya_Tong",
      "NavPoint",
      "CZAxisCylNavPoint",
      new Matrix(
          -0.144264, -0.989539, 0.000000, 31546.552734,
          0.989539, -0.144264, 0.000000, 52182.554688,
          0.000000, 0.000000, 1.000000, 607.609863,
          0.000000, 0.000000, 0.000000, 1.000000
        ),
      [
        ["Range", 50.000000],
        ["PositionType", "Ground"]
      ]
    ],

    [
      "NavPoint_Village_Plei_Gao_Lang",
      "NavPoint",
      "CZAxisCylNavPoint",
      new Matrix(
          -0.144264, -0.989539, 0.000000, 30896.333984,
          0.989539, -0.144264, 0.000000, 54821.902344,
          0.000000, 0.000000, 1.000000, 609.365723,
          0.000000, 0.000000, 0.000000, 1.000000
        ),
      [
        ["Range", 50.000000],
        ["PositionType", "Ground"]
      ]
    ],

    [
      "NavPoint_Village_Plei_Kueng_Ya_Tong",
      "NavPoint",
      "CZAxisCylNavPoint",
      new Matrix(
          -0.144264, -0.989539, 0.000000, 33805.566406,
          0.989539, -0.144264, 0.000000, 52783.160156,
          0.000000, 0.000000, 1.000000, 646.376648,
          0.000000, 0.000000, 0.000000, 1.000000
        ),
      [
        ["Range", 50.000000],
        ["PositionType", "Ground"]
      ]
    ],

    [
      "All_Thang_Khyng_HouseBig_1",
      "ObjectsGroup",
      "CObjectsGroup",
      new Matrix(
          -0.937884, 0.346949, 0.000000, 38996.945313,
          -0.346949, -0.937884, 0.000000, 63177.515625,
          0.000000, 0.000000, 1.000000, 843.886780,
          0.000000, 0.000000, 0.000000, 1.000000
        ),
      [
        ["Contents", []]
      ]
    ],

    [
      "Thang_Khyng_House_Group_2_2",
      "InteriorObject",
      "CRoofUnit",
      new Matrix(
          0.893826, -0.448413, 0.000000, 38912.910156,
          0.448413, 0.893826, 0.000000, 63250.718750,
          0.000000, 0.000000, 1.000000, 836.638123,
          0.000000, 0.000000, 0.000000, 1.000000
        ),
      [
      ]
    ],

    [
      "Thang_Khyng_House_Group_2_5",
      "InteriorObject",
      "CTentUnit",
      new Matrix(
          0.886091, -0.463511, 0.000000, 38934.476563,
          0.463511, 0.886091, 0.000000, 63263.300781,
          0.000000, 0.000000, 1.000000, 837.163513,
          0.000000, 0.000000, 0.000000, 1.000000
        ),
      [
      ]
    ],

    [
      "Thang_Khyng_House_Group_2_4",
      "InteriorObject",
      "CTentUnit",
      new Matrix(
          0.886091, -0.463511, 0.000000, 38943.167969,
          0.463511, 0.886091, 0.000000, 63267.875000,
          0.000000, 0.000000, 1.000000, 837.352173,
          0.000000, 0.000000, 0.000000, 1.000000
        ),
      [
      ]
    ],

    [
      "Thang_Khyng_House_Group_2_3",
      "InteriorObject",
      "CVietnameseHouseSmallUnit",
      new Matrix(
          -0.447205, -0.894431, 0.000000, 38885.921875,
          0.894431, -0.447205, 0.000000, 63240.011719,
          0.000000, 0.000000, 1.000000, 839.539978,
          0.000000, 0.000000, 0.000000, 1.000000
        ),
      [
      ]
    ],

    [
      "Thang_Khyng_HouseGroup_2",
      "ObjectsGroup",
      "CObjectsGroup",
      new Matrix(
          -0.688243, 0.725480, 0.000000, 38973.257813,
          -0.725480, -0.688243, 0.000000, 63270.558594,
          0.000000, 0.000000, 1.000000, 828.849915,
          0.000000, 0.000000, 0.000000, 1.000000
        ),
      [
        ["Contents", []]
      ]
    ],

    [
      "Thang_Khyng_House_Group_2_6",
      "InteriorObject",
      "CVietnameseHouseBigUnit",
      new Matrix(
          -0.688243, 0.725480, 0.000000, 38982.906250,
          -0.725480, -0.688243, 0.000000, 63334.421875,
          0.000000, 0.000000, 1.000000, 837.972839,
          0.000000, 0.000000, 0.000000, 1.000000
        ),
      [
      ]
    ],

    [
      "Thang_Khyng_House_Group_2_7",
      "InteriorObject",
      "CVietnameseHouseSmallPileUnit",
      new Matrix(
          -0.688243, 0.725480, 0.000000, 39060.570313,
          -0.725480, -0.688243, 0.000000, 63300.851563,
          0.000000, 0.000000, 1.000000, 812.957153,
          0.000000, 0.000000, 0.000000, 1.000000
        ),
      [
      ]
    ],

    [
      "Thang_Khyng_House_Group_2_1",
      "InteriorObject",
      "CVietnameseGranaryPileUnit",
      new Matrix(
          -0.688243, 0.725480, 0.000000, 38995.148438,
          -0.725480, -0.688243, 0.000000, 63285.531250,
          0.000000, 0.000000, 1.000000, 840.721375,
          0.000000, 0.000000, 0.000000, 1.000000
        ),
      [
      ]
    ],

    [
      "Thang_Khyng_HouseGroup_1_1",
      "InteriorObject",
      "CTOCUnit",
      new Matrix(
          -0.008135, 0.999967, 0.000000, 39191.828125,
          -0.999967, -0.008135, 0.000000, 63162.113281,
          0.000000, 0.000000, 1.000000, 846.869202,
          0.000000, 0.000000, 0.000000, 1.000000
        ),
      [
      ]
    ],

    [
      "Thang_Khyng_HouseGroup_1_10",
      "InteriorObject",
      "CBarrelPackAUnit",
      new Matrix(
          0.000129, 0.999094, -0.042562, 39196.742188,
          -0.999982, 0.000384, 0.005978, 63194.902344,
          0.005989, 0.042561, 0.999076, 847.866455,
          0.000000, 0.000000, 0.000000, 1.000000
        ),
      [
        ["SurfaceControl", "PutonGround"]
      ]
    ],

    [
      "Thang_Khyng_HouseGroup_1_11",
      "InteriorObject",
      "CBarrelPackAUnit",
      new Matrix(
          -0.006959, 0.999065, -0.042671, 39181.566406,
          -0.999960, -0.006711, 0.005952, 63193.050781,
          0.005660, 0.042711, 0.999071, 847.233276,
          0.000000, 0.000000, 0.000000, 1.000000
        ),
      [
        ["SurfaceControl", "PutonGround"]
      ]
    ],

    [
      "Thang_Khyng_HouseGroup_1_12",
      "InteriorObject",
      "CBarrelPackAUnit",
      new Matrix(
          -0.004810, 0.999074, -0.042755, 39182.140625,
          -0.999972, -0.004560, 0.005940, 63198.128906,
          0.005740, 0.042782, 0.999068, 847.226990,
          0.000000, 0.000000, 0.000000, 1.000000
        ),
      [
        ["SurfaceControl", "PutonGround"]
      ]
    ],

    [
      "Thang_Khyng_HouseGroup_1_13",
      "InteriorObject",
      "CBarrelPackAUnit",
      new Matrix(
          -0.023791, 0.998533, -0.048641, 39196.347656,
          -0.999705, -0.023525, 0.006019, 63210.261719,
          0.004866, 0.048770, 0.998798, 847.765747,
          0.000000, 0.000000, 0.000000, 1.000000
        ),
      [
        ["SurfaceControl", "PutonGround"]
      ]
    ],

    [
      "Thang_Khyng_HouseGroup_1_14",
      "InteriorObject",
      "CBarrelUnit",
      new Matrix(
          -0.031230, 0.998572, -0.043332, 39161.449219,
          -0.999511, -0.031263, -0.000087, 63168.238281,
          -0.001442, 0.043308, 0.999061, 845.991699,
          0.000000, 0.000000, 0.000000, 1.000000
        ),
      [
        ["SurfaceControl", "PutonGround"]
      ]
    ],

    [
      "Thang_Khyng_HouseGroup_1_2",
      "InteriorObject",
      "CRoofUnit",
      new Matrix(
          -0.013789, 0.999905, 0.000000, 39198.632813,
          -0.999905, -0.013789, 0.000000, 63202.332031,
          0.000000, 0.000000, 1.000000, 847.002441,
          0.000000, 0.000000, 0.000000, 1.000000
        ),
      [
      ]
    ],

    [
      "Thang_Khyng_HouseGroup_1_20",
      "InteriorObject",
      "CWeaponBoxBigUnit",
      new Matrix(
          -0.034590, 0.998488, -0.042721, 39159.671875,
          -0.999391, -0.034366, 0.005974, 63201.207031,
          0.004496, 0.042902, 0.999069, 845.901855,
          0.000000, 0.000000, 0.000000, 1.000000
        ),
      [
        ["SurfaceControl", "PutonGround"]
      ]
    ],

    [
      "Thang_Khyng_HouseGroup_1_21",
      "InteriorObject",
      "CWeaponBoxSmallUnit",
      new Matrix(
          0.022034, 0.998844, -0.042728, 39173.476563,
          -0.999736, 0.022293, 0.005592, 63213.101563,
          0.006538, 0.042594, 0.999071, 845.971863,
          0.000000, 0.000000, 0.000000, 1.000000
        ),
      [
        ["SurfaceControl", "PutonGround"]
      ]
    ],

    [
      "Thang_Khyng_HouseGroup_1_22",
      "InteriorObject",
      "CWeaponBoxSmallUnit",
      new Matrix(
          -0.037938, 0.998356, -0.042959, 39173.546875,
          -0.999271, -0.037718, 0.005912, 63198.457031,
          0.004282, 0.043152, 0.999059, 846.063416,
          0.000000, 0.000000, 0.000000, 1.000000
        ),
      [
        ["SurfaceControl", "PutonGround"]
      ]
    ],

    [
      "Thang_Khyng_HouseGroup_1_23",
      "InteriorObject",
      "CWeaponBoxSmallUnit",
      new Matrix(
          -0.009229, 0.999041, -0.042806, 39183.402344,
          -0.999942, -0.008981, 0.005977, 63208.285156,
          0.005587, 0.042858, 0.999065, 846.422424,
          0.000000, 0.000000, 0.000000, 1.000000
        ),
      [
        ["SurfaceControl", "PutonGround"]
      ]
    ],

    [
      "Thang_Khyng_HouseGroup_1_3",
      "InteriorObject",
      "CRoofUnit",
      new Matrix(
          -0.021327, 0.999772, 0.000000, 39183.285156,
          -0.999772, -0.021327, 0.000000, 63202.394531,
          0.000000, 0.000000, 1.000000, 846.349182,
          0.000000, 0.000000, 0.000000, 1.000000
        ),
      [
      ]
    ],

    [
      "Thang_Khyng_HouseGroup1_1_Plei_Me_Tent30",
      "InteriorObject",
      "CTentUnit",
      new Matrix(
          0.038377, -0.999263, 0.000000, 39199.199219,
          0.999263, 0.038377, 0.000000, 63233.949219,
          0.000000, 0.000000, 1.000000, 846.884460,
          0.000000, 0.000000, 0.000000, 1.000000
        ),
      [
      ]
    ],

    [
      "Thang_Khyng_HouseGroup1_1_Plei_Me_Tent31",
      "InteriorObject",
      "CTentUnit",
      new Matrix(
          0.038377, -0.999263, 0.000000, 39199.234375,
          0.999263, 0.038377, 0.000000, 63247.550781,
          0.000000, 0.000000, 1.000000, 846.803772,
          0.000000, 0.000000, 0.000000, 1.000000
        ),
      [
      ]
    ],

    [
      "Thang_Khyng_HouseGroup_1",
      "ObjectsGroup",
      "CObjectsGroup",
      new Matrix(
          -0.688243, 0.725480, 0.000000, 39192.109375,
          -0.725480, -0.688243, 0.000000, 63198.179688,
          0.000000, 0.000000, 1.000000, 847.868896,
          0.000000, 0.000000, 0.000000, 1.000000
        ),
      [
        ["Contents", []]
      ]
    ],

    [
      "Baukan_Tent1_1",
      "InteriorObject",
      "CTentUnit",
      new Matrix(
          -0.037240, 0.999306, 0.000000, 56250.335938,
          -0.999306, -0.037240, 0.000000, 69993.195313,
          0.000000, 0.000000, 1.000000, 1295.728149,
          0.000000, 0.000000, 0.000000, 1.000000
        ),
      [
      ]
    ],

    [
      "Baukan_Tent1_2",
      "InteriorObject",
      "CTentUnit",
      new Matrix(
          -0.037240, 0.999306, 0.000000, 56316.703125,
          -0.999306, -0.037240, 0.000000, 69976.546875,
          0.000000, 0.000000, 1.000000, 1294.403809,
          0.000000, 0.000000, 0.000000, 1.000000
        ),
      [
      ]
    ],

    [
      "Baukan_Tent1_3",
      "InteriorObject",
      "CTentUnit",
      new Matrix(
          -0.037240, 0.999306, 0.000000, 56318.121094,
          -0.999306, -0.037240, 0.000000, 70037.726563,
          0.000000, 0.000000, 1.000000, 1289.461792,
          0.000000, 0.000000, 0.000000, 1.000000
        ),
      [
      ]
    ],

