//-------------------------------------------------------------------
//                                                                   
//  This code is copyright 2001 by G5 Software.                      
//  Any unauthorized usage, either in part or in whole of this code  
//  is strictly prohibited. Violators WILL be prosecuted to the      
//  maximum extent allowed by law.                                   
//                                                                   
//-------------------------------------------------------------------
//                                                                   
//  Automatically-generated mission script file                      
//  DO NOT EDIT!                                                     
//                                                                   
//-------------------------------------------------------------------


class CC2M2Content
{
  static String m_ObjectListClassFile = "Missions/Campaign_2/Mission_2/Content.script";
  static String m_ObjectListClassName = "CC2M2Content";

  static Array  m_MissionObjectList   = [
    [
      "Atmosphere",
      "",
      "",
      new Matrix(
          1.000000, 0.000000, 0.000000, 0.000000,
          0.000000, 1.000000, 0.000000, 0.000000,
          0.000000, 0.000000, 1.000000, 0.000000,
          0.000000, 0.000000, 0.000000, 1.000000
        ),
      [
        ["AmbientLight", new Color(0.372549, 0.372549, 0.372549, 1.000000)],
        ["AntiSunAngle", 60.000000],
        ["AntiSunColor", new Color(0.376471, 0.376471, 0.376471, 1.000000)],
        ["AntiSunIntensity", 0.200000],
        ["EnableHorizontAdjustment", true],
        ["FogColorXPos", new Color(0.650980, 0.760784, 1.000000, 1.000000)],
        ["FogColorXNeg", new Color(0.866667, 0.843137, 1.000000, 1.000000)],
        ["FogColorYPos", new Color(0.733333, 0.819608, 1.000000, 1.000000)],
        ["FogColorYNeg", new Color(0.592157, 0.725490, 1.000000, 1.000000)],
        ["FogDensity", 0.000800],
        ["FogNear", 1000.000000],
        ["FogFar", 1200.000000],
        ["FogFarMax", 3500.000000],
        ["FogMode", "Exp2"],
        ["ShadowColor", new Color(0.607843, 0.607843, 0.607843, 1.000000)],
        ["SunColor", new Color(0.752941, 0.752941, 0.752941, 1.000000)],
        ["SunIntensity", 0.900000],
        ["TreeLightKoef", 2.600000],
        ["TreeNormalRelax", 0.000000],
        ["TreeShadowLodDistance", 25.000000],
        ["AntiSunHorAngle", 90.000000],
        ["StencilShadowColor", new Color(0.603922, 0.603922, 0.603922, 1.000000)],
        ["SunSpecularIntensity", 0.500000],
        ["AntiSunSpecularIntensity", 0.200000],
        ["ShadowFar", 499.999756]
      ]
    ],

    [
      "Terrain",
      "",
      "",
      new Matrix(
          1.000000, 0.000000, 0.000000, 0.000000,
          0.000000, 1.000000, 0.000000, 0.000000,
          0.000000, 0.000000, 1.000000, 0.000000,
          0.000000, 0.000000, 0.000000, 1.000000
        ),
      [
        ["ForestTextureScale", 2.000000],
        ["ForestShadowBorderScale", 0.400000],
        ["ForestShadowAlphaScale", 1.000000],
        ["ForestBeginFadeDist", [1100.000000, 1600.000000]],
        ["IsAntiLighting", true],
        ["VertForestDistMin", 500.000000],
        ["VertForestDistMax", 1300.000000],
        ["VertForestAngleMin", 0.000000],
        ["VertForestAngleMax", 45.000000],
        ["VertForestBeginFadeDist", [250.000000, 410.000000]],
        ["WaterBorderColor", new Color(0.556863, 0.521569, 0.443137, 1.000000)],
        ["WaterFresnelPower", 3.500000],
        ["NormalNoise", 0.300000],
        ["ReflectDistortion", 0.050000],
        ["ReflectTextureShift", 0.000000],
        ["WaterColor", new Color(0.478431, 0.415686, 0.243137, 1.000000)],
        ["WaterTexScale", 4.000000],
        ["WaterMicroTexScale", 32.000000],
        ["BumpSlopeness", 1.000000],
        ["WaterBorderScale", 0.200000],
        ["BorderOffset", 0.000000],
        ["ClipPlaneShift", 0.000000],
        ["WaterPenaTexScale", 0.100000],
        ["WaterPenaBorderScale", 20.000000],
        ["WaterClearColor", new Color(0.749020, 0.768627, 0.815686, 1.000000)],
        ["ForestBorderScale", 0.500000],
        ["ForestAlphaScale", 1.600000],
        ["ForestLightFadeDist", [710.000000, 2010.000000]],
        ["FakeForestBeginFadeDist", [50.000000, 210.000000]],
        ["FakeForestLightFadeDist", [710.000000, 810.000000]],
        ["TerrainShadowPower", 3.000000]
      ]
    ],

    [
      "MainPlayerUnit",
      "GameObject",
      "CTankPzVITigerE1Unit",
      new Matrix(
          -0.561571, 0.827253, -0.017039, 4966.470215,
          -0.825406, -0.561518, -0.058330, 10491.109375,
          -0.057822, -0.018693, 0.998152, 572.576294,
          0.000000, 0.000000, 0.000000, 1.000000
        ),
      [
        ["IsPlayer", true],
        ["IsManual", true],
        ["Affiliation", "FRIEND"],
        ["SurfaceControl", "None"],
        ["Number", "111"],
        ["K_RINGS", "4"],
        ["Flag", false],
        ["Markings", ""]
      ]
    ],

    [
      "Village_Viso4ani_USRCorralWood_1",
      "InteriorObject",
      "CUSRCorralWoodUnit",
      new Matrix(
          0.460278, -0.887775, 0.000000, 4847.371094,
          0.887775, 0.460278, 0.000000, 6800.296875,
          0.000000, 0.000000, 1.000000, 578.172729,
          0.000000, 0.000000, 0.000000, 1.000000
        ),
      [
        ["SurfaceControl", "PutonGround"],
        ["HitPoints", 200.000000],
        ["Affiliation", "NEUTRAL"],
        ["Route", []],
        ["ShadowPlaneOffset", 0.050000],
        ["FakeShadowOffset", 0.090000]
      ]
    ],

    [
      "Village_Viso4ani_USRHouseWood_1",
      "InteriorObject",
      "CUSRHouseWoodUnit",
      new Matrix(
          0.870679, -0.491852, 0.000000, 4869.204590,
          0.491852, 0.870679, 0.000000, 6721.376465,
          0.000000, 0.000000, 1.000000, 583.981750,
          0.000000, 0.000000, 0.000000, 1.000000
        ),
      [
        ["SurfaceControl", "PutonGround"],
        ["HitPoints", 100.000000],
        ["Affiliation", "NEUTRAL"],
        ["Route", []],
        ["ShadowPlaneOffset", 0.050000],
        ["FakeShadowOffset", 0.090000]
      ]
    ],

    [
      "Village_Viso4ani_USRShedWood_1",
      "InteriorObject",
      "CUSRShedWoodUnit",
      new Matrix(
          0.460278, -0.887775, 0.000000, 4832.204590,
          0.887775, 0.460278, 0.000000, 6787.263184,
          0.000000, 0.000000, 1.000000, 579.669067,
          0.000000, 0.000000, 0.000000, 1.000000
        ),
      [
        ["SurfaceControl", "PutonGround"],
        ["HitPoints", 100.000000],
        ["Affiliation", "NEUTRAL"],
        ["Route", []],
        ["ShadowPlaneOffset", 0.050000],
        ["FakeShadowOffset", 0.090000]
      ]
    ],

    [
      "NavPoint_Village_Viso4ani",
      "NavPoint",
      "CZAxisCylNavPoint",
      new Matrix(
          -0.874087, 0.485769, 0.000000, 4846.942871,
          -0.485769, -0.874087, 0.000000, 6752.286133,
          0.000000, 0.000000, 1.000000, 582.567749,
          0.000000, 0.000000, 0.000000, 1.000000
        ),
      [
        ["Range", 1.000000]
      ]
    ],

    [
      "Village_Kurtenki1",
      "ObjectsGroup",
      "CObjectsGroup",
      new Matrix(
          0.494761, -0.869029, 0.000000, 4862.123535,
          0.869029, 0.494761, 0.000000, 8543.573242,
          0.000000, 0.000000, 1.000000, 582.840515,
          0.000000, 0.000000, 0.000000, 1.000000
        ),
      [
        ["Contents", ["Kurtenki1House1Group", "Kurtenki1House2Group", "Kurtenki1House3Group", "Kurtenki1House4Group", "Kurtenki1House5Group", "Kurtenki1House6Group", "Kurtenki1House7Group", "Kurtenki1House8Group"]]
      ]
    ],

    [
      "Kurtenki1House1",
      "InteriorObject",
      "CUSRHouseWoodUnit",
      new Matrix(
          -0.024447, -0.999520, -0.019027, 4839.939941,
          0.998787, -0.025234, 0.042274, 8576.371094,
          -0.042734, -0.017971, 0.998925, 578.672241,
          0.000000, 0.000000, 0.000000, 1.000000
        ),
      [
        ["SurfaceControl", "PutonGround"]
      ]
    ],

    [
      "Kurtenki1House2",
      "InteriorObject",
      "CUSRHouseWoodUnit",
      new Matrix(
          -0.036438, 0.999051, -0.023875, 4763.471191,
          -0.998238, -0.035268, 0.047721, 8556.396484,
          0.046833, 0.025572, 0.998575, 577.634033,
          0.000000, 0.000000, 0.000000, 1.000000
        ),
      [
        ["SurfaceControl", "PutonGround"]
      ]
    ],

    [
      "Kurtenki1House3",
      "InteriorObject",
      "CUSRHouseWoodUnit",
      new Matrix(
          -0.999884, 0.009066, -0.012250, 4874.552246,
          -0.008975, -0.999932, -0.007453, 8482.671875,
          -0.012317, -0.007343, 0.999897, 581.575500,
          0.000000, 0.000000, 0.000000, 1.000000
        ),
      [
        ["SurfaceControl", "PutonGround"]
      ]
    ],

    [
      "Kurtenki1House4",
      "InteriorObject",
      "CUSRHouseWoodUnit",
      new Matrix(
          0.023489, -0.999518, -0.020274, 4785.428711,
          0.998421, 0.022419, 0.051500, 8537.199219,
          -0.051021, -0.021451, 0.998467, 579.236145,
          0.000000, 0.000000, 0.000000, 1.000000
        ),
      [
        ["SurfaceControl", "PutonGround"]
      ]
    ],

    [
      "Kurtenki1House5",
      "InteriorObject",
      "CUSRHouseWoodUnit",
      new Matrix(
          0.999865, -0.016346, -0.001860, 4851.422852,
          0.016343, 0.999865, -0.001723, 8486.396484,
          0.001888, 0.001692, 0.999997, 581.436646,
          0.000000, 0.000000, 0.000000, 1.000000
        ),
      [
        ["SurfaceControl", "PutonGround"]
      ]
    ],

    [
      "Kurtenki1House6",
      "InteriorObject",
      "CUSRHouseWoodUnit",
      new Matrix(
          -0.023236, -0.999598, -0.016250, 4834.321777,
          0.998909, -0.023872, 0.040127, 8536.689453,
          -0.040498, -0.015300, 0.999062, 580.349976,
          0.000000, 0.000000, 0.000000, 1.000000
        ),
      [
        ["SurfaceControl", "PutonGround"]
      ]
    ],

    [
      "Kurtenki1House1_fence_03",
      "InteriorObject",
      "CFenceWickerUnit",
      new Matrix(
          0.029859, -0.999554, 0.000000, 4866.560547,
          0.999554, 0.029859, 0.000000, 8572.788086,
          0.000000, 0.000000, 1.000000, 579.358398,
          0.000000, 0.000000, 0.000000, 1.000000
        ),
      [
        ["Length", 6],
        ["SurfaceControl", "PutonGround"]
      ]
    ],

    [
      "Kurtenki1House1_fence_06",
      "InteriorObject",
      "CFenceWickerUnit",
      new Matrix(
          -0.999701, -0.024433, 0.000000, 4867.529785,
          0.024433, -0.999701, 0.000000, 8612.484375,
          0.000000, 0.000000, 1.000000, 578.040588,
          0.000000, 0.000000, 0.000000, 1.000000
        ),
      [
        ["Length", 8],
        ["SurfaceControl", "PutonGround"]
      ]
    ],

    [
      "Kurtenki1House1_fence_02",
      "InteriorObject",
      "CFenceWickerUnit",
      new Matrix(
          0.999817, 0.019116, 0.000000, 4852.607422,
          -0.019116, 0.999817, 0.000000, 8573.139648,
          0.000000, 0.000000, 1.000000, 579.053528,
          0.000000, 0.000000, 0.000000, 1.000000
        ),
      [
        ["Length", 7],
        ["SurfaceControl", "PutonGround"]
      ]
    ],

    [
      "Kurtenki1House1_fence_08",
      "InteriorObject",
      "CFenceWickerUnit",
      new Matrix(
          0.000190, 1.000000, 0.000000, 4833.974121,
          -1.000000, 0.000190, 0.000000, 8610.468750,
          0.000000, 0.000000, 1.000000, 577.356995,
          0.000000, 0.000000, 0.000000, 1.000000
        ),
      [
        ["Length", 9],
        ["SurfaceControl", "PutonGround"]
      ]
    ],

    [
      "Kurtenki1House6_fence_10",
      "InteriorObject",
      "CFenceWickerUnit",
      new Matrix(
          0.005250, -0.999986, 0.000000, 4855.510742,
          0.999986, 0.005250, 0.000000, 8490.433594,
          0.000000, 0.000000, 1.000000, 581.451477,
          0.000000, 0.000000, 0.000000, 1.000000
        ),
      [
        ["Length", 8],
        ["SurfaceControl", "PutonGround"]
      ]
    ],

    [
      "Kurtenki1House6_fence_03",
      "InteriorObject",
      "CFenceWickerUnit",
      new Matrix(
          -0.007127, 0.999975, 0.000000, 4813.932617,
          -0.999975, -0.007127, 0.000000, 8539.375977,
          0.000000, 0.000000, 1.000000, 579.811218,
          0.000000, 0.000000, 0.000000, 1.000000
        ),
      [
        ["Length", 9],
        ["SurfaceControl", "PutonGround"]
      ]
    ],

    [
      "Kurtenki1House6_fence_13",
      "InteriorObject",
      "CFenceWickerUnit",
      new Matrix(
          -0.999664, -0.025936, 0.000000, 4855.812012,
          0.025936, -0.999664, 0.000000, 8538.291992,
          0.000000, 0.000000, 1.000000, 580.556213,
          0.000000, 0.000000, 0.000000, 1.000000
        ),
      [
        ["Length", 5],
        ["SurfaceControl", "PutonGround"]
      ]
    ],

    [
      "Kurtenki1House6_fence_01",
      "InteriorObject",
      "CFenceWickerUnit",
      new Matrix(
          -0.999929, -0.011948, 0.000000, 4829.942871,
          0.011948, -0.999929, 0.000000, 8539.111328,
          0.000000, 0.000000, 1.000000, 580.177795,
          0.000000, 0.000000, 0.000000, 1.000000
        ),
      [
        ["Length", 9],
        ["SurfaceControl", "PutonGround"]
      ]
    ],

    [
      "Kurtenki1House6_Shed",
      "InteriorObject",
      "CUSRShedWoodUnit",
      new Matrix(
          0.029230, 0.999554, -0.006164, 4849.880859,
          -0.999306, 0.029364, 0.022923, 8520.757813,
          0.023093, 0.005489, 0.999718, 581.015930,
          0.000000, 0.000000, 0.000000, 1.000000
        ),
      [
        ["SurfaceControl", "PutonGround"]
      ]
    ],

    [
      "Kurtenki1House3_Corral",
      "InteriorObject",
      "CUSRCorralWoodUnit",
      new Matrix(
          0.005415, 0.999982, -0.002522, 4877.753418,
          -0.999914, 0.005445, 0.011945, 8501.895508,
          0.011959, 0.002457, 0.999925, 581.529785,
          0.000000, 0.000000, 0.000000, 1.000000
        ),
      [
        ["SurfaceControl", "PutonGround"]
      ]
    ],

    [
      "Kurtenki1House3_fences_FenceWicker_11",
      "InteriorObject",
      "CFenceWickerUnit",
      new Matrix(
          0.013004, 0.999915, 0.000000, 4871.520508,
          -0.999915, 0.013004, 0.000000, 8510.196289,
          0.000000, 0.000000, 1.000000, 581.381958,
          0.000000, 0.000000, 0.000000, 1.000000
        ),
      [
        ["Length", 8],
        ["SurfaceControl", "PutonGround"]
      ]
    ],

    [
      "Kurtenki1House3_fences_FenceWicker_02",
      "InteriorObject",
      "CFenceWickerUnit",
      new Matrix(
          0.999951, 0.009888, 0.000000, 4871.790527,
          -0.009888, 0.999951, 0.000000, 8468.406250,
          0.000000, 0.000000, 1.000000, 581.428223,
          0.000000, 0.000000, 0.000000, 1.000000
        ),
      [
        ["Length", 7],
        ["SurfaceControl", "PutonGround"]
      ]
    ],

    [
      "Kurtenki1House3_fences_FenceWicker_01",
      "InteriorObject",
      "CFenceWickerUnit",
      new Matrix(
          0.019558, 0.999809, 0.000000, 4871.657227,
          -0.999809, 0.019558, 0.000000, 8478.361328,
          0.000000, 0.000000, 1.000000, 581.485474,
          0.000000, 0.000000, 0.000000, 1.000000
        ),
      [
        ["Length", 5],
        ["SurfaceControl", "PutonGround"]
      ]
    ],

    [
      "Kurtenki1House2_fence_03",
      "InteriorObject",
      "CFenceWickerUnit",
      new Matrix(
          -0.999947, -0.010282, 0.000000, 4795.994629,
          0.010282, -0.999947, 0.000000, 8588.232422,
          0.000000, 0.000000, 1.000000, 577.367737,
          0.000000, 0.000000, 0.000000, 1.000000
        ),
      [
        ["Length", 5],
        ["SurfaceControl", "PutonGround"]
      ]
    ],

    [
      "Kurtenki1House2_fence_01",
      "InteriorObject",
      "CFenceWickerUnit",
      new Matrix(
          0.999989, 0.004598, 0.000000, 4767.735840,
          -0.004598, 0.999989, 0.000000, 8556.016602,
          0.000000, 0.000000, 1.000000, 577.743530,
          0.000000, 0.000000, 0.000000, 1.000000
        ),
      [
        ["Length", 8],
        ["SurfaceControl", "PutonGround"]
      ]
    ],

    [
      "Kurtenki1House2_fence_06",
      "InteriorObject",
      "CFenceWickerUnit",
      new Matrix(
          -0.013409, 0.999910, 0.000000, 4751.921387,
          -0.999910, -0.013409, 0.000000, 8588.085938,
          0.000000, 0.000000, 1.000000, 576.318970,
          0.000000, 0.000000, 0.000000, 1.000000
        ),
      [
        ["Length", 9],
        ["SurfaceControl", "PutonGround"]
      ]
    ],

    [
      "Kurtenki1House2_fence_04",
      "InteriorObject",
      "CFenceWickerUnit",
      new Matrix(
          -0.999888, 0.014971, 0.000000, 4781.848145,
          -0.014971, -0.999888, 0.000000, 8588.448242,
          0.000000, 0.000000, 1.000000, 576.975342,
          0.000000, 0.000000, 0.000000, 1.000000
        ),
      [
        ["Length", 8],
        ["SurfaceControl", "PutonGround"]
      ]
    ],

    [
      "Kurtenki1House5_fence_04",
      "InteriorObject",
      "CFenceWickerUnit",
      new Matrix(
          -0.009283, -0.999957, 0.000000, 4856.104980,
          0.999957, -0.009283, 0.000000, 8465.587891,
          0.000000, 0.000000, 1.000000, 581.350037,
          0.000000, 0.000000, 0.000000, 1.000000
        ),
      [
        ["Length", 7],
        ["SurfaceControl", "PutonGround"]
      ]
    ],

    [
      "Kurtenki1House5_fence_01",
      "InteriorObject",
      "CFenceWickerUnit",
      new Matrix(
          0.999036, 0.043906, 0.000000, 4812.266602,
          -0.043906, 0.999036, 0.000000, 8467.560547,
          0.000000, 0.000000, 1.000000, 581.489990,
          0.000000, 0.000000, 0.000000, 1.000000
        ),
      [
        ["Length", 8],
        ["SurfaceControl", "PutonGround"]
      ]
    ],

    [
      "Kurtenki1House6_fence_07",
      "InteriorObject",
      "CFenceWickerUnit",
      new Matrix(
          0.999662, 0.026013, 0.000000, 4813.599609,
          -0.026013, 0.999662, 0.000000, 8495.574219,
          0.000000, 0.000000, 1.000000, 581.242615,
          0.000000, 0.000000, 0.000000, 1.000000
        ),
      [
        ["Length", 7],
        ["SurfaceControl", "PutonGround"]
      ]
    ],

    [
      "Kurtenki1House1_Shed",
      "InteriorObject",
      "CUSRShedWoodUnit",
      new Matrix(
          -0.029650, 0.999328, -0.021539, 4860.112793,
          -0.998886, -0.028832, 0.037345, 8578.332031,
          0.036699, 0.022623, 0.999070, 579.013184,
          0.000000, 0.000000, 0.000000, 1.000000
        ),
      [
        ["SurfaceControl", "PutonGround"]
      ]
    ],

    [
      "Kurtenki1House4_fence_04",
      "InteriorObject",
      "CFenceWickerUnit",
      new Matrix(
          0.999978, -0.006606, 0.000000, 4775.331543,
          0.006606, 0.999978, 0.000000, 8504.193359,
          0.000000, 0.000000, 1.000000, 580.413879,
          0.000000, 0.000000, 0.000000, 1.000000
        ),
      [
        ["Length", 7],
        ["SurfaceControl", "PutonGround"]
      ]
    ],

    [
      "Kurtenki1House4_fence_01",
      "InteriorObject",
      "CFenceWickerUnit",
      new Matrix(
          -0.999889, -0.014875, 0.000000, 4781.182617,
          0.014875, -0.999889, 0.000000, 8539.954102,
          0.000000, 0.000000, 1.000000, 578.995239,
          0.000000, 0.000000, 0.000000, 1.000000
        ),
      [
        ["Length", 3],
        ["SurfaceControl", "PutonGround"]
      ]
    ],

    [
      "Kurtenki1House4_fence_02",
      "InteriorObject",
      "CFenceWickerUnit",
      new Matrix(
          0.002867, 0.999996, 0.000000, 4775.227539,
          -0.999996, 0.002867, 0.000000, 8540.125977,
          0.000000, 0.000000, 1.000000, 578.773926,
          0.000000, 0.000000, 0.000000, 1.000000
        ),
      [
        ["Length", 9],
        ["SurfaceControl", "PutonGround"]
      ]
    ],

    [
      "Kurtenki1House7",
      "InteriorObject",
      "CUSRHouseWoodUnit",
      new Matrix(
          -0.751057, 0.659369, -0.033844, 4974.534668,
          -0.660119, -0.750905, 0.019592, 8514.395508,
          -0.012495, 0.037056, 0.999235, 584.663940,
          0.000000, 0.000000, 0.000000, 1.000000
        ),
      [
        ["SurfaceControl", "PutonGround"]
      ]
    ],

    [
      "Kurtenki1House1Group",
      "ObjectsGroup",
      "CObjectsGroup",
      new Matrix(
          0.021251, -0.999774, 0.000000, 4850.359375,
          0.999774, 0.021252, 0.000000, 8592.594727,
          0.000000, 0.000000, 1.000000, 580.366394,
          0.000000, 0.000000, 0.000000, 1.000000
        ),
      [
        ["Contents", ["Kurtenki1House1", "Kurtenki1House1_Shed", "Kurtenki1House1_fence_01", "Kurtenki1House1_fence_02", "Kurtenki1House1_fence_03", "Kurtenki1House1_fence_04", "Kurtenki1House1_fence_05", "Kurtenki1House1_fence_06", "Kurtenki1House1_fence_07", "Kurtenki1House1_fence_08", "Kurtenki1House1_fence_09"]]
      ]
    ],

    [
      "Kurtenki1House2Group",
      "ObjectsGroup",
      "CObjectsGroup",
      new Matrix(
          0.999969, 0.007808, 0.000000, 4774.661133,
          -0.007809, 0.999969, 0.000000, 8570.250000,
          0.000000, 0.000000, 1.000000, 579.362244,
          0.000000, 0.000000, 0.000000, 1.000000
        ),
      [
        ["Contents", ["Kurtenki1House2", "Kurtenki1House2_Corral", "Kurtenki1House2_fence_01", "Kurtenki1House2_fence_02", "Kurtenki1House2_fence_03", "Kurtenki1House2_fence_04", "Kurtenki1House2_fence_05", "Kurtenki1House2_fence_06", "Kurtenki1House2_fence_07"]]
      ]
    ],

    [
      "Kurtenki1House3Group",
      "ObjectsGroup",
      "CObjectsGroup",
      new Matrix(
          0.011571, 0.999933, 0.000000, 4892.597656,
          -0.999933, 0.011571, 0.000000, 8489.068359,
          0.000000, 0.000000, 1.000000, 583.755676,
          0.000000, 0.000000, 0.000000, 1.000000
        ),
      [
        ["Contents", ["Kurtenki1House3", "Kurtenki1House3_Corral", "Kurtenki1House3_Shed1", "Kurtenki1House3_fences_FenceWicker_01", "Kurtenki1House3_fences_FenceWicker_02", "Kurtenki1House3_fences_FenceWicker_03", "Kurtenki1House3_fences_FenceWicker_04", "Kurtenki1House3_fences_FenceWicker_05", "Kurtenki1House3_fences_FenceWicker_06", "Kurtenki1House3_fences_FenceWicker_07", "Kurtenki1House3_fences_FenceWicker_08", "Kurtenki1House3_fences_FenceWicker_09", "Kurtenki1House3_fences_FenceWicker_10", "Kurtenki1House3_fences_FenceWicker_11"]]
      ]
    ],

    [
      "Kurtenki1House4Group",
      "ObjectsGroup",
      "CObjectsGroup",
      new Matrix(
          -0.994624, -0.103547, 0.000000, 4794.788574,
          0.103547, -0.994624, 0.000000, 8521.523438,
          0.000000, 0.000000, 1.000000, 581.452698,
          0.000000, 0.000000, 0.000000, 1.000000
        ),
      [
        ["Contents", ["Kurtenki1House4", "Kurtenki1House4_Corral", "Kurtenki1House4_fence_01", "Kurtenki1House4_fence_02", "Kurtenki1House4_fence_03", "Kurtenki1House4_fence_04", "Kurtenki1House4_fence_05", "Kurtenki1House4_fence_06"]]
      ]
    ],

    [
      "Kurtenki1House5Group",
      "ObjectsGroup",
      "CObjectsGroup",
      new Matrix(
          0.999657, -0.026203, 0.000000, 4834.034180,
          0.026203, 0.999657, 0.000000, 8477.834961,
          0.000000, 0.000000, 1.000000, 583.641235,
          0.000000, 0.000000, 0.000000, 1.000000
        ),
      [
        ["Contents", ["Kurtenki1House5", "Kurtenki1House5_Shed1", "Kurtenki1House5_fence_01", "Kurtenki1House5_fence_02", "Kurtenki1House5_fence_03", "Kurtenki1House5_fence_04"]]
      ]
    ],

    [
      "Kurtenki1House6Group",
      "ObjectsGroup",
      "CObjectsGroup",
      new Matrix(
          -0.999884, -0.015196, 0.000000, 4824.603027,
          0.015196, -0.999884, 0.000000, 8503.977539,
          0.000000, 0.000000, 1.000000, 582.404175,
          0.000000, 0.000000, 0.000000, 1.000000
        ),
      [
        ["Contents", ["Kurtenki1House6", "Kurtenki1House6_Shed", "Kurtenki1House6_fence_01", "Kurtenki1House6_fence_02", "Kurtenki1House6_fence_03", "Kurtenki1House6_fence_04", "Kurtenki1House6_fence_05", "Kurtenki1House6_fence_06", "Kurtenki1House6_fence_07", "Kurtenki1House6_fence_08", "Kurtenki1House6_fence_09", "Kurtenki1House6_fence_10", "Kurtenki1House6_fence_11", "Kurtenki1House6_fence_12", "Kurtenki1House6_fence_13"]]
      ]
    ],

    [
      "Kurtenki1House7Group",
      "ObjectsGroup",
      "CObjectsGroup",
      new Matrix(
          -0.710108, -0.704093, 0.000000, 4954.145508,
          0.704093, -0.710108, 0.000000, 8508.799805,
          0.000000, 0.000000, 1.000000, 586.078430,
          0.000000, 0.000000, 0.000000, 1.000000
        ),
      [
        ["Contents", ["Kurtenki1House7", "Kurtenki1House7_Shed1", "Kurtenki1House7_fences_FenceWicker_01", "Kurtenki1House7_fences_FenceWicker_02", "Kurtenki1House7_fences_FenceWicker_03", "Kurtenki1House7_fences_FenceWicker_04", "Kurtenki1House7_fences_FenceWicker_05", "Kurtenki1House7_fences_FenceWicker_06", "Kurtenki1House7_fences_FenceWicker_07", "Kurtenki1House7_fences_FenceWicker_08", "Kurtenki1House7_fences_FenceWicker_09"]]
      ]
    ],

    [
      "Kurtenki1House5_Shed1",
      "InteriorObject",
      "CUSRShedWoodUnit",
      new Matrix(
          -0.999914, 0.011984, 0.005249, 4849.398926,
          -0.011995, -0.999926, -0.001982, 8471.282227,
          0.005225, -0.002044, 0.999984, 581.386536,
          0.000000, 0.000000, 0.000000, 1.000000
        ),
      [
        ["SurfaceControl", "PutonGround"]
      ]
    ],

    [
      "Kurtenki1House7_Shed1",
      "InteriorObject",
      "CUSRShedWoodUnit",
      new Matrix(
          -0.689984, -0.722578, -0.042469, 4961.473633,
          0.722425, -0.691110, 0.021646, 8512.398438,
          -0.044991, -0.015745, 0.998863, 584.196716,
          0.000000, 0.000000, 0.000000, 1.000000
        ),
      [
        ["SurfaceControl", "PutonGround"]
      ]
    ],

    [
      "Kurtenki1House4_Corral",
      "InteriorObject",
      "CUSRCorralWoodUnit",
      new Matrix(
          -0.014612, 0.999569, -0.025447, 4805.910156,
          -0.998841, -0.013425, 0.046212, 8534.907227,
          0.045851, 0.026093, 0.998607, 579.856567,
          0.000000, 0.000000, 0.000000, 1.000000
        ),
      [
        ["SurfaceControl", "PutonGround"]
      ]
    ],

    [
      "Kurtenki1House3_Shed1",
      "InteriorObject",
      "CUSRShedWoodUnit",
      new Matrix(
          0.004464, 0.999876, -0.015107, 4888.473633,
          -0.999972, 0.004553, 0.005841, 8488.740234,
          0.005909, 0.015081, 0.999869, 581.688110,
          0.000000, 0.000000, 0.000000, 1.000000
        ),
      [
        ["SurfaceControl", "PutonGround"]
      ]
    ],

    [
      "Kurtenki1House8_fences_FenceWicker_12",
      "InteriorObject",
      "CFenceWickerUnit",
      new Matrix(
          0.147516, -0.988231, -0.040489, 4943.795898,
          0.988910, 0.146656, 0.023447, 8557.469727,
          -0.017233, -0.043499, 0.998905, 582.201294,
          0.000000, 0.000000, 0.000000, 1.000000
        ),
      [
        ["Length", 3],
        ["SurfaceControl", "PutonGround"]
      ]
    ],

    [
      "Kurtenki1House8_fences",
      "ObjectsGroup",
      "CObjectsGroup",
      new Matrix(
          0.999989, 0.004649, 0.000000, 4949.064453,
          -0.004649, 0.999989, 0.000000, 8577.713867,
          0.000000, 0.000000, 1.000000, 582.347290,
          0.000000, 0.000000, 0.000000, 1.000000
        ),
      [
        ["Contents", ["Kurtenki1House8_fences_FenceWicker_01", "Kurtenki1House8_fences_FenceWicker_02", "Kurtenki1House8_fences_FenceWicker_03", "Kurtenki1House8_fences_FenceWicker_04", "Kurtenki1House8_fences_FenceWicker_05", "Kurtenki1House8_fences_FenceWicker_06", "Kurtenki1House8_fences_FenceWicker_07", "Kurtenki1House8_fences_FenceWicker_08", "Kurtenki1House8_fences_FenceWicker_09", "Kurtenki1House8_fences_FenceWicker_10", "Kurtenki1House8_fences_FenceWicker_11", "Kurtenki1House8_fences_FenceWicker_12"]]
      ]
    ],

    [
      "Kurtenki1House8",
      "InteriorObject",
      "CUSRHouseWoodUnit",
      new Matrix(
          0.999451, -0.001802, -0.033092, 4940.473633,
          0.003024, 0.999313, 0.036927, 8572.444336,
          0.033002, -0.037006, 0.998770, 581.641663,
          0.000000, 0.000000, 0.000000, 1.000000
        ),
      [
        ["SurfaceControl", "PutonGround"]
      ]
    ],

    [
      "Kurtenki1House8Group",
      "ObjectsGroup",
      "CObjectsGroup",
      new Matrix(
          0.999989, 0.004648, 0.000000, 4949.063965,
          -0.004648, 0.999989, 0.000000, 8577.712891,
          0.000000, 0.000000, 1.000000, 583.400513,
          0.000000, 0.000000, 0.000000, 1.000000
        ),
      [
        ["Contents", ["Kurtenki1House8", "Kurtenki1House8_Shed", "Kurtenki1House8_fences"]]
      ]
    ],

    [
      "Kurtenki1House8_fences_FenceWicker_09",
      "InteriorObject",
      "CFenceWickerUnit",
      new Matrix(
          -0.152231, 0.987665, -0.036648, 4932.113770,
          -0.988004, -0.151101, 0.031868, 8598.369141,
          0.025938, 0.041060, 0.998820, 580.423950,
          0.000000, 0.000000, 0.000000, 1.000000
        ),
      [
        ["Length", 7],
        ["SurfaceControl", "PutonGround"]
      ]
    ],

    [
      "Kurtenki1House8_Shed",
      "InteriorObject",
      "CUSRShedWoodUnit",
      new Matrix(
          -0.999152, -0.019091, -0.036481, 4957.091797,
          0.018049, -0.999426, 0.028683, 8562.024414,
          -0.037008, 0.028000, 0.998923, 582.575378,
          0.000000, 0.000000, 0.000000, 1.000000
        ),
      [
        ["SurfaceControl", "PutonGround"]
      ]
    ],

    [
      "Kurtenki1House1_fence_01",
      "InteriorObject",
      "CFenceWickerUnit",
      new Matrix(
          0.999884, -0.015235, 0.000000, 4843.179199,
          0.015235, 0.999884, 0.000000, 8572.939453,
          0.000000, 0.000000, 1.000000, 578.877502,
          0.000000, 0.000000, 0.000000, 1.000000
        ),
      [
        ["Length", 3],
        ["SurfaceControl", "PutonGround"]
      ]
    ],

    [
      "Kurtenki1House2_Corral",
      "InteriorObject",
      "CUSRCorralWoodUnit",
      new Matrix(
          -0.998162, -0.055426, -0.024504, 4767.444336,
          0.054460, -0.997775, 0.038458, 8581.732422,
          -0.026581, 0.037053, 0.998960, 576.894409,
          0.000000, 0.000000, 0.000000, 1.000000
        ),
      [
        ["SurfaceControl", "PutonGround"]
      ]
    ],

    [
      "House1",
      "InteriorObject",
      "CUSRHouseWoodUnit",
      new Matrix(
          0.018331, 0.999645, -0.019347, 4532.588867,
          -0.999752, 0.018081, -0.013035, 8327.824219,
          -0.012681, 0.019581, 0.999728, 580.046692,
          0.000000, 0.000000, 0.000000, 1.000000
        ),
      [
        ["SurfaceControl", "PutonGround"],
        ["HitPoints", 100.000000],
        ["Affiliation", "NEUTRAL"],
        ["Route", []],
        ["ShadowPlaneOffset", 0.050000],
        ["FakeShadowOffset", 0.090000]
      ]
    ],

    [
      "House2",
      "InteriorObject",
      "CUSRHouseWoodUnit",
      new Matrix(
          -0.019598, 0.999802, -0.003308, 4472.340820,
          -0.999761, -0.019629, -0.009610, 8292.187500,
          -0.009673, 0.003119, 0.999948, 579.125488,
          0.000000, 0.000000, 0.000000, 1.000000
        ),
      [
        ["SurfaceControl", "PutonGround"]
      ]
    ],

    [
      "House3",
      "InteriorObject",
      "CUSRHouseWoodUnit",
      new Matrix(
          0.998989, 0.044819, -0.003338, 4441.999512,
          -0.044890, 0.998667, -0.025466, 8237.941406,
          0.002192, 0.025590, 0.999670, 577.167358,
          0.000000, 0.000000, 0.000000, 1.000000
        ),
      [
        ["SurfaceControl", "PutonGround"]
      ]
    ],

    [
      "House4",
      "InteriorObject",
      "CUSRHouseWoodUnit",
      new Matrix(
          -0.999650, -0.020670, 0.016496, 4463.294434,
          0.020449, -0.999700, -0.013445, 8181.507324,
          0.016769, -0.013103, 0.999774, 575.995789,
          0.000000, 0.000000, 0.000000, 1.000000
        ),
      [
        ["SurfaceControl", "PutonGround"]
      ]
    ],

    [
      "House5",
      "InteriorObject",
      "CUSRHouseWoodUnit",
      new Matrix(
          0.999462, 0.030468, 0.012138, 4442.155762,
          -0.030360, 0.999499, -0.008952, 8200.129883,
          -0.012405, 0.008579, 0.999886, 576.344238,
          0.000000, 0.000000, 0.000000, 1.000000
        ),
      [
        ["SurfaceControl", "PutonGround"]
      ]
    ],

    [
      "House6",
      "InteriorObject",
      "CUSRHouseWoodUnit",
      new Matrix(
          0.010463, -0.999940, -0.003167, 4526.006348,
          0.998993, 0.010591, -0.043604, 8261.880859,
          0.043635, -0.002707, 0.999044, 578.077271,
          0.000000, 0.000000, 0.000000, 1.000000
        ),
      [
        ["SurfaceControl", "PutonGround"]
      ]
    ],

    [
      "Well",
      "InteriorObject",
      "CWaterWell_1Unit",
      new Matrix(
          -0.999362, 0.016210, -0.031816, 4864.337891,
          -0.014681, -0.998753, -0.047722, 6798.852539,
          -0.032550, -0.047225, 0.998354, 588.878906,
          0.000000, 0.000000, 0.000000, 1.000000
        ),
      [
        ["SurfaceControl", "PutonGround"]
      ]
    ],

    [
      "House6_Shed",
      "InteriorObject",
      "CUSRShedWoodUnit",
      new Matrix(
          0.031759, 0.999461, -0.008269, 4541.497559,
          -0.998136, 0.031283, -0.052399, 8254.726563,
          -0.052112, 0.009918, 0.998592, 577.821289,
          0.000000, 0.000000, 0.000000, 1.000000
        ),
      [
        ["SurfaceControl", "PutonGround"]
      ]
    ],

    [
      "House3_Corral",
      "InteriorObject",
      "CUSRCorralWoodUnit",
      new Matrix(
          -0.999550, -0.029770, -0.003630, 4439.949707,
          0.029868, -0.999079, -0.030788, 8219.210938,
          -0.002710, -0.030882, 0.999519, 576.726135,
          0.000000, 0.000000, 0.000000, 1.000000
        ),
      [
        ["SurfaceControl", "PutonGround"]
      ]
    ],

    [
      "_Shed",
      "InteriorObject",
      "CUSRShedWoodUnit",
      new Matrix(
          0.028118, -0.999557, -0.009704, 4437.724121,
          0.999456, 0.028280, -0.016962, 8296.398438,
          0.017229, -0.009221, 0.999809, 578.822083,
          0.000000, 0.000000, 0.000000, 1.000000
        ),
      [
        ["SurfaceControl", "PutonGround"],
        ["HitPoints", 100.000000],
        ["Affiliation", "NEUTRAL"],
        ["ShadowPlaneOffset", 0.050000]
      ]
    ],

    [
      "House1_Shed",
      "InteriorObject",
      "CUSRShedWoodUnit",
      new Matrix(
          -0.999981, 0.006012, -0.001688, 4510.658691,
          -0.005981, -0.999822, -0.017863, 8293.529297,
          -0.001795, -0.017852, 0.999839, 579.079529,
          0.000000, 0.000000, 0.000000, 1.000000
        ),
      [
        ["SurfaceControl", "PutonGround"]
      ]
    ],

    [
      "House7",
      "InteriorObject",
      "CUSRHouseWoodUnit",
      new Matrix(
          -0.999967, 0.007094, 0.003882, 4436.440918,
          -0.007135, -0.999918, -0.010647, 8154.730469,
          0.003807, -0.010674, 0.999936, 576.058167,
          0.000000, 0.000000, 0.000000, 1.000000
        ),
      [
        ["SurfaceControl", "PutonGround"]
      ]
    ],

    [
      "House5_Shed1",
      "InteriorObject",
      "CUSRShedWoodUnit",
      new Matrix(
          -0.999532, -0.030103, 0.005430, 4438.937012,
          0.030093, -0.999545, -0.001886, 8183.803711,
          0.005484, -0.001722, 0.999983, 576.283875,
          0.000000, 0.000000, 0.000000, 1.000000
        ),
      [
        ["SurfaceControl", "PutonGround"]
      ]
    ],

    [
      "House7_Shed1",
      "InteriorObject",
      "CUSRShedWoodUnit",
      new Matrix(
          0.004414, -0.999875, 0.015202, 4425.529785,
          0.999802, 0.004118, -0.019437, 8161.437988,
          0.019372, 0.015284, 0.999695, 576.230164,
          0.000000, 0.000000, 0.000000, 1.000000
        ),
      [
        ["SurfaceControl", "PutonGround"]
      ]
    ],

    [
      "House4_Corral",
      "InteriorObject",
      "CUSRCorralWoodUnit",
      new Matrix(
          0.999941, -0.009584, 0.005040, 4464.970703,
          0.009650, 0.999866, -0.013253, 8202.947266,
          -0.004913, 0.013300, 0.999899, 576.240234,
          0.000000, 0.000000, 0.000000, 1.000000
        ),
      [
        ["SurfaceControl", "PutonGround"]
      ]
    ],

    [
      "House3_Shed1",
      "InteriorObject",
      "CUSRShedWoodUnit",
      new Matrix(
          0.001689, -0.999988, 0.004668, 4424.319336,
          0.999861, 0.001611, -0.016614, 8218.472656,
          0.016606, 0.004695, 0.999851, 576.673279,
          0.000000, 0.000000, 0.000000, 1.000000
        ),
      [
        ["SurfaceControl", "PutonGround"]
      ]
    ],

    [
      "House8",
      "InteriorObject",
      "CUSRHouseWoodUnit",
      new Matrix(
          -0.008587, 0.999857, 0.014561, 4476.653809,
          -0.999910, -0.008436, -0.010412, 8165.201172,
          -0.010288, -0.014650, 0.999840, 575.574280,
          0.000000, 0.000000, 0.000000, 1.000000
        ),
      [
        ["SurfaceControl", "PutonGround"]
      ]
    ],

    [
      "House8_Shed",
      "InteriorObject",
      "CUSRShedWoodUnit",
      new Matrix(
          0.001726, 0.999938, 0.010992, 4462.590332,
          -0.999593, 0.002038, -0.028459, 8219.571289,
          -0.028479, -0.010938, 0.999534, 576.642578,
          0.000000, 0.000000, 0.000000, 1.000000
        ),
      [
        ["SurfaceControl", "PutonGround"]
      ]
    ],

    [
      "House2_Corral",
      "InteriorObject",
      "CUSRCorralWoodUnit",
      new Matrix(
          0.001588, 0.999976, -0.006793, 4476.122070,
          -0.999998, 0.001593, 0.000676, 8317.230469,
          0.000687, 0.006792, 0.999977, 579.226135,
          0.000000, 0.000000, 0.000000, 1.000000
        ),
      [
        ["SurfaceControl", "PutonGround"]
      ]
    ],

    [
      "Kurtenki1Well1",
      "InteriorObject",
      "CWaterWell_1Unit",
      new Matrix(
          -0.004081, -0.999794, -0.019862, 4854.536133,
          0.999371, -0.003378, -0.035293, 8587.593750,
          0.035219, -0.019994, 0.999180, 607.365234,
          0.000000, 0.000000, 0.000000, 1.000000
        ),
      [
        ["SurfaceControl", "PutonGround"]
      ]
    ],

    [
      "Kurtenki1House8_fences_FenceWicker_04",
      "InteriorObject",
      "CFenceWickerUnit",
      new Matrix(
          0.152994, -0.987563, -0.036217, 4966.014648,
          0.987941, 0.151965, 0.029640, 8557.060547,
          -0.023768, -0.040315, 0.998904, 583.049866,
          0.000000, 0.000000, 0.000000, 1.000000
        ),
      [
        ["Length", 5],
        ["SurfaceControl", "PutonGround"]
      ]
    ],

    [
      "Kurtenki1House8_fences_FenceWicker_01",
      "InteriorObject",
      "CFenceWickerUnit",
      new Matrix(
          -0.132342, 0.990539, -0.036303, 4932.199219,
          -0.991011, -0.131505, 0.024555, 8567.703125,
          0.019549, 0.039226, 0.999039, 581.508606,
          0.000000, 0.000000, 0.000000, 1.000000
        ),
      [
        ["Length", 5],
        ["SurfaceControl", "PutonGround"]
      ]
    ],

    [
      "Kurtenki1House8_fences_FenceWicker_11",
      "InteriorObject",
      "CFenceWickerUnit",
      new Matrix(
          0.977832, -0.205452, -0.040423, 4932.122559,
          0.207152, 0.977336, 0.043627, 8577.249023,
          0.030544, -0.051033, 0.998230, 581.162354,
          0.000000, 0.000000, 0.000000, 1.000000
        ),
      [
        ["Length", 3],
        ["SurfaceControl", "PutonGround"]
      ]
    ],

    [
      "Kurtenki1House8_fences_FenceWicker_05",
      "InteriorObject",
      "CFenceWickerUnit",
      new Matrix(
          0.194252, -0.980127, -0.040219, 4966.208984,
