//-------------------------------------------------------------------
//                                                                   
//  This code is copyright 2001 by G5 Software.                      
//  Any unauthorized usage, either in part or in whole of this code  
//  is strictly prohibited. Violators WILL be prosecuted to the      
//  maximum extent allowed by law.                                   
//                                                                   
//-------------------------------------------------------------------
//                                                                   
//  Automatically-generated mission script file                      
//  DO NOT EDIT!                                                     
//                                                                   
//-------------------------------------------------------------------


class CC2M4Content
{
  static String m_ObjectListClassFile = "Missions/Campaign_2/Mission_4/Content.script";
  static String m_ObjectListClassName = "CC2M4Content";

  static Array  m_MissionObjectList   = [
    [
      "Atmosphere",
      "",
      "",
      new Matrix(
          1.000000, 0.000000, 0.000000, 0.000000,
          0.000000, 1.000000, 0.000000, 0.000000,
          0.000000, 0.000000, 1.000000, 0.000000,
          0.000000, 0.000000, 0.000000, 1.000000
        ),
      [
        ["AmbientLight", new Color(0.501961, 0.501961, 0.501961, 1.000000)],
        ["AntiSunAngle", 60.000000],
        ["AntiSunColor", new Color(0.501961, 0.501961, 0.501961, 1.000000)],
        ["AntiSunEnabled", true],
        ["AntiSunIntensity", 0.300000],
        ["EnableHorizontAdjustment", true],
        ["FogColorXPos", new Color(0.917647, 0.905882, 0.858824, 1.000000)],
        ["FogColorXNeg", new Color(0.549020, 0.619608, 0.568627, 1.000000)],
        ["FogColorYPos", new Color(0.658824, 0.701961, 0.701961, 1.000000)],
        ["FogColorYNeg", new Color(0.721569, 0.772549, 0.772549, 1.000000)],
        ["FogDensity", 0.000600],
        ["FogNear", 10.000000],
        ["FogFar", 1000.000000],
        ["FogFarMax", 10000.000000],
        ["FogMode", "None"],
        ["ShadowColor", new Color(0.501961, 0.501961, 0.501961, 1.000000)],
        ["SunColor", new Color(0.992157, 0.960784, 0.858824, 1.000000)],
        ["ShadowFar", 800.000000],
        ["SunIntensity", 1.000000],
        ["TreeShadowLodDistance", 400.000000],
        ["AntiSunHorAngle", 105.000000],
        ["StencilShadowColor", new Color(0.501961, 0.501961, 0.501961, 1.000000)],
        ["SunShines", 0.100000],
        ["IsLightEnabled", true],
        ["HorizontPos", [100.000000, 1000.000000]],
        ["IsSunVisible", false]
      ]
    ],

    [
      "Terrain",
      "",
      "",
      new Matrix(
          1.000000, 0.000000, 0.000000, 0.000000,
          0.000000, 1.000000, 0.000000, 0.000000,
          0.000000, 0.000000, 1.000000, 0.000000,
          0.000000, 0.000000, 0.000000, 1.000000
        ),
      [
        ["ForestTextureScale", 2.000000],
        ["ForestShadowAlphaScale", 0.900000],
        ["ForestBeginFadeDist", [150.000000, 1600.000000]],
        ["IsAntiLighting", true],
        ["TerrainShadowPower", 2.000000],
        ["VertForestDistMax", 900.000000],
        ["VertForestAngleMin", 0.000000],
        ["VertForestAngleMax", 45.000000],
        ["VertForestBeginFadeDist", [450.000000, 710.000000]],
        ["WaterBorderColor", new Color(0.556863, 0.521569, 0.443137, 1.000000)],
        ["NormalNoise", 0.100000],
        ["ForestAlphaScale", 1.000000]
      ]
    ],

    [
      "MainPlayerUnit",
      "GameObject",
      "CTankPzVITigerE1Unit",
      new Matrix(
          0.074832, -0.994788, -0.069260, 5793.319824,
          0.997169, 0.075158, -0.002113, 4644.838867,
          0.007307, -0.068905, 0.997596, 595.188232,
          0.000000, 0.000000, 0.000000, 1.000000
        ),
      [
        ["IsPlayer", true],
        ["IsManual", true],
        ["Affiliation", "FRIEND"],
        ["SurfaceControl", "None"],
        ["Number", "111"],
        ["Markings", ""],
        ["K_RINGS", "19"],
        ["Flag", true]
      ]
    ],

    [
      "Red_StagingArea_1",
      "NavPoint",
      "CZAxisCylNavPoint",
      new Matrix(
          0.297652, -0.954674, 0.000000, 5603.849609,
          0.954674, 0.297652, 0.000000, 9687.325195,
          0.000000, 0.000000, 1.000000, 611.110352,
          0.000000, 0.000000, 0.000000, 1.000000
        ),
      [
        ["Range", 80.000000],
        ["PositionType", "Ground"],
        ["Detect", true],
        ["IsMain", false]
      ]
    ],

    [
      "CC2M4Gr_SupplyLine",
      "UnitGroup",
      "CC2M4Gr_SupplyLine",
      new Matrix(
          0.993275, 0.115102, 0.012528, 4262.046875,
          -0.114790, 0.993117, -0.023265, 3332.080322,
          -0.015119, 0.021670, 0.999651, 584.055298,
          0.000000, 0.000000, 0.000000, 1.000000
        ),
      [
        ["Units", ["GCol2BTR1", "SupplyLine_1", "SupplyLine_2", "SupplyLine_3", "SupplyLine_4", "SupplyLine_5"]],
        ["DelayedOrder", true]
      ]
    ],

    [
      "SupplyLine_1",
      "GameObject",
      "CTruckOpelBlitzUnit",
      new Matrix(
          0.996296, 0.054671, 0.066377, 4197.896484,
          -0.056621, 0.998007, 0.027855, 3326.057617,
          -0.064722, -0.031511, 0.997406, 586.555237,
          0.000000, 0.000000, 0.000000, 1.000000
        ),
      [
        ["Affiliation", "FRIEND"],
        ["Task", "CBaseAITask"],
        ["SurfaceControl", "PutonGroundLandingJoints"]
      ]
    ],

    [
      "SupplyLine_2",
      "GameObject",
      "CTruckOpelBlitzUnit",
      new Matrix(
          0.976758, 0.207695, 0.052971, 4172.929688,
          -0.209723, 0.977095, 0.036076, 3333.590332,
          -0.044264, -0.046347, 0.997944, 587.833435,
          0.000000, 0.000000, 0.000000, 1.000000
        ),
      [
        ["Affiliation", "FRIEND"],
        ["Task", "CBaseAITask"],
        ["SurfaceControl", "PutonGroundLandingJoints"]
      ]
    ],

    [
      "CC2M4Grp_CompanyGrpONE",
      "UnitGroup",
      "CC2M4Grp_CompanyGrpONE",
      new Matrix(
          -0.168929, 0.985509, -0.015308, 5450.502930,
          -0.985626, -0.168939, 0.000590, 9305.918945,
          -0.002004, 0.015187, 0.999883, 596.515564,
          0.000000, 0.000000, 0.000000, 1.000000
        ),
      [
        ["Units", ["CompanyGrpONE_1", "CompanyGrpONE_2", "CompanyGrpONE_3", "CompanyGrpONE_4", "CompanyGrpONE_5", "CompanyGrpONE_6"]],
        ["DelayedOrder", true],
        ["MovingSpeed", 3.500000],
        ["FirstOrder", "Patrol"],
        ["MinDifficulty", 2],
        ["NonSynchedPatrol", false],
        ["CyclePath", true],
        ["GroupEnemyReaction", "ERT_AGGRESSIVE"]
      ]
    ],

    [
      "CompanyGrpONE_1",
      "GameObject",
      "CTankT34Slave_2Unit",
      new Matrix(
          -0.168958, 0.985605, -0.006042, 5450.502930,
          -0.985623, -0.168956, 0.000979, 9305.918945,
          -0.000056, 0.006120, 0.999981, 596.933228,
          0.000000, 0.000000, 0.000000, 1.000000
        ),
      [
        ["Affiliation", "ENEMY"],
        ["Task", "CBaseAITankTask"],
        ["Number", "01_02"]
      ]
    ],

    [
      "CompanyGrpONE_2",
      "GameObject",
      "CTankT34Slave_2Unit",
      new Matrix(
          -0.148259, 0.988674, -0.023294, 5405.578125,
          -0.988792, -0.148613, -0.014294, 9313.781250,
          -0.017594, 0.020913, 0.999626, 596.600037,
          0.000000, 0.000000, 0.000000, 1.000000
        ),
      [
        ["Affiliation", "ENEMY"],
        ["Task", "CBaseAITankTask"],
        ["Number", "01_03"]
      ]
    ],

    [
      "CC2M4Grp_CompanyGrpTWO",
      "UnitGroup",
      "CC2M4Grp_CompanyGrpTWO",
      new Matrix(
          -0.094540, 0.995012, -0.031830, 4632.947754,
          -0.994848, -0.093252, 0.039754, 6790.176758,
          0.036587, 0.035424, 0.998702, 565.247986,
          0.000000, 0.000000, 0.000000, 1.000000
        ),
      [
        ["Units", ["CompanyGrpTWO1", "CompanyGrpTWO2", "CompanyGrpTWO3", "CompanyGrpTWO4", "CompanyGrpTWO5", "CompanyGrpTWO6", "CompanyGrpTWO7", "CompanyGrpTWO8", "CompanyGrpTWO9"]],
        ["DelayedOrder", true],
        ["MovingSpeed", 3.500000],
        ["FirstOrder", "Patrol"],
        ["MinDifficulty", 2],
        ["NonSynchedPatrol", false],
        ["CyclePath", true],
        ["GroupEnemyReaction", "ERT_AGGRESSIVE"]
      ]
    ],

    [
      "CC2M4Grp_CompanyGrpSAU",
      "UnitGroup",
      "CC2M4Grp_CompanyGrpSAU",
      new Matrix(
          -0.324722, 0.945810, -0.000030, 5563.311523,
          -0.945810, -0.324722, 0.000000, 9513.126953,
          -0.000010, 0.000028, 1.000000, 596.665894,
          0.000000, 0.000000, 0.000000, 1.000000
        ),
      [
        ["Units", ["CompanyGrpSAU1", "CompanyGrpSAU2", "CompanyGrpSAU3", "CompanyGrpSAU4", "CompanyGrpSAU5", "CompanyGrpSAU6", "CompanyGrpSAU7", "CompanyGrpSAU8"]],
        ["DelayedOrder", true],
        ["MovingSpeed", 3.500000],
        ["FirstOrder", "Patrol"],
        ["NonSynchedPatrol", false],
        ["CyclePath", false],
        ["GroupEnemyReaction", "ERT_AGGRESSIVE"]
      ]
    ],

    [
      "CompanyGrpSAU1",
      "GameObject",
      "CSAUSU85Unit",
      new Matrix(
          -0.324621, 0.945710, -0.015921, 5563.311523,
          -0.945514, -0.324017, 0.031866, 9513.126953,
          0.024977, 0.025397, 0.999365, 596.765381,
          0.000000, 0.000000, 0.000000, 1.000000
        ),
      [
        ["Affiliation", "ENEMY"],
        ["Task", "CBaseAISAUTask"],
        ["Number", "SAU_212"]
      ]
    ],

    [
      "CompanyGrpSAU2",
      "GameObject",
      "CSAUSU85Unit",
      new Matrix(
          -0.492876, 0.868439, -0.053731, 5577.615234,
          -0.863251, -0.495796, -0.094786, 9664.585938,
          -0.108956, -0.000334, 0.994047, 599.855103,
          0.000000, 0.000000, 0.000000, 1.000000
        ),
      [
        ["Affiliation", "ENEMY"],
        ["Task", "CBaseAISAUTask"],
        ["Number", "SAU_215"]
      ]
    ],

    [
      "CompanyGrpSAU3",
      "GameObject",
      "CSAUSU85Unit",
      new Matrix(
          -0.347280, 0.936543, -0.047793, 5628.755859,
          -0.936850, -0.348738, -0.026335, 9614.247070,
          -0.041331, 0.035629, 0.998510, 617.052063,
          0.000000, 0.000000, 0.000000, 1.000000
        ),
      [
        ["Affiliation", "ENEMY"],
        ["Task", "CBaseAISAUTask"],
        ["Number", "SAU_305"]
      ]
    ],

    [
      "CompanyGrpSAU4",
      "GameObject",
      "CSAUSU85Unit",
      new Matrix(
          -0.335957, 0.939730, -0.063567, 5406.103027,
          -0.939538, -0.339112, -0.047656, 9723.098633,
          -0.066340, 0.043713, 0.996839, 596.828918,
          0.000000, 0.000000, 0.000000, 1.000000
        ),
      [
        ["Affiliation", "ENEMY"],
        ["Task", "CBaseAISAUTask"],
        ["Number", "SAU_303"]
      ]
    ],

    [
      "CompanyGrpSAU5",
      "GameObject",
      "CSAUSU85Unit",
      new Matrix(
          -0.348670, 0.936431, -0.039062, 5640.949707,
          -0.936817, -0.349468, -0.015682, 9655.916016,
          -0.028336, 0.031126, 0.999114, 618.456787,
          0.000000, 0.000000, 0.000000, 1.000000
        ),
      [
        ["Affiliation", "ENEMY"],
        ["Task", "CBaseAISAUTask"],
        ["Number", "114"]
      ]
    ],

    [
      "CompanyGrpSAU6",
      "GameObject",
      "CSAUSU85Unit",
      new Matrix(
          -0.347122, 0.931756, -0.106476, 5461.761719,
          -0.934641, -0.353049, -0.042453, 9708.578125,
          -0.077147, 0.084780, 0.993408, 600.684937,
          0.000000, 0.000000, 0.000000, 1.000000
        ),
      [
        ["Affiliation", "ENEMY"],
        ["Task", "CBaseAISAUTask"],
        ["Number", "233"]
      ]
    ],

    [
      "SupplyLine_3",
      "GameObject",
      "CTruckOpelBlitzUnit",
      new Matrix(
          0.981294, 0.191857, 0.015933, 4143.460449,
          -0.192200, 0.981064, 0.023925, 3340.189941,
          -0.011041, -0.026540, 0.999587, 588.606567,
          0.000000, 0.000000, 0.000000, 1.000000
        ),
      [
        ["Affiliation", "FRIEND"],
        ["Task", "CBaseAITask"],
        ["SurfaceControl", "PutonGroundLandingJoints"]
      ]
    ],

    [
      "SupplyLine_4",
      "GameObject",
      "CTruckOpelBlitzUnit",
      new Matrix(
          0.994635, 0.100645, -0.023915, 4115.733887,
          -0.101040, 0.994755, -0.015922, 3342.618896,
          0.022187, 0.018253, 0.999587, 588.428345,
          0.000000, 0.000000, 0.000000, 1.000000
        ),
      [
        ["Affiliation", "FRIEND"],
        ["Task", "CBaseAITask"],
        ["SurfaceControl", "PutonGroundLandingJoints"]
      ]
    ],

    [
      "CC2M4Grp_CompanyGrpTHREE",
      "UnitGroup",
      "CC2M4Grp_CompanyGrpTHREE",
      new Matrix(
          -0.092379, 0.990986, -0.097015, 4795.624512,
          -0.995655, -0.093077, -0.002680, 6258.996094,
          -0.011685, 0.096346, 0.995279, 583.231506,
          0.000000, 0.000000, 0.000000, 1.000000
        ),
      [
        ["Units", ["CompanyGrpTHREE1", "CompanyGrpTHREE2", "CompanyGrpTHREE3", "CompanyGrpTHREE4", "CompanyGrpTHREE5", "CompanyGrpTHREE6", "CompanyGrpTHREE7", "CompanyGrpTHREE8"]],
        ["DelayedOrder", true],
        ["MovingSpeed", 4.500000],
        ["FirstOrder", "Patrol"],
        ["NonSynchedPatrol", true],
        ["CyclePath", false],
        ["GroupEnemyReaction", "ERT_AGGRESSIVE"]
      ]
    ],

    [
      "CompanyGrpTHREE1",
      "GameObject",
      "CTankT34Slave_2Unit",
      new Matrix(
          -0.092379, 0.990986, -0.097022, 4795.624512,
          -0.995655, -0.093077, -0.002680, 6258.996094,
          -0.011686, 0.096353, 0.995279, 583.231567,
          0.000000, 0.000000, 0.000000, 1.000000
        ),
      [
        ["Affiliation", "ENEMY"],
        ["Task", "CBaseAITankTask"],
        ["Number", "22_24"]
      ]
    ],

    [
      "CompanyGrpTHREE2",
      "GameObject",
      "CTankT34Slave_2Unit",
      new Matrix(
          -0.001821, 0.996037, -0.088925, 4796.745117,
          -0.999954, -0.002650, -0.009205, 6297.138184,
          -0.009405, 0.088904, 0.995996, 583.736572,
          0.000000, 0.000000, 0.000000, 1.000000
        ),
      [
        ["Affiliation", "ENEMY"],
        ["Task", "CBaseAITankTask"],
        ["Number", "22_25"]
      ]
    ],

    [
      "CompanyGrpTHREE3",
      "GameObject",
      "CTankT34Slave_2Unit",
      new Matrix(
          -0.007555, 0.999187, -0.039597, 4587.713867,
          -0.996774, -0.004361, 0.080144, 6770.250000,
          0.079906, 0.040075, 0.995996, 564.828308,
          0.000000, 0.000000, 0.000000, 1.000000
        ),
      [
        ["Affiliation", "ENEMY"],
        ["Task", "CBaseAITankTask"],
        ["Number", "22_26"]
      ]
    ],

    [
      "LeftPath_1",
      "NavPoint",
      "CZAxisCylNavPoint",
      new Matrix(
          -0.029926, -0.999552, 0.000000, 5214.887207,
          0.999552, -0.029926, 0.000000, 3164.595459,
          0.000000, 0.000000, 1.000000, 597.193604,
          0.000000, 0.000000, 0.000000, 1.000000
        ),
      [
        ["Range", 2.000000],
        ["PositionType", "Ground"]
      ]
    ],

    [
      "LeftPath_2",
      "NavPoint",
      "CZAxisCylNavPoint",
      new Matrix(
          -0.029926, -0.999552, 0.000000, 5023.712402,
          0.999552, -0.029926, 0.000000, 3078.218506,
          0.000000, 0.000000, 1.000000, 596.860962,
          0.000000, 0.000000, 0.000000, 1.000000
        ),
      [
        ["Range", 2.000000],
        ["PositionType", "Ground"]
      ]
    ],

    [
      "WarZone",
      "NavPoint",
      "CZAxisCylNavPoint",
      new Matrix(
          0.052668, -0.998612, 0.000000, 5245.244629,
          0.998612, 0.052668, 0.000000, 5401.900391,
          0.000000, 0.000000, 1.000000, 591.067566,
          0.000000, 0.000000, 0.000000, 1.000000
        ),
      [
        ["Range", 20.000000],
        ["PositionType", "Ground"],
        ["Detect", true],
        ["Name", ""],
        ["Mask", [[], []]],
        ["IsVisible", true],
        ["BehaviorHeight", 0.000000],
        ["MapCompass", false],
        ["IsMain", false]
      ]
    ],

    [
      "SingleVillageShed1",
      "InteriorObject",
      "CUSRShedWood02Unit",
      new Matrix(
          -0.953112, -0.302616, 0.000000, 5396.158691,
          0.302616, -0.953112, 0.000000, 3693.427979,
          0.000000, 0.000000, 1.000000, 597.117981,
          0.000000, 0.000000, 0.000000, 1.000000
        ),
      [
        ["SurfaceControl", "PutonGroundUpright"],
        ["HitPoints", 100.000000],
        ["Affiliation", "FRIEND"],
        ["Route", []],
        ["ShadowPlaneOffset", 0.050000],
        ["FakeShadowOffset", 0.090000]
      ]
    ],

    [
      "SingleVillageFence_01",
      "InteriorObject",
      "CFencePoleUnit",
      new Matrix(
          0.581334, -0.813434, 0.019381, 5425.201172,
          0.812492, 0.581610, 0.039819, 3674.897949,
          -0.043662, -0.007401, 0.999019, 597.857727,
          0.000000, 0.000000, 0.000000, 1.000000
        ),
      [
        ["SurfaceControl", "PutonGround"],
        ["Length", 8]
      ]
    ],

    [
      "SingleVillageFence_02",
      "InteriorObject",
      "CFencePoleUnit",
      new Matrix(
          -0.414087, -0.910237, 0.000000, 5391.348633,
          0.910237, -0.414087, 0.000000, 3680.471680,
          0.000000, 0.000000, 1.000000, 598.333679,
          0.000000, 0.000000, 0.000000, 1.000000
        ),
      [
        ["SurfaceControl", "PutonGroundLandingJoints"],
        ["Length", 13]
      ]
    ],

    [
      "SingleVillageFence_03",
      "InteriorObject",
      "CFencePoleUnit",
      new Matrix(
          -0.982206, -0.187808, 0.000000, 5425.491211,
          0.187808, -0.982206, 0.000000, 3674.196777,
          0.000000, 0.000000, 1.000000, 598.139221,
          0.000000, 0.000000, 0.000000, 1.000000
        ),
      [
        ["SurfaceControl", "PutonGroundUpright"],
        ["Length", 13]
      ]
    ],

    [
      "CompanyGrpFOUR_01",
      "GameObject",
      "CTankT34Slave_2Unit",
      new Matrix(
          0.159299, 0.986444, -0.039399, 5325.129395,
          -0.987229, 0.159099, -0.008190, 9438.000977,
          -0.001811, 0.040201, 0.999190, 593.920715,
          0.000000, 0.000000, 0.000000, 1.000000
        ),
      [
        ["Affiliation", "ENEMY"],
        ["Task", "CBaseAITankTask"],
        ["Number", "22_32"]
      ]
    ],

    [
      "CompanyGrpFOUR_02",
      "GameObject",
      "CTankT34Slave_2Unit",
      new Matrix(
          -0.032309, 0.999351, -0.015924, 5285.205078,
          -0.999412, -0.032486, -0.010986, 9465.259766,
          -0.011496, 0.015559, 0.999813, 593.392578,
          0.000000, 0.000000, 0.000000, 1.000000
        ),
      [
        ["Affiliation", "ENEMY"],
        ["Task", "CBaseAITankTask"],
        ["Number", "22_33"]
      ]
    ],

    [
      "CompanyGrpFOUR_03",
      "GameObject",
      "CTankT34Slave_2Unit",
      new Matrix(
          -0.177134, 0.983671, -0.031857, 5367.017090,
          -0.984095, -0.177468, -0.007941, 9491.139648,
          -0.013465, 0.029944, 0.999461, 595.686523,
          0.000000, 0.000000, 0.000000, 1.000000
        ),
      [
        ["Affiliation", "ENEMY"],
        ["Task", "CBaseAITankTask"],
        ["Number", "22_34"]
      ]
    ],

    [
      "CC2M4Grp_CompanyGrpFOUR",
      "UnitGroup",
      "CC2M4Grp_CompanyGrpFOUR",
      new Matrix(
          0.159318, 0.986884, -0.026038, 5325.129395,
          -0.987224, 0.159194, -0.006784, 9438.000977,
          -0.002550, 0.026786, 0.999638, 593.870544,
          0.000000, 0.000000, 0.000000, 1.000000
        ),
      [
        ["Units", ["CompanyGrpFOUR_01", "CompanyGrpFOUR_02", "CompanyGrpFOUR_03", "CompanyGrpFOUR_04", "CompanyGrpFOUR_05", "CompanyGrpFOUR_06", "CompanyGrpFOUR_7", "CompanyGrpFOUR_8"]],
        ["DelayedOrder", true],
        ["MovingSpeed", 3.500000],
        ["FirstOrder", "Patrol"],
        ["MinDifficulty", 1],
        ["NonSynchedPatrol", false],
        ["CyclePath", true],
        ["GroupEnemyReaction", "ERT_AGGRESSIVE"]
      ]
    ],

    [
      "CompanyGrpFOUR_NP01",
      "NavPoint",
      "CZAxisCylNavPoint",
      new Matrix(
          -0.353281, -0.935517, 0.000000, 5351.758789,
          0.935517, -0.353281, 0.000000, 8549.292969,
          0.000000, 0.000000, 1.000000, 593.887024,
          0.000000, 0.000000, 0.000000, 1.000000
        ),
      [
        ["Range", 2.000000],
        ["PositionType", "Ground"]
      ]
    ],

    [
      "CompanyGrpFOUR_NP02",
      "NavPoint",
      "CZAxisCylNavPoint",
      new Matrix(
          -0.353281, -0.935517, 0.000000, 5391.182129,
          0.935517, -0.353281, 0.000000, 6900.360840,
          0.000000, 0.000000, 1.000000, 589.529724,
          0.000000, 0.000000, 0.000000, 1.000000
        ),
      [
        ["Detect", true],
        ["Name", ""],
        ["Mask", [[], []]],
        ["IsVisible", true],
        ["PositionType", ""],
        ["BehaviorHeight", 0.000000],
        ["MapCompass", false],
        ["IsMain", false],
        ["Range", 20.000000]
      ]
    ],

    [
      "CompanyGrpFOUR_NP03",
      "NavPoint",
      "CZAxisCylNavPoint",
      new Matrix(
          -0.353281, -0.935517, 0.000000, 5641.695801,
          0.935517, -0.353281, 0.000000, 6105.897461,
          0.000000, 0.000000, 1.000000, 591.318359,
          0.000000, 0.000000, 0.000000, 1.000000
        ),
      [
        ["Detect", true],
        ["Name", ""],
        ["Mask", [[], []]],
        ["IsVisible", true],
        ["PositionType", ""],
        ["BehaviorHeight", 0.000000],
        ["MapCompass", false],
        ["IsMain", false],
        ["Range", 40.000000]
      ]
    ],

    [
      "CompanyGrpFOUR_NP04",
      "NavPoint",
      "CZAxisCylNavPoint",
      new Matrix(
          -0.353281, -0.935517, 0.000000, 5794.210938,
          0.935517, -0.353281, 0.000000, 5684.876465,
          0.000000, 0.000000, 1.000000, 591.226318,
          0.000000, 0.000000, 0.000000, 1.000000
        ),
      [
        ["Detect", true],
        ["Name", ""],
        ["Mask", [[], []]],
        ["IsVisible", true],
        ["PositionType", ""],
        ["BehaviorHeight", 0.000000],
        ["MapCompass", false],
        ["IsMain", false],
        ["Range", 10.000000]
      ]
    ],

    [
      "CompanyGrpFOUR_NP05",
      "NavPoint",
      "CZAxisCylNavPoint",
      new Matrix(
          -0.353281, -0.935517, 0.000000, 5887.395996,
          0.935517, -0.353281, 0.000000, 4932.125977,
          0.000000, 0.000000, 1.000000, 600.330383,
          0.000000, 0.000000, 0.000000, 1.000000
        ),
      [
        ["Range", 2.000000],
        ["PositionType", "Ground"]
      ]
    ],

    [
      "AmbushHouseFence_01",
      "InteriorObject",
      "CFencePoleUnit",
      new Matrix(
          -0.990883, -0.119743, 0.061751, 5573.233398,
          0.114379, -0.989869, -0.084118, 7033.497070,
          0.071198, -0.076288, 0.994541, 613.950378,
          0.000000, 0.000000, 0.000000, 1.000000
        ),
      [
        ["SurfaceControl", "PutonGround"],
        ["Length", 9]
      ]
    ],

    [
      "AmbushHouseFence_02",
      "InteriorObject",
      "CFencePoleUnit",
      new Matrix(
          -0.105835, 0.993754, 0.035388, 5552.326172,
          -0.992760, -0.103562, -0.060849, 7059.445313,
          -0.056804, -0.041572, 0.997519, 616.954041,
          0.000000, 0.000000, 0.000000, 1.000000
        ),
      [
        ["SurfaceControl", "PutonGround"],
        ["Length", 9]
      ]
    ],

    [
      "AmbushHouseFence_03",
      "InteriorObject",
      "CFencePoleUnit",
      new Matrix(
          -0.986829, -0.153747, 0.050297, 5565.287598,
          0.151630, -0.987479, -0.043523, 7057.313965,
          0.056359, -0.035323, 0.997786, 616.206055,
          0.000000, 0.000000, 0.000000, 1.000000
        ),
      [
        ["SurfaceControl", "PutonGround"],
        ["Length", 5]
      ]
    ],

    [
      "AmbushHouseCorral",
      "InteriorObject",
      "CUSRCorralWoodUnit",
      new Matrix(
          -0.987589, -0.156896, 0.007216, 5571.982422,
          0.156779, -0.987526, -0.014613, 7045.213867,
          0.009419, -0.013300, 0.999867, 649.873657,
          0.000000, 0.000000, 0.000000, 1.000000
        ),
      [
        ["SurfaceControl", "PutonGround"],
        ["HitPoints", 200.000000],
        ["Affiliation", "FRIEND"],
        ["Route", []],
        ["ShadowPlaneOffset", 0.050000],
        ["FakeShadowOffset", 0.090000]
      ]
    ],

    [
      "AmbushHouseDrova_01",
      "InteriorObject",
      "CPileLogsUnit",
      new Matrix(
          -0.000771, -0.999715, 0.023856, 5568.847168,
          0.999968, -0.000582, 0.007936, 7040.333496,
          -0.007919, 0.023861, 0.999684, 615.591370,
          0.000000, 0.000000, 0.000000, 1.000000
        ),
      [
        ["SurfaceControl", "PutonGround"]
      ]
    ],

    [
      "RearAttackPath_1",
      "NavPoint",
      "CZAxisCylNavPoint",
      new Matrix(
          -0.418737, -0.908108, 0.000000, 5619.538086,
          0.908108, -0.418737, 0.000000, 6241.412598,
          0.000000, 0.000000, 1.000000, 591.009827,
          0.000000, 0.000000, 0.000000, 1.000000
        ),
      [
        ["Range", 20.000000],
        ["PositionType", "Ground"],
        ["Detect", true],
        ["IsMain", false]
      ]
    ],

    [
      "RearAttackPath_2",
      "NavPoint",
      "CZAxisCylNavPoint",
      new Matrix(
          -0.029926, -0.999552, 0.000000, 5704.100586,
          0.999552, -0.029926, 0.000000, 5540.508789,
          0.000000, 0.000000, 1.000000, 594.719849,
          0.000000, 0.000000, 0.000000, 1.000000
        ),
      [
        ["Range", 60.000000],
        ["PositionType", "Ground"],
        ["Detect", true],
        ["IsMain", false]
      ]
    ],

    [
      "RearAttackPath_3",
      "NavPoint",
      "CZAxisCylNavPoint",
      new Matrix(
          -0.029926, -0.999552, 0.000000, 5167.238770,
          0.999552, -0.029926, 0.000000, 5158.556641,
          0.000000, 0.000000, 1.000000, 589.931763,
          0.000000, 0.000000, 0.000000, 1.000000
        ),
      [
        ["Range", 6.000000],
        ["PositionType", "Ground"],
        ["Detect", true],
        ["IsMain", false]
      ]
    ],

    [
      "RearAttackPath_4",
      "NavPoint",
      "CZAxisCylNavPoint",
      new Matrix(
          -0.029926, -0.999552, 0.000000, 5114.001953,
          0.999552, -0.029926, 0.000000, 5093.119629,
          0.000000, 0.000000, 1.000000, 587.368469,
          0.000000, 0.000000, 0.000000, 1.000000
        ),
      [
        ["Range", 2.000000],
        ["PositionType", "Ground"]
      ]
    ],

    [
      "RearAttackPath_0",
      "NavPoint",
      "CZAxisCylNavPoint",
      new Matrix(
          -0.029926, -0.999552, 0.000000, 5086.296875,
          0.999552, -0.029926, 0.000000, 7336.045898,
          0.000000, 0.000000, 1.000000, 591.569824,
          0.000000, 0.000000, 0.000000, 1.000000
        ),
      [
        ["Range", 20.000000],
        ["PositionType", "Ground"],
        ["Detect", true],
        ["IsMain", false]
      ]
    ],

    [
      "PnzII_A1",
      "GameObject",
      "CTankPanzer_IICUnit",
      new Matrix(
          -0.877017, 0.480195, -0.015956, 4433.562012,
          -0.479972, -0.877139, -0.015926, 3351.089355,
          -0.021643, -0.006309, 0.999746, 585.720520,
          0.000000, 0.000000, 0.000000, 1.000000
        ),
      [
        ["Affiliation", "FRIEND"],
        ["Number", "121"],
        ["Task", "CBaseAITankTask"]
      ]
    ],

    [
      "CC2M4PanzerGrupen2",
      "UnitGroup",
      "CC2M4PanzerGrupen2",
      new Matrix(
          0.961650, -0.273819, 0.015903, 5191.815918,
          0.274062, 0.961580, -0.015927, 3421.465820,
          -0.010931, 0.019675, 0.999747, 599.119751,
          0.000000, 0.000000, 0.000000, 1.000000
        ),
      [
        ["Units", ["Tiger_Tnk1", "Tiger_Tnk2", "Tiger_Tnk3", "Tiger_Tnk4"]],
        ["DelayedOrder", true],
        ["FirstOrder", "Patrol"],
        ["MinDifficulty", 2],
        ["GroupEnemyReaction", "ERT_AGGRESSIVE"],
        ["CyclePath", false]
      ]
    ],

    [
      "Tiger_Tnk1",
      "GameObject",
      "CTankPzVI_E1_AI_Unit",
      new Matrix(
          0.961650, -0.273818, 0.015893, 5191.815918,
          0.274062, 0.961580, -0.015927, 3421.465820,
          -0.010922, 0.019672, 0.999747, 599.119751,
          0.000000, 0.000000, 0.000000, 1.000000
        ),
      [
        ["Affiliation", "FRIEND"],
        ["Task", "CC2M4PanzerGrupen2Task"],
        ["SurfaceControl", "PutonGroundLandingJoints"],
        ["Number", "231"],
        ["Markings", ""],
        ["K_RINGS", "8"]
      ]
    ],

    [
      "Tiger_Tnk2",
      "GameObject",
      "CTankPzVI_E1_AI_Unit",
      new Matrix(
          0.992039, 0.125927, 0.000069, 5057.251465,
          -0.125926, 0.992034, -0.003289, 3331.311279,
          -0.000483, 0.003254, 0.999995, 598.755310,
          0.000000, 0.000000, 0.000000, 1.000000
        ),
      [
        ["Affiliation", "FRIEND"],
        ["Task", "CC2M4PanzerGrupen2Task"],
        ["SurfaceControl", "PutonGroundLandingJoints"],
        ["Number", "232"],
        ["Markings", ""],
        ["K_RINGS", "5"]
      ]
    ],

    [
      "Tiger_Tnk3",
      "GameObject",
      "CTankPzVI_E1_AI_Unit",
      new Matrix(
          0.843227, -0.537301, 0.016616, 5069.504395,
          0.537558, 0.842822, -0.026127, 3364.539063,
          0.000033, 0.030963, 0.999520, 599.448547,
          0.000000, 0.000000, 0.000000, 1.000000
        ),
      [
        ["Affiliation", "FRIEND"],
        ["Task", "CC2M4PanzerGrupen2Task"],
        ["SurfaceControl", "PutonGroundLandingJoints"],
        ["Number", "233"],
        ["Markings", ""],
        ["K_RINGS", "11"]
      ]
    ],

    [
      "Tiger_Tnk4",
      "GameObject",
      "CTankPzVI_E1_AI_Unit",
      new Matrix(
          0.841480, -0.539762, 0.023839, 5056.706543,
          0.540196, 0.839698, -0.055644, 3379.383545,
          0.010017, 0.059701, 0.998166, 600.329529,
          0.000000, 0.000000, 0.000000, 1.000000
        ),
      [
        ["Affiliation", "FRIEND"],
        ["Task", "CC2M4PanzerGrupen2Task"],
        ["SurfaceControl", "PutonGroundLandingJoints"],
        ["Number", "234"],
        ["Markings", ""],
        ["K_RINGS", "16"]
      ]
    ],

    [
      "Tiger_Tnk5",
      "GameObject",
      "CTankPzVI_E1_AI_Unit",
      new Matrix(
          -0.995710, -0.086926, -0.031710, 8267.792969,
          0.089582, -0.991424, -0.095146, 7178.373535,
          -0.023167, -0.097578, 0.994958, 626.865479,
          0.000000, 0.000000, 0.000000, 1.000000
        ),
      [
        ["Affiliation", "FRIEND"],
        ["Task", "CBaseAITankTask"],
        ["SurfaceControl", "PutonGroundLandingJoints"],
        ["Number", "113"],
        ["Markings", ""],
        ["K_RINGS", "28"]
      ]
    ],

    [
      "GCol2BTR1",
      "GameObject",
      "CBtrHanomag251AusfCUnit",
      new Matrix(
          0.993304, 0.115067, 0.010351, 4262.046875,
          -0.114850, 0.993190, -0.019584, 3332.080322,
          -0.012534, 0.018264, 0.999755, 584.034363,
          0.000000, 0.000000, 0.000000, 1.000000
        ),
      [
        ["Affiliation", "FRIEND"],
        ["Task", "CBaseAIBtrTask"]
      ]
    ],

    [
      "GCol2BTR2",
      "GameObject",
      "CBtrHanomag251AusfCUnit",
      new Matrix(
          -0.308700, 0.950858, -0.023921, 4106.616699,
          -0.951042, -0.308960, -0.007966, 3333.749756,
          -0.014965, 0.020291, 0.999682, 588.271790,
          0.000000, 0.000000, 0.000000, 1.000000
        ),
      [
        ["Affiliation", "FRIEND"],
        ["Task", "CBaseAIBtrTask"]
      ]
    ],

    [
      "CC2M4PanzerGrupen1",
      "UnitGroup",
      "CC2M4PanzerGrupen1",
      new Matrix(
          0.999170, -0.040733, -0.000011, 5317.981934,
          0.040733, 0.999170, 0.000000, 3392.493652,
          0.000011, -0.000000, 1.000000, 598.750061,
          0.000000, 0.000000, 0.000000, 1.000000
        ),
      [
        ["Units", ["Panther_1", "Panther_2", "Panther_3", "Panther_4"]],
        ["DelayedOrder", true],
        ["FirstOrder", "Patrol"],
        ["MinDifficulty", 2],
        ["GroupEnemyReaction", "ERT_AGGRESSIVE"],
        ["CyclePath", false]
      ]
    ],

    [
      "Panther_1",
      "GameObject",
      "CTank_Panther_A_AIUnit",
      new Matrix(
          0.999170, -0.040733, -0.000014, 5317.981934,
          0.040733, 0.999170, 0.000000, 3392.493652,
          0.000014, -0.000001, 1.000000, 598.750000,
          0.000000, 0.000000, 0.000000, 1.000000
        ),
      [
        ["Affiliation", "FRIEND"],
        ["Number", "222"],
        ["Task", "CBaseAITankTask"],
        ["Markings", ""],
        ["K_RINGS", "13"],
        ["Flag", false]
      ]
    ],

    [
      "Panther_2",
      "GameObject",
      "CTank_Panther_A_AIUnit",
      new Matrix(
          0.997886, -0.064985, -0.000018, 5293.043945,
          0.064985, 0.997886, 0.000000, 3273.281494,
          0.000018, -0.000001, 1.000000, 598.679932,
          0.000000, 0.000000, 0.000000, 1.000000
        ),
      [
        ["Task", "CBaseAITankTask"],
        ["Affiliation", "FRIEND"],
        ["Number", "113"],
        ["Markings", ""],
        ["K_RINGS", "8"],
        ["Flag", false]
      ]
    ],

    [
      "Panther_3",
      "GameObject",
      "CTank_Panther_A_AIUnit",
      new Matrix(
          0.993856, -0.110683, -0.000007, 5291.112305,
          0.110669, 0.993730, 0.015934, 3464.623291,
          -0.001757, -0.015837, 0.999873, 598.792175,
          0.000000, 0.000000, 0.000000, 1.000000
        ),
      [
        ["Task", "CBaseAITankTask"],
        ["Affiliation", "FRIEND"],
        ["Number", "114"],
        ["Markings", ""],
        ["K_RINGS", "11"],
        ["Flag", false]
      ]
    ],

    [
      "Panther_4",
      "GameObject",
      "CTank_Panther_D_AIUnit",
      new Matrix(
          0.796458, -0.604694, 0.000127, 5225.223633,
          0.604686, 0.796449, 0.004722, 3322.420654,
          -0.002956, -0.003684, 0.999989, 598.604431,
          0.000000, 0.000000, 0.000000, 1.000000
        ),
      [
        ["Task", "CBaseAITankTask"],
        ["Affiliation", "FRIEND"],
        ["Number", "121"],
        ["Markings", ""],
        ["K_RINGS", "7"],
        ["Flag", false]
      ]
    ],

    [
      "NavPnt1",
      "NavPoint",
      "CZAxisCylNavPoint",
      new Matrix(
          -0.029926, -0.999552, 0.000000, 1728.898560,
          0.999552, -0.029926, 0.000000, 4380.557129,
          0.000000, 0.000000, 1.000000, 598.149841,
          0.000000, 0.000000, 0.000000, 1.000000
        ),
      [
        ["Range", 6.000000],
        ["PositionType", "Ground"],
        ["Detect", true],
        ["Name", ""],
        ["Mask", [[], []]],
        ["IsVisible", false],
        ["BehaviorHeight", 0.000000],
        ["MapCompass", true],
        ["IsMain", false]
      ]
    ],

    [
      "NavPnt2",
      "NavPoint",
      "CZAxisCylNavPoint",
      new Matrix(
          -0.029926, -0.999552, 0.000000, 2361.597168,
          0.999552, -0.029926, 0.000000, 4429.815430,
          0.000000, 0.000000, 1.000000, 570.030273,
          0.000000, 0.000000, 0.000000, 1.000000
        ),
      [
        ["Range", 2.000000],
        ["PositionType", "Ground"],
        ["Detect", true],
        ["IsMain", false]
      ]
    ],

    [
      "NavPnt3",
      "NavPoint",
      "CZAxisCylNavPoint",
      new Matrix(
          -0.029926, -0.999552, 0.000000, 2800.417480,
          0.999552, -0.029926, 0.000000, 4258.568359,
          0.000000, 0.000000, 1.000000, 578.668579,
          0.000000, 0.000000, 0.000000, 1.000000
        ),
      [
        ["Range", 2.000000],
        ["PositionType", "Ground"],
        ["Detect", true],
        ["IsMain", false]
      ]
    ],

    [
      "NavPnt4",
      "NavPoint",
      "CZAxisCylNavPoint",
      new Matrix(
          -0.029926, -0.999552, 0.000000, 3471.807373,
          0.999552, -0.029926, 0.000000, 3750.687500,
          0.000000, 0.000000, 1.000000, 577.267395,
          0.000000, 0.000000, 0.000000, 1.000000
        ),
      [
        ["Range", 2.000000],
        ["PositionType", "Ground"],
        ["Detect", true],
        ["IsMain", false]
      ]
    ],

    [
      "NavPnt5",
      "NavPoint",
      "CZAxisCylNavPoint",
      new Matrix(
          0.269169, -0.963093, 0.000000, 4582.813477,
          0.963093, 0.269169, 0.000000, 3185.133789,
          0.000000, 0.000000, 1.000000, 586.894287,
          0.000000, 0.000000, 0.000000, 1.000000
        ),
      [
        ["Range", 2.000000],
        ["PositionType", "Ground"],
        ["Detect", true],
        ["IsMain", false]
      ]
    ],

    [
      "NavPnt6",
      "NavPoint",
      "CZAxisCylNavPoint",
      new Matrix(
          -0.029926, -0.999552, 0.000000, 5234.563965,
          0.999552, -0.029926, 0.000000, 3350.821289,
          0.000000, 0.000000, 1.000000, 596.959839,
          0.000000, 0.000000, 0.000000, 1.000000
        ),
      [
        ["Range", 2.000000],
        ["PositionType", "Ground"],
        ["Detect", true],
        ["IsMain", false]
      ]
    ],

    [
      "NavPnt7",
      "NavPoint",
      "CZAxisCylNavPoint",
      new Matrix(
          -0.029926, -0.999552, 0.000000, 5460.595703,
          0.999552, -0.029926, 0.000000, 3669.435059,
          0.000000, 0.000000, 1.000000, 597.694824,
          0.000000, 0.000000, 0.000000, 1.000000
        ),
      [
        ["Range", 2.000000],
        ["PositionType", "Ground"],
        ["Detect", true],
        ["IsMain", false]
      ]
    ],

    [
      "WatcherPoint",
      "NavPoint",
      "CZAxisCylNavPoint",
      new Matrix(
          -0.029926, -0.999552, 0.000000, 5442.510742,
          0.999552, -0.029926, 0.000000, 5092.051270,
          0.000000, 0.000000, 1.000000, 603.942017,
          0.000000, 0.000000, 0.000000, 1.000000
        ),
      [
        ["Range", 60.000000],
        ["PositionType", "Ground"],
        ["Detect", true],
        ["Name", ""],
        ["Mask", [[], []]],
        ["IsVisible", true],
        ["BehaviorHeight", 0.000000],
        ["MapCompass", false],
        ["IsMain", false]
      ]
    ],

    [
      "NavPnt5_6",
      "NavPoint",
      "CZAxisCylNavPoint",
      new Matrix(
          -0.029926, -0.999552, 0.000000, 4805.003906,
          0.999552, -0.029926, 0.000000, 3303.940430,
          0.000000, 0.000000, 1.000000, 595.399109,
          0.000000, 0.000000, 0.000000, 1.000000
        ),
      [
        ["Range", 2.000000],
        ["PositionType", "Ground"],
        ["Detect", true],
        ["IsMain", false]
      ]
    ],

    [
      "GSPath_0",
      "NavPoint",
      "CZAxisCylNavPoint",
      new Matrix(
          0.805632, -0.592416, 0.000000, 4720.617676,
          0.592416, 0.805632, 0.000000, 3409.832275,
          0.000000, 0.000000, 1.000000, 592.116028,
          0.000000, 0.000000, 0.000000, 1.000000
        ),
      [
        ["Range", 2.000000],
        ["PositionType", "Ground"]
      ]
    ],

    [
      "GSPath_1",
      "NavPoint",
      "CZAxisCylNavPoint",
      new Matrix(
          -0.029926, -0.999552, 0.000000, 4580.672363,
          0.999552, -0.029926, 0.000000, 3871.720215,
          0.000000, 0.000000, 1.000000, 590.079163,
          0.000000, 0.000000, 0.000000, 1.000000
        ),
      [
        ["Range", 2.000000],
        ["PositionType", "Ground"]
      ]
    ],

    [
      "GSPath_2",
      "NavPoint",
      "CZAxisCylNavPoint",
      new Matrix(
          -0.029926, -0.999552, 0.000000, 4778.329102,
          0.999552, -0.029926, 0.000000, 4509.728027,
          0.000000, 0.000000, 1.000000, 596.983337,
          0.000000, 0.000000, 0.000000, 1.000000
        ),
      [
        ["Range", 2.000000],
