//-------------------------------------------------------------------
//                                                                   
//  This code is copyright 2001 by G5 Software.                      
//  Any unauthorized usage, either in part or in whole of this code  
//  is strictly prohibited. Violators WILL be prosecuted to the      
//  maximum extent allowed by law.                                   
//                                                                   
//-------------------------------------------------------------------
//                                                                   
//  Automatically-generated mission script file                      
//  DO NOT EDIT!                                                     
//                                                                   
//-------------------------------------------------------------------


class KurskM3Content
{
  static String m_ObjectListClassFile = "Missions/CustomMissions/KurskMission3/Content.script";
  static String m_ObjectListClassName = "KurskM3Content";

  static Array  m_MissionObjectList   = [
    [
      "Atmosphere",
      "",
      "",
      new Matrix(
          1.000000, 0.000000, 0.000000, 0.000000,
          0.000000, 1.000000, 0.000000, 0.000000,
          0.000000, 0.000000, 1.000000, 0.000000,
          0.000000, 0.000000, 0.000000, 1.000000
        ),
      [
        ["AmbientLight", new Color(0.439216, 0.439216, 0.439216, 1.000000)],
        ["AntiSunAngle", 10.000000],
        ["AntiSunColor", new Color(0.811765, 0.819608, 0.854902, 1.000000)],
        ["AntiSunIntensity", 0.400000],
        ["EnableHorizontAdjustment", true],
        ["FogColorXPos", new Color(0.976471, 0.988235, 1.000000, 1.000000)],
        ["FogColorXNeg", new Color(0.976471, 0.988235, 1.000000, 1.000000)],
        ["FogColorYPos", new Color(0.976471, 0.988235, 1.000000, 1.000000)],
        ["FogColorYNeg", new Color(0.976471, 0.988235, 1.000000, 1.000000)],
        ["FogDensity", 0.000200],
        ["FogNear", 1000.000000],
        ["FogFar", 4000.000000],
        ["FogFarMax", 8000.000000],
        ["FogMode", "Exp2"],
        ["ShadowColor", new Color(0.521569, 0.521569, 0.521569, 1.000000)],
        ["SunColor", new Color(1.000000, 1.000000, 1.000000, 0.000000)],
        ["SunDirection", new Vector(-0.005952, -0.155542, -0.305348)],
        ["SunIntensity", 1.000000],
        ["TreeLightKoef", 0.000000],
        ["TreeNormalRelax", 0.000000],
        ["TreeShadowLodDistance", 25.000000],
        ["AntiSunHorAngle", 80.000000],
        ["BlindColor", new Color(1.000000, 1.000000, 1.000000, 1.000000)],
        ["SunSpecularIntensity", 0.500000],
        ["AntiSunEnabled", true],
        ["IsShadowEnabled", true],
        ["StencilShadowColor", new Color(0.521569, 0.521569, 0.521569, 1.000000)],
        ["CenterHeight", 100.000000],
        ["SunShines", 0.000000],
        ["IsSunVisible", true]
      ]
    ],

    [
      "Terrain",
      "",
      "",
      new Matrix(
          0.995138, -0.098486, 0.000000, 0.000000,
          0.098486, 0.995138, 0.000000, 0.000000,
          0.000000, 0.000000, 1.000000, 0.000000,
          0.000000, 0.000000, 0.000000, 1.000000
        ),
      [
        ["VertForestAngleMin", 0.000000],
        ["VertForestAngleMax", 45.000000],
        ["VertForestBeginFadeDist", [400.000000, 810.000000]],
        ["TerrainShadowPower", 10.000000],
        ["IsAntiLighting", true],
        ["ForestTextureScale", 2.000000],
        ["ForestBorderScale", 0.500000],
        ["ForestShadowBorderScale", 2.000000],
        ["ForestAlphaScale", 1.000000],
        ["ForestShadowAlphaScale", 1.000000],
        ["ForestBeginFadeDist", [350.000000, 900.000000]],
        ["FakeForestBeginFadeDist", [800.000000, 3610.000000]],
        ["AnimationSpeed", 0.040000],
        ["VertForestDistMax", 3500.000000]
      ]
    ],

    [
      "MainPlayerUnit",
      "GameObject",
      "CTankPzVITigerE1_EarlyIIUnit",
      new Matrix(
          -0.589685, -0.806650, -0.039826, 21512.255859,
          0.807379, -0.590020, -0.004006, 20352.115234,
          -0.020267, -0.034518, 0.999199, 370.341095,
          0.000000, 0.000000, 0.000000, 1.000000
        ),
      [
        ["IsPlayer", true],
        ["IsManual", true],
        ["Affiliation", "FRIEND"],
        ["Number", "1301"],
        ["Markings", "LAH"],
        ["K_RINGS", "8"],
        ["Flag", true]
      ]
    ],

    [
      "NavPoint_Tig_E1",
      "NavPoint",
      "CZAxisCylNavPoint",
      new Matrix(
          -0.999841, -0.017850, 0.000000, 21586.857422,
          0.017850, -0.999841, 0.000000, 21393.478516,
          0.000000, 0.000000, 1.000000, 365.760437,
          0.000000, 0.000000, 0.000000, 1.000000
        ),
      [
        ["Detect", true],
        ["PositionType", "Ground"],
        ["Range", 60.000000]
      ]
    ],

    [
      "NavPoint_Tig_F1",
      "NavPoint",
      "CZAxisCylNavPoint",
      new Matrix(
          -0.999841, -0.017850, 0.000000, 21446.492188,
          0.017850, -0.999841, 0.000000, 22012.650391,
          0.000000, 0.000000, 1.000000, 367.759277,
          0.000000, 0.000000, 0.000000, 1.000000
        ),
      [
        ["Detect", true],
        ["PositionType", "Ground"],
        ["Range", 60.000000]
      ]
    ],

    [
      "NavPoint_Tig_G1",
      "NavPoint",
      "CZAxisCylNavPoint",
      new Matrix(
          -0.999841, -0.017850, 0.000000, 20663.238281,
          0.017850, -0.999841, 0.000000, 21694.115234,
          0.000000, 0.000000, 1.000000, 413.425537,
          0.000000, 0.000000, 0.000000, 1.000000
        ),
      [
        ["Detect", true],
        ["PositionType", "Ground"],
        ["Range", 60.000000]
      ]
    ],

    [
      "NavPoint_Village_C1",
      "NavPoint",
      "CZAxisCylNavPoint",
      new Matrix(
          -0.999841, -0.017849, 0.000000, 4871.775391,
          0.017849, -0.999841, 0.000000, 3015.767822,
          0.000000, 0.000000, 1.000000, 346.758331,
          0.000000, 0.000000, 0.000000, 1.000000
        ),
      [
        ["Detect", true],
        ["Name", "KurskM4Mission_Strings::str_NavPoint_Village_C1"],
        ["PositionType", "Ground"],
        ["Range", 80.000000]
      ]
    ],

    [
      "NavPointPhase2",
      "NavPoint",
      "CZAxisCylNavPoint",
      new Matrix(
          -0.999841, -0.017849, 0.000000, 10673.840820,
          0.017849, -0.999841, 0.000000, 8321.687500,
          0.000000, 0.000000, 1.000000, 263.326935,
          0.000000, 0.000000, 0.000000, 1.000000
        ),
      [
        ["Detect", true],
        ["PositionType", "Ground"],
        ["Range", 80.000000]
      ]
    ],

    [
      "NavPoint_Storm1",
      "NavPoint",
      "CZAxisCylNavPoint",
      new Matrix(
          -0.999841, -0.017850, 0.000000, 19310.320313,
          0.017850, -0.999841, 0.000000, 22308.078125,
          0.000000, 0.000000, 1.000000, 574.993042,
          0.000000, 0.000000, 0.000000, 1.000000
        ),
      [
        ["Detect", true],
        ["PositionType", ""],
        ["Range", 80.000000],
        ["Name", ""],
        ["Mask", [[], []]],
        ["IsVisible", true],
        ["BehaviorHeight", 0.000000],
        ["MapCompass", false],
        ["IsMain", false]
      ]
    ],

    [
      "NavPoint_Yakovlevo",
      "NavPoint",
      "CZAxisCylNavPoint",
      new Matrix(
          -0.999841, -0.017849, 0.000000, 12823.294922,
          0.017849, -0.999841, 0.000000, 11559.977539,
          0.000000, 0.000000, 1.000000, 355.795929,
          0.000000, 0.000000, 0.000000, 1.000000
        ),
      [
        ["Detect", true],
        ["PositionType", "Ground"],
        ["Range", 60.000000]
      ]
    ],

    [
      "Village_Yakovlevo_FenceWicker_1",
      "InteriorObject",
      "CFenceWickerUnit",
      new Matrix(
          0.709783, -0.704421, 0.000000, 12709.460938,
          0.704421, 0.709783, 0.000000, 11474.766602,
          0.000000, 0.000000, 1.000000, 392.098816,
          0.000000, 0.000000, 0.000000, 1.000000
        ),
      [
        ["SurfaceControl", "PutonGround"],
        ["Length", 3]
      ]
    ],

    [
      "Village_Yakovlevo_FenceWicker_2",
      "InteriorObject",
      "CFenceWickerUnit",
      new Matrix(
          -0.841008, 0.541023, 0.000000, 12800.684570,
          -0.541023, -0.841008, 0.000000, 11529.315430,
          0.000000, 0.000000, 1.000000, 388.233826,
          0.000000, 0.000000, 0.000000, 1.000000
        ),
      [
        ["SurfaceControl", "PutonGround"],
        ["Length", 8]
      ]
    ],

    [
      "Village_Yakovlevo_FenceWicker_3",
      "InteriorObject",
      "CFenceWickerUnit",
      new Matrix(
          -0.859151, 0.511721, 0.000000, 12812.460938,
          -0.511721, -0.859151, 0.000000, 11537.017578,
          0.000000, 0.000000, 1.000000, 387.751648,
          0.000000, 0.000000, 0.000000, 1.000000
        ),
      [
        ["SurfaceControl", "PutonGround"],
        ["Length", 7]
      ]
    ],

    [
      "Village_Yakovlevo_FenceWicker_4",
      "InteriorObject",
      "CFenceWickerUnit",
      new Matrix(
          0.895733, -0.444593, 0.000000, 12720.285156,
          0.444593, 0.895733, 0.000000, 11453.961914,
          0.000000, 0.000000, 1.000000, 393.424469,
          0.000000, 0.000000, 0.000000, 1.000000
        ),
      [
        ["SurfaceControl", "PutonGround"],
        ["Length", 12]
      ]
    ],

    [
      "Village_Yakovlevo_FenceWicker_5",
      "InteriorObject",
      "CFenceWickerUnit",
      new Matrix(
          0.454734, 0.890627, 0.000000, 12804.402344,
          -0.890627, 0.454734, 0.000000, 11550.570313,
          0.000000, 0.000000, 1.000000, 386.788239,
          0.000000, 0.000000, 0.000000, 1.000000
        ),
      [
        ["SurfaceControl", "PutonGround"],
        ["Length", 8]
      ]
    ],

    [
      "Village_Yakovlevo_FenceWicker_6",
      "InteriorObject",
      "CFenceWickerUnit",
      new Matrix(
          0.760401, -0.649454, 0.000000, 12739.999023,
          0.649454, 0.760401, 0.000000, 11560.789063,
          0.000000, 0.000000, 1.000000, 385.940247,
          0.000000, 0.000000, 0.000000, 1.000000
        ),
      [
        ["SurfaceControl", "PutonGround"],
        ["Length", 12]
      ]
    ],

    [
      "Village_Yakovlevo_FenceWicker_7",
      "InteriorObject",
      "CFenceWickerUnit",
      new Matrix(
          -0.595694, 0.803212, 0.000000, 12784.046875,
          -0.803212, -0.595694, 0.000000, 11498.246094,
          0.000000, 0.000000, 1.000000, 390.394684,
          0.000000, 0.000000, 0.000000, 1.000000
        ),
      [
        ["SurfaceControl", "PutonGround"],
        ["Length", 11]
      ]
    ],

    [
      "Village_Yakovlevo_FenceWicker_8",
      "InteriorObject",
      "CFenceWickerUnit",
      new Matrix(
          -0.501769, -0.865002, 0.000000, 12758.221680,
          0.865002, -0.501769, 0.000000, 11576.369141,
          0.000000, 0.000000, 1.000000, 384.902039,
          0.000000, 0.000000, 0.000000, 1.000000
        ),
      [
        ["SurfaceControl", "PutonGround"],
        ["Length", 9]
      ]
    ],

    [
      "Village_Yakovlevo_FenceWicker_9",
      "InteriorObject",
      "CFenceWickerUnit",
      new Matrix(
          -0.470530, -0.882384, 0.000000, 12805.625000,
          0.882384, -0.470530, 0.000000, 11575.075195,
          0.000000, 0.000000, 1.000000, 385.007996,
          0.000000, 0.000000, 0.000000, 1.000000
        ),
      [
        ["SurfaceControl", "PutonGround"],
        ["Length", 8]
      ]
    ],

    [
      "Village_Yakovlevo_FenceWicker_10",
      "InteriorObject",
      "CFenceWickerUnit",
      new Matrix(
          -0.442856, -0.896593, 0.000000, 12813.965820,
          0.896593, -0.442856, 0.000000, 11561.429688,
          0.000000, 0.000000, 1.000000, 386.004669,
          0.000000, 0.000000, 0.000000, 1.000000
        ),
      [
        ["SurfaceControl", "PutonGround"],
        ["Length", 8]
      ]
    ],

    [
      "Village_Yakovlevo_FenceWicker_11",
      "InteriorObject",
      "CFenceWickerUnit",
      new Matrix(
          -0.743606, 0.668618, 0.000000, 12831.877930,
          -0.668618, -0.743606, 0.000000, 11577.058594,
          0.000000, 0.000000, 1.000000, 385.047760,
          0.000000, 0.000000, 0.000000, 1.000000
        ),
      [
        ["SurfaceControl", "PutonGround"],
        ["Length", 12]
      ]
    ],

    [
      "Village_Yakovlevo_FenceWicker_12",
      "InteriorObject",
      "CFenceWickerUnit",
      new Matrix(
          0.925756, -0.378121, 0.000000, 12783.336914,
          0.378121, 0.925756, 0.000000, 11599.307617,
          0.000000, 0.000000, 1.000000, 383.262634,
          0.000000, 0.000000, 0.000000, 1.000000
        ),
      [
        ["SurfaceControl", "PutonGround"],
        ["Length", 3]
      ]
    ],

    [
      "Village_Yakovlevo_FenceWicker_13",
      "InteriorObject",
      "CFenceWickerUnit",
      new Matrix(
          -0.474211, -0.880411, 0.000000, 12831.822266,
          0.880411, -0.474211, 0.000000, 11576.973633,
          0.000000, 0.000000, 1.000000, 385.053040,
          0.000000, 0.000000, 0.000000, 1.000000
        ),
      [
        ["SurfaceControl", "PutonGround"],
        ["Length", 8]
      ]
    ],

    [
      "Village_Yakovlevo_FenceWicker_14",
      "InteriorObject",
      "CFenceWickerUnit",
      new Matrix(
          -0.489248, -0.872145, 0.000000, 12741.366211,
          0.872145, -0.489248, 0.000000, 11465.278320,
          0.000000, 0.000000, 1.000000, 392.650787,
          0.000000, 0.000000, 0.000000, 1.000000
        ),
      [
        ["SurfaceControl", "PutonGround"],
        ["Length", 13]
      ]
    ],

    [
      "Village_Yakovlevo_FenceWicker_15",
      "InteriorObject",
      "CFenceWickerUnit",
      new Matrix(
          -0.468269, -0.883586, 0.000000, 12823.810547,
          0.883586, -0.468269, 0.000000, 11589.903320,
          0.000000, 0.000000, 1.000000, 384.113831,
          0.000000, 0.000000, 0.000000, 1.000000
        ),
      [
        ["SurfaceControl", "PutonGround"],
        ["Length", 7]
      ]
    ],

    [
      "Village_Yakovlevo_FenceWicker_16",
      "InteriorObject",
      "CFenceWickerUnit",
      new Matrix(
          -0.529599, -0.848248, 0.000000, 12720.538086,
          0.848248, -0.529599, 0.000000, 11453.449219,
          0.000000, 0.000000, 1.000000, 393.457092,
          0.000000, 0.000000, 0.000000, 1.000000
        ),
      [
        ["SurfaceControl", "PutonGround"],
        ["Length", 12]
      ]
    ],

    [
      "Village_Yakovlevo_FenceWicker_17",
      "InteriorObject",
      "CFenceWickerUnit",
      new Matrix(
          -0.904368, 0.426754, 0.000000, 12816.103516,
          -0.426754, -0.904368, 0.000000, 11601.446289,
          0.000000, 0.000000, 1.000000, 383.271149,
          0.000000, 0.000000, 0.000000, 1.000000
        ),
      [
        ["SurfaceControl", "PutonGround"],
        ["Length", 4]
      ]
    ],

    [
      "Village_Yakovlevo_FenceWicker_18",
      "InteriorObject",
      "CFenceWickerUnit",
      new Matrix(
          -0.931098, 0.364768, 0.000000, 12747.923828,
          -0.364768, -0.931098, 0.000000, 11469.851563,
          0.000000, 0.000000, 1.000000, 392.377625,
          0.000000, 0.000000, 0.000000, 1.000000
        ),
      [
        ["SurfaceControl", "PutonGround"],
        ["Length", 4]
      ]
    ],

    [
      "Village_Yakovlevo_FenceWicker_19",
      "InteriorObject",
      "CFenceWickerUnit",
      new Matrix(
          -0.724934, 0.688818, 0.000000, 12749.547852,
          -0.688818, -0.724934, 0.000000, 11504.112305,
          0.000000, 0.000000, 1.000000, 390.003693,
          0.000000, 0.000000, 0.000000, 1.000000
        ),
      [
        ["SurfaceControl", "PutonGround"],
        ["Length", 15]
      ]
    ],

    [
      "Village_Yakovlevo_FenceWicker_20",
      "InteriorObject",
      "CFenceWickerUnit",
      new Matrix(
          0.794426, -0.607361, 0.000000, 12755.047852,
          0.607361, 0.794426, 0.000000, 11474.612305,
          0.000000, 0.000000, 1.000000, 392.065338,
          0.000000, 0.000000, 0.000000, 1.000000
        ),
      [
        ["SurfaceControl", "PutonGround"],
        ["Length", 3]
      ]
    ],

    [
      "Village_Yakovlevo_FenceWicker_21",
      "InteriorObject",
      "CFenceWickerUnit",
      new Matrix(
          -0.989478, 0.144683, 0.000000, 12701.164063,
          -0.144683, -0.989478, 0.000000, 11574.748047,
          0.000000, 0.000000, 1.000000, 385.166412,
          0.000000, 0.000000, 0.000000, 1.000000
        ),
      [
        ["Length", 3],
        ["SurfaceControl", "PutonGround"]
      ]
    ],

    [
      "Village_Yakovlevo_FenceWicker_22",
      "InteriorObject",
      "CFenceWickerUnit",
      new Matrix(
          -0.460924, -0.887440, 0.000000, 12784.096680,
          0.887440, -0.460924, 0.000000, 11497.984375,
          0.000000, 0.000000, 1.000000, 390.413605,
          0.000000, 0.000000, 0.000000, 1.000000
        ),
      [
        ["SurfaceControl", "PutonGround"],
        ["Length", 16]
      ]
    ],

    [
      "Village_Yakovlevo_FenceWicker_23",
      "InteriorObject",
      "CFenceWickerUnit",
      new Matrix(
          0.934979, -0.354703, 0.000000, 12801.816406,
          0.354703, 0.934979, 0.000000, 11602.913086,
          0.000000, 0.000000, 1.000000, 383.057922,
          0.000000, 0.000000, 0.000000, 1.000000
        ),
      [
        ["SurfaceControl", "PutonGround"],
        ["Length", 3]
      ]
    ],

    [
      "Village_Yakovlevo_FenceWicker_24",
      "InteriorObject",
      "CFenceWickerUnit",
      new Matrix(
          -0.761839, 0.647767, 0.000000, 12726.048828,
          -0.647767, -0.761839, 0.000000, 11551.817383,
          0.000000, 0.000000, 1.000000, 386.609802,
          0.000000, 0.000000, 0.000000, 1.000000
        ),
      [
        ["SurfaceControl", "PutonGround"],
        ["Length", 12]
      ]
    ],

    [
      "Village_Yakovlevo_FenceWicker_25",
      "InteriorObject",
      "CFenceWickerUnit",
      new Matrix(
          -0.581602, -0.813473, 0.000000, 12725.543945,
          0.813473, -0.581602, 0.000000, 11551.816406,
          0.000000, 0.000000, 1.000000, 386.613922,
          0.000000, 0.000000, 0.000000, 1.000000
        ),
      [
        ["SurfaceControl", "PutonGround"],
        ["Length", 7]
      ]
    ],

    [
      "Village_Yakovlevo_FenceWicker_26",
      "InteriorObject",
      "CFenceWickerUnit",
      new Matrix(
          -0.991616, 0.129219, 0.000000, 12704.770508,
          -0.129219, -0.991616, 0.000000, 11535.878906,
          0.000000, 0.000000, 1.000000, 387.920105,
          0.000000, 0.000000, 0.000000, 1.000000
        ),
      [
        ["Length", 3],
        ["SurfaceControl", "PutonGround"]
      ]
    ],

    [
      "Village_Yakovlevo_FenceWicker_27",
      "InteriorObject",
      "CFenceWickerUnit",
      new Matrix(
          -0.601094, -0.799178, 0.000000, 12699.733398,
          0.799178, -0.601094, 0.000000, 11532.891602,
          0.000000, 0.000000, 1.000000, 388.145782,
          0.000000, 0.000000, 0.000000, 1.000000
        ),
      [
        ["SurfaceControl", "PutonGround"],
        ["Length", 8]
      ]
    ],

    [
      "Village_Yakovlevo_FenceWicker_28",
      "InteriorObject",
      "CFenceWickerUnit",
      new Matrix(
          -0.123148, 0.992388, 0.000000, 12755.266602,
          -0.992388, -0.123148, 0.000000, 11474.632813,
          0.000000, 0.000000, 1.000000, 392.063141,
          0.000000, 0.000000, 0.000000, 1.000000
        ),
      [
        ["Length", 3],
        ["SurfaceControl", "PutonGround"]
      ]
    ],

    [
      "Village_Yakovlevo_FenceWicker_29",
      "InteriorObject",
      "CFenceWickerUnit",
      new Matrix(
          0.299332, -0.954149, 0.000000, 12689.919922,
          0.954149, 0.299332, 0.000000, 11545.506836,
          0.000000, 0.000000, 1.000000, 387.324860,
          0.000000, 0.000000, 0.000000, 1.000000
        ),
      [
        ["SurfaceControl", "PutonGround"],
        ["Length", 11]
      ]
    ],

    [
      "Village_Yakovlevo_FenceWicker_30",
      "InteriorObject",
      "CFenceWickerUnit",
      new Matrix(
          0.875148, -0.483855, 0.000000, 12689.259766,
          0.483855, 0.875148, 0.000000, 11567.408203,
          0.000000, 0.000000, 1.000000, 385.776794,
          0.000000, 0.000000, 0.000000, 1.000000
        ),
      [
        ["Length", 4],
        ["SurfaceControl", "PutonGround"]
      ]
    ],

    [
      "Village_Yakovlevo_FenceWicker_31",
      "InteriorObject",
      "CFenceWickerUnit",
      new Matrix(
          -0.859661, 0.510864, 0.000000, 12740.098633,
          -0.510864, -0.859661, 0.000000, 11560.604492,
          0.000000, 0.000000, 1.000000, 385.952698,
          0.000000, 0.000000, 0.000000, 1.000000
        ),
      [
        ["Length", 5],
        ["SurfaceControl", "PutonGround"]
      ]
    ],

    [
      "Village_Yakovlevo_FenceWicker_32",
      "InteriorObject",
      "CFenceWickerUnit",
      new Matrix(
          -0.555437, -0.831558, 0.000000, 12767.866211,
          0.831558, -0.555437, 0.000000, 11581.938477,
          0.000000, 0.000000, 1.000000, 384.516602,
          0.000000, 0.000000, 0.000000, 1.000000
        ),
      [
        ["SurfaceControl", "PutonGround"],
        ["Length", 12]
      ]
    ],

    [
      "Village_Yakovlevo_FenceWicker_33",
      "InteriorObject",
      "CFenceWickerUnit",
      new Matrix(
          0.871324, -0.490707, 0.000000, 12767.815430,
          0.490707, 0.871324, 0.000000, 11581.982422,
          0.000000, 0.000000, 1.000000, 384.513489,
          0.000000, 0.000000, 0.000000, 1.000000
        ),
      [
        ["SurfaceControl", "PutonGround"],
        ["Length", 6]
      ]
    ],

    [
      "Village_Yakovlevo_FenceWicker_34",
      "InteriorObject",
      "CFenceWickerUnit",
      new Matrix(
          0.629407, 0.777076, 0.000000, 12749.598633,
          -0.777076, 0.629407, 0.000000, 11504.265625,
          0.000000, 0.000000, 1.000000, 389.992493,
          0.000000, 0.000000, 0.000000, 1.000000
        ),
      [
        ["SurfaceControl", "PutonGround"],
        ["Length", 8]
      ]
    ],

    [
      "Village_Yakovlevo_FenceWicker_35",
      "InteriorObject",
      "CFenceWickerUnit",
      new Matrix(
          -0.534366, -0.845253, 0.000000, 12783.162109,
          0.845253, -0.534366, 0.000000, 11599.417969,
          0.000000, 0.000000, 1.000000, 383.255157,
          0.000000, 0.000000, 0.000000, 1.000000
        ),
      [
        ["SurfaceControl", "PutonGround"],
        ["Length", 9]
      ]
    ],

    [
      "Village_Yakovlevo_FenceWicker_36",
      "InteriorObject",
      "CFenceWickerUnit",
      new Matrix(
          0.780238, -0.625483, 0.000000, 12754.325195,
          0.625483, 0.780238, 0.000000, 11601.727539,
          0.000000, 0.000000, 1.000000, 383.127625,
          0.000000, 0.000000, 0.000000, 1.000000
        ),
      [
        ["SurfaceControl", "PutonGround"],
        ["Length", 11]
      ]
    ],

    [
      "Village_Yakovlevo_FenceWicker_37",
      "InteriorObject",
      "CFenceWickerUnit",
      new Matrix(
          -0.537490, -0.843270, 0.000000, 12806.911133,
          0.843270, -0.537490, 0.000000, 11605.899414,
          0.000000, 0.000000, 1.000000, 382.896301,
          0.000000, 0.000000, 0.000000, 1.000000
        ),
      [
        ["SurfaceControl", "PutonGround"],
        ["Length", 9]
      ]
    ],

    [
      "Village_Yakovlevo_FenceWicker_38",
      "InteriorObject",
      "CFenceWickerUnit",
      new Matrix(
          -0.837249, 0.546822, 0.000000, 12785.531250,
          -0.546822, -0.837249, 0.000000, 11620.124023,
          0.000000, 0.000000, 1.000000, 381.857361,
          0.000000, 0.000000, 0.000000, 1.000000
        ),
      [
        ["SurfaceControl", "PutonGround"],
        ["Length", 7]
      ]
    ],

    [
      "Village_Yakovlevo_FenceWicker_39",
      "InteriorObject",
      "CFenceWickerUnit",
      new Matrix(
          -0.548477, -0.836166, 0.000000, 12787.375977,
          0.836166, -0.548477, 0.000000, 11520.550781,
          0.000000, 0.000000, 1.000000, 388.846954,
          0.000000, 0.000000, 0.000000, 1.000000
        ),
      [
        ["SurfaceControl", "PutonGround"],
        ["Length", 13]
      ]
    ],

    [
      "Village_Yakovlevo_FenceWicker_40",
      "InteriorObject",
      "CFenceWickerUnit",
      new Matrix(
          -0.677073, -0.735916, 0.000000, 12767.401367,
          0.735916, -0.677073, 0.000000, 11477.943359,
          0.000000, 0.000000, 1.000000, 391.826477,
          0.000000, 0.000000, 0.000000, 1.000000
        ),
      [
        ["SurfaceControl", "PutonGround"],
        ["Length", 8]
      ]
    ],

    [
      "Village_Yakovlevo_FenceWicker_41",
      "InteriorObject",
      "CFenceWickerUnit",
      new Matrix(
          -0.934117, 0.356966, 0.000000, 12781.869141,
          -0.356966, -0.934117, 0.000000, 11548.118164,
          0.000000, 0.000000, 1.000000, 386.878235,
          0.000000, 0.000000, 0.000000, 1.000000
        ),
      [
        ["SurfaceControl", "PutonGround"],
        ["Length", 5]
      ]
    ],

    [
      "Village_Yakovlevo_TerrainPatch_1",
      "Locator",
      "CTerrainPatch",
      new Matrix(
          -0.253567, -0.967318, 0.000000, 12742.554688,
          0.967318, -0.253567, 0.000000, 11552.448242,
          0.000000, 0.000000, 1.000000, 386.504822,
          0.000000, 0.000000, 0.000000, 1.000000
        ),
      [
        ["Dimensions", new Vector(170.000000, 170.000000, 11.531250)],
        ["TextureName", "Textures/V_Viso_le_micro.tex"],
        ["ZoneName", "Textures/V_Viso_le_zone.bmp"],
        ["BorderSize", 60.000000],
        ["MaterialID", "Village"]
      ]
    ],

    [
      "Village_Yakovlevo_Dotcha_2Wood_1",
      "GameObject",
      "CDotcha_2WoodUnit",
      new Matrix(
          0.981640, -0.190742, 0.000000, 12670.352539,
          0.190742, 0.981640, 0.000000, 11452.387695,
          0.000000, 0.000000, 1.000000, 393.402283,
          0.000000, 0.000000, 0.000000, 1.000000
        ),
      [
        ["SurfaceControl", "PutonGroundLandingJoints"],
        ["Affiliation", "FRIEND"],
        ["Route", []],
        ["FakeShadowOffset", 0.090000]
      ]
    ],

    [
      "Village_Yakovlevo_DotchaC3_Wood_1",
      "GameObject",
      "CDotchaC3_WoodUnit",
      new Matrix(
          -0.999982, 0.006064, 0.000000, 12688.062500,
          -0.006064, -0.999982, 0.000000, 11488.768555,
          0.000000, 0.000000, 1.000000, 391.328918,
          0.000000, 0.000000, 0.000000, 1.000000
        ),
      [
        ["HitPoints", 200.000000],
        ["SurfaceControl", "PutonGroundLandingJoints"],
        ["Affiliation", "FRIEND"],
        ["Route", []],
        ["FakeShadowOffset", 0.090000]
      ]
    ],

    [
      "Village_Yakovlevo_DotchaWood_1",
      "GameObject",
      "CDotchaWoodUnit",
      new Matrix(
          -0.536349, -0.843996, 0.000000, 12641.012695,
          0.843996, -0.536349, 0.000000, 11453.162109,
          0.000000, 0.000000, 1.000000, 393.353607,
          0.000000, 0.000000, 0.000000, 1.000000
        ),
      [
        ["SurfaceControl", "PutonGroundLandingJoints"],
        ["Affiliation", "FRIEND"],
        ["Route", []],
        ["FakeShadowOffset", 0.090000]
      ]
    ],

    [
      "Village_Yakovlevo_USRCorralWood_1",
      "InteriorObject",
      "CUSRCorralWoodUnit",
      new Matrix(
          0.831118, -0.556082, -0.003988, 12797.781250,
          0.555041, 0.829078, 0.067528, 11540.476563,
          -0.034245, -0.058337, 0.997710, 387.474091,
          0.000000, 0.000000, 0.000000, 1.000000
        ),
      [
        ["HitPoints", 200.000000],
        ["SurfaceControl", "PutonGround"],
        ["Affiliation", "NEUTRAL"],
        ["Route", []],
        ["FakeShadowOffset", 0.090000]
      ]
    ],

    [
      "Village_Yakovlevo_USRCorralWood_2",
      "InteriorObject",
      "CUSRCorralWoodUnit",
      new Matrix(
          0.833241, -0.552828, 0.009484, 12698.369141,
          0.550975, 0.831637, 0.069328, 11560.687500,
          -0.046214, -0.052541, 0.997549, 386.195740,
          0.000000, 0.000000, 0.000000, 1.000000
        ),
      [
        ["SurfaceControl", "PutonGround"],
        ["HitPoints", 200.000000],
        ["Affiliation", "NEUTRAL"],
        ["Route", []],
        ["FakeShadowOffset", 0.090000]
      ]
    ],

    [
      "Village_Yakovlevo_USRCorralWood_3",
      "InteriorObject",
      "CUSRCorralWoodUnit",
      new Matrix(
          0.899174, -0.437590, 0.000000, 12836.258789,
          0.437590, 0.899174, 0.000000, 11601.750977,
          0.000000, 0.000000, 1.000000, 383.444794,
          0.000000, 0.000000, 0.000000, 1.000000
        ),
      [
        ["SurfaceControl", "PutonGroundUpright"],
        ["HitPoints", 200.000000],
        ["Affiliation", "NEUTRAL"],
        ["Route", []],
        ["FakeShadowOffset", 0.090000]
      ]
    ],

    [
      "Village_Yakovlevo_USRHouseWood_1",
      "InteriorObject",
      "CUSRHouseWoodUnit",
      new Matrix(
          0.818532, -0.574461, -0.000097, 12749.467773,
          0.573155, 0.816658, 0.067547, 11577.550781,
          -0.038724, -0.055345, 0.997716, 384.816284,
          0.000000, 0.000000, 0.000000, 1.000000
        ),
      [
        ["SurfaceControl", "PutonGround"],
        ["Affiliation", "NEUTRAL"],
        ["Route", []],
        ["FakeShadowOffset", 0.090000]
      ]
    ],

    [
      "Village_Yakovlevo_USRHouseWood_2",
      "InteriorObject",
      "CUSRHouseWoodUnit",
      new Matrix(
          0.616949, 0.787001, 0.001777, 12719.825195,
          -0.785389, 0.615537, 0.065405, 11484.002930,
          0.050380, -0.041747, 0.997857, 391.511322,
          0.000000, 0.000000, 0.000000, 1.000000
        ),
      [
        ["SurfaceControl", "PutonGround"],
        ["Affiliation", "NEUTRAL"],
        ["Route", []],
        ["FakeShadowOffset", 0.090000]
      ]
    ],

    [
      "Village_Yakovlevo_USRHouseWood_3",
      "InteriorObject",
      "CUSRHouseWoodUnit",
      new Matrix(
          -0.489057, -0.872244, 0.003761, 12773.265625,
          0.870004, -0.487483, 0.073845, 11530.685547,
          -0.062577, 0.039387, 0.997263, 388.092773,
          0.000000, 0.000000, 0.000000, 1.000000
        ),
      [
        ["SurfaceControl", "PutonGround"],
        ["Affiliation", "NEUTRAL"],
        ["Route", []],
        ["FakeShadowOffset", 0.090000]
      ]
    ],

    [
      "Village_Yakovlevo_USRHouseWood_4",
      "InteriorObject",
      "CUSRHouseWoodUnit",
      new Matrix(
          0.459166, 0.888350, 0.000501, 12732.592773,
          -0.886264, 0.458049, 0.068756, 11563.221680,
          0.060850, -0.032015, 0.997633, 385.790649,
          0.000000, 0.000000, 0.000000, 1.000000
        ),
      [
        ["SurfaceControl", "PutonGround"],
        ["Affiliation", "NEUTRAL"],
        ["Route", []],
        ["FakeShadowOffset", 0.090000]
      ]
    ],

    [
      "Village_Yakovlevo_USRHouseWood_5",
      "InteriorObject",
      "CUSRHouseWoodUnit",
      new Matrix(
          0.516488, 0.856292, 0.002197, 12779.569336,
          -0.854191, 0.515038, 0.071373, 11594.462891,
          0.059985, -0.038740, 0.997447, 383.622803,
          0.000000, 0.000000, 0.000000, 1.000000
        ),
      [
        ["SurfaceControl", "PutonGround"],
        ["Affiliation", "NEUTRAL"],
        ["Route", []],
        ["FakeShadowOffset", 0.090000]
      ]
    ],

    [
      "Village_Yakovlevo_USRHouseWood_6",
      "InteriorObject",
      "CUSRHouseWoodUnit",
      new Matrix(
          -0.534893, -0.844772, -0.015824, 12840.853516,
          0.842758, -0.534770, 0.061477, 11637.261719,
          -0.060397, 0.019548, 0.997983, 381.273773,
          0.000000, 0.000000, 0.000000, 1.000000
        ),
      [
        ["SurfaceControl", "PutonGround"],
        ["Affiliation", "NEUTRAL"],
        ["Route", []],
        ["FakeShadowOffset", 0.090000]
      ]
    ],

    [
      "Village_Yakovlevo_USRHouseWood_7",
      "InteriorObject",
      "CUSRHouseWoodUnit",
      new Matrix(
          0.544193, 0.838957, 0.002251, 12780.641602,
          -0.836968, 0.542714, 0.070329, 11566.533203,
          0.057781, -0.040157, 0.997521, 385.617218,
          0.000000, 0.000000, 0.000000, 1.000000
        ),
      [
        ["SurfaceControl", "PutonGround"],
        ["Affiliation", "NEUTRAL"],
        ["Route", []],
        ["FakeShadowOffset", 0.090000]
      ]
    ],

    [
      "Village_Yakovlevo_USRShedWood_1",
      "InteriorObject",
      "CUSRShedWoodUnit",
      new Matrix(
          0.468392, 0.883440, -0.011926, 12821.644531,
          -0.881361, 0.468148, 0.063568, 11646.501953,
          0.061742, -0.019264, 0.997906, 380.402588,
          0.000000, 0.000000, 0.000000, 1.000000
        ),
      [
        ["SurfaceControl", "PutonGround"],
        ["Affiliation", "NEUTRAL"],
        ["Route", []],
        ["FakeShadowOffset", 0.090000]
      ]
    ],

    [
      "Village_Yakovlevo_USRShedWood_2",
      "InteriorObject",
      "CUSRShedWoodUnit",
      new Matrix(
          -0.914895, 0.403672, 0.004029, 12728.943359,
          -0.402365, -0.912651, 0.071904, 11517.437500,
          0.032702, 0.064163, 0.997403, 389.132019,
          0.000000, 0.000000, 0.000000, 1.000000
        ),
      [
        ["SurfaceControl", "PutonGround"],
        ["Affiliation", "NEUTRAL"],
        ["Route", []],
        ["FakeShadowOffset", 0.090000]
      ]
    ],

    [
      "Village_Yakovlevo_USRShedWood_3",
      "InteriorObject",
      "CUSRShedWoodUnit",
      new Matrix(
          0.837067, -0.547100, 0.000000, 12784.417969,
          0.547100, 0.837067, 0.000000, 11613.752930,
          0.000000, 0.000000, 1.000000, 382.681885,
          0.000000, 0.000000, 0.000000, 1.000000
        ),
      [
        ["SurfaceControl", "PutonGroundLandingJoints"],
        ["Affiliation", "NEUTRAL"],
        ["Route", []],
        ["FakeShadowOffset", 0.090000]
      ]
    ],

    [
      "Village_Yakovlevo_USRShedWood_4",
      "InteriorObject",
      "CUSRShedWoodUnit",
      new Matrix(
          0.538485, 0.842626, 0.003972, 12739.346680,
          -0.840628, 0.536871, 0.071507, 11504.004883,
          0.058122, -0.041844, 0.997432, 390.052032,
          0.000000, 0.000000, 0.000000, 1.000000
        ),
      [
        ["SurfaceControl", "PutonGround"],
        ["Affiliation", "NEUTRAL"],
        ["Route", []],
        ["FakeShadowOffset", 0.090000]
      ]
    ],

    [
      "Village_Yakovlevo_USRShedWood_5",
      "InteriorObject",
      "CUSRShedWoodUnit",
      new Matrix(
          0.591154, 0.806520, -0.007957, 12817.412109,
          -0.804386, 0.590257, 0.067524, 11592.691406,
          0.059156, -0.033517, 0.997686, 383.874451,
          0.000000, 0.000000, 0.000000, 1.000000
        ),
      [
        ["SurfaceControl", "PutonGround"],
        ["Affiliation", "NEUTRAL"],
        ["Route", []],
        ["FakeShadowOffset", 0.090000]
      ]
    ],

    [
      "Village_Yakovlevo_WaterWell_1_1",
      "InteriorObject",
      "CWaterWell_1Unit",
      new Matrix(
          -0.202581, 0.979265, 0.000000, 12737.253906,
          -0.979265, -0.202581, 0.000000, 11582.045898,
          0.000000, 0.000000, 1.000000, 384.522919,
          0.000000, 0.000000, 0.000000, 1.000000
        ),
      [
        ["SurfaceControl", "PutonGroundUpright"],
        ["Affiliation", "NEUTRAL"],
        ["Route", []],
        ["ShadowPlaneOffset", 0.050000]
      ]
    ],

    [
      "Village_Yakovlevo_WaterWell_2_1",
      "InteriorObject",
      "CWaterWell_2Unit",
      new Matrix(
          0.231439, -0.972849, -0.000031, 12737.217773,
          0.970633, 0.230910, 0.067468, 11582.338867,
          -0.065629, -0.015645, 0.997721, 384.480743,
          0.000000, 0.000000, 0.000000, 1.000000
        ),
      [
        ["SurfaceControl", "PutonGround"]
      ]
    ],

    [
      "Village_Yakovlevo",
      "ObjectsGroup",
      "CObjectsGroup",
      new Matrix(
          0.818014, -0.575198, 0.000000, 12746.461914,
          0.575198, 0.818014, 0.000000, 11536.477539,
          0.000000, 0.000000, 1.000000, 390.027374,
          0.000000, 0.000000, 0.000000, 1.000000
        ),
      [
        ["Contents", ["Village_Yakovlevo_DotchaC3_Wood_1", "Village_Yakovlevo_DotchaWood_1", "Village_Yakovlevo_Dotcha_2Wood_1", "Village_Yakovlevo_FenceWicker_1", "Village_Yakovlevo_FenceWicker_10", "Village_Yakovlevo_FenceWicker_11", "Village_Yakovlevo_FenceWicker_12", "Village_Yakovlevo_FenceWicker_13", "Village_Yakovlevo_FenceWicker_14", "Village_Yakovlevo_FenceWicker_15", "Village_Yakovlevo_FenceWicker_16", "Village_Yakovlevo_FenceWicker_17", "Village_Yakovlevo_FenceWicker_18", "Village_Yakovlevo_FenceWicker_19", "Village_Yakovlevo_FenceWicker_2", "Village_Yakovlevo_FenceWicker_20", "Village_Yakovlevo_FenceWicker_21", "Village_Yakovlevo_FenceWicker_22", "Village_Yakovlevo_FenceWicker_23", "Village_Yakovlevo_FenceWicker_24", "Village_Yakovlevo_FenceWicker_25", "Village_Yakovlevo_FenceWicker_26", "Village_Yakovlevo_FenceWicker_27", "Village_Yakovlevo_FenceWicker_28", "Village_Yakovlevo_FenceWicker_29", "Village_Yakovlevo_FenceWicker_3", "Village_Yakovlevo_FenceWicker_30", "Village_Yakovlevo_FenceWicker_31", "Village_Yakovlevo_FenceWicker_32", "Village_Yakovlevo_FenceWicker_33", "Village_Yakovlevo_FenceWicker_34", "Village_Yakovlevo_FenceWicker_35", "Village_Yakovlevo_FenceWicker_36", "Village_Yakovlevo_FenceWicker_37", "Village_Yakovlevo_FenceWicker_38", "Village_Yakovlevo_FenceWicker_39", "Village_Yakovlevo_FenceWicker_4", "Village_Yakovlevo_FenceWicker_40", "Village_Yakovlevo_FenceWicker_41", "Village_Yakovlevo_FenceWicker_5", "Village_Yakovlevo_FenceWicker_6", "Village_Yakovlevo_FenceWicker_7", "Village_Yakovlevo_FenceWicker_8", "Village_Yakovlevo_FenceWicker_9", "Village_Yakovlevo_TerrainPatch_1", "Village_Yakovlevo_USRCorralWood_1", "Village_Yakovlevo_USRCorralWood_2", "Village_Yakovlevo_USRCorralWood_3", "Village_Yakovlevo_USRHouseWood_1", "Village_Yakovlevo_USRHouseWood_2", "Village_Yakovlevo_USRHouseWood_3", "Village_Yakovlevo_USRHouseWood_4", "Village_Yakovlevo_USRHouseWood_5", "Village_Yakovlevo_USRHouseWood_6", "Village_Yakovlevo_USRHouseWood_7", "Village_Yakovlevo_USRShedWood_1", "Village_Yakovlevo_USRShedWood_2", "Village_Yakovlevo_USRShedWood_3", "Village_Yakovlevo_USRShedWood_4", "Village_Yakovlevo_USRShedWood_5", "Village_Yakovlevo_WaterWell_1_1", "Village_Yakovlevo_WaterWell_2_1"]]
      ]
    ],

    [
      "NavPoint_Tig_Dubrova",
      "NavPoint",
      "CZAxisCylNavPoint",
      new Matrix(
          0.334606, -0.942358, 0.000000, 17861.146484,
          0.942358, 0.334606, 0.000000, 21973.029297,
          0.000000, 0.000000, 1.000000, 457.174316,
          0.000000, 0.000000, 0.000000, 1.000000
        ),
      [
        ["Detect", true],
        ["PositionType", "Ground"],
        ["Range", 40.000000],
        ["IsVisible", true],
        ["IsMain", true],
        ["Name", ""],
        ["Mask", [[], []]],
        ["BehaviorHeight", 0.000000],
        ["MapCompass", false]
      ]
    ],

    [
      "NavPoint_Dubrova",
      "NavPoint",
      "CZAxisCylNavPoint",
      new Matrix(
          0.334606, -0.942358, 0.000000, 18243.138672,
          0.942358, 0.334606, 0.000000, 21968.853516,
          0.000000, 0.000000, 1.000000, 459.588562,
          0.000000, 0.000000, 0.000000, 1.000000
        ),
      [
        ["Detect", true],
        ["PositionType", "Ground"],
        ["Name", "CKurskM4Mission_Strings::str_NavPoint_Dubrova"],
        ["Range", 80.000000],
        ["IsVisible", true],
        ["BehaviorHeight", 0.000000],
        ["MapCompass", false],
        ["IsMain", true]
      ]
    ],

    [
      "Village_Dubrova_FenceWicker_1",
      "InteriorObject",
      "CFenceWickerUnit",
      new Matrix(
