//-------------------------------------------------------------------
//                                                                   
//  This code is copyright 2001 by G5 Software.                      
//  Any unauthorized usage, either in part or in whole of this code  
//  is strictly prohibited. Violators WILL be prosecuted to the      
//  maximum extent allowed by law.                                   
//                                                                   
//-------------------------------------------------------------------
//                                                                   
//  Automatically-generated mission script file                      
//  DO NOT EDIT!                                                     
//                                                                   
//-------------------------------------------------------------------


class CCWM3Content
{
  static String m_ObjectListClassFile = "Missions/CustomMissions/CWinterMission3/Content.script";
  static String m_ObjectListClassName = "CCWM3Content";

  static Array  m_MissionObjectList   = [
    [
      "Atmosphere",
      "",
      "",
      new Matrix(
          1.000000, 0.000000, 0.000000, 0.000000,
          0.000000, 1.000000, 0.000000, 0.000000,
          0.000000, 0.000000, 1.000000, 0.000000,
          0.000000, 0.000000, 0.000000, 1.000000
        ),
      [
        ["AmbientLight", new Color(0.337255, 0.337255, 0.384314, 1.000000)],
        ["AntiSunAngle", 10.000000],
        ["AntiSunColor", new Color(0.337255, 0.337255, 0.384314, 1.000000)],
        ["AntiSunIntensity", 0.050000],
        ["EnableHorizontAdjustment", true],
        ["FogColorXNeg", new Color(0.811765, 0.874510, 0.937255, 1.000000)],
        ["FogColorXPos", new Color(0.549020, 0.647059, 0.811765, 1.000000)],
        ["FogColorYNeg", new Color(0.549020, 0.647059, 0.815686, 1.000000)],
        ["FogColorYPos", new Color(0.815686, 0.878431, 0.941176, 1.000000)],
        ["FogDensity", 0.000800],
        ["FogNear", 1000.000000],
        ["FogFar", 2000.000000],
        ["FogFarMax", 4500.000000],
        ["FogMode", "Exp"],
        ["ShadowColor", new Color(0.611765, 0.623529, 0.713726, 1.000000)],
        ["SunColor", new Color(0.937255, 0.949020, 0.976471, 1.000000)],
        ["SunDirection", new Vector(-0.005952, 0.155542, -0.305348)],
        ["SunIntensity", 0.700000],
        ["TreeLightKoef", 0.300000],
        ["TreeNormalRelax", 1.000000],
        ["TreeShadowLodDistance", 25.000000],
        ["AntiSunHorAngle", 90.000000],
        ["BlindColor", new Color(1.000000, 1.000000, 1.000000, 1.000000)],
        ["DistanceToSun", 50000.000000],
        ["StencilShadowColor", new Color(0.611765, 0.623529, 0.713726, 1.000000)],
        ["SunSpecularIntensity", 0.500000],
        ["ShadowFar", 600.000000],
        ["AntiSunSpecularIntensity", 0.200000],
        ["CenterHeight", 400.000000],
        ["AntiSunEnabled", true],
        ["SunShines", 0.100000],
        ["IsSunVisible", true]
      ]
    ],

    [
      "Terrain",
      "",
      "",
      new Matrix(
          1.000000, 0.000000, 0.000000, 0.000000,
          0.000000, 1.000000, 0.000000, 0.000000,
          0.000000, 0.000000, 1.000000, 0.000000,
          0.000000, 0.000000, 0.000000, 1.000000
        ),
      [
        ["VertForestAngleMin", 0.000000],
        ["VertForestAngleMax", 45.000000],
        ["VertForestBeginFadeDist", [150.000000, 610.000000]],
        ["VertForestDistMin", 250.000000],
        ["IsAntiLighting", true],
        ["WaterFresnelPower", 1.000000],
        ["WaterColor", new Color(0.384314, 0.317647, 0.203922, 1.000000)],
        ["WaterBorderColor", new Color(0.384314, 0.317647, 0.203922, 1.000000)],
        ["WaterTexScale", 3.000000],
        ["WaterMicroTexScale", 32.000000],
        ["WaterBorderScale", 0.500000],
        ["WaterPenaTexScale", 8.500000],
        ["WaterPenaBorderScale", 2.000000],
        ["WaterClearColor", new Color(0.384314, 0.317647, 0.203922, 1.000000)],
        ["ForestTextureScale", 0.500000],
        ["ForestBorderScale", 0.500000],
        ["ForestShadowBorderScale", 0.000000],
        ["ForestAlphaScale", 0.500000],
        ["ForestShadowAlphaScale", 0.400000],
        ["ForestBeginFadeDist", [250.000000, 500.000000]],
        ["FakeForestBeginFadeDist", [500.000000, 910.000000]],
        ["AnimationSpeed", 0.060000],
        ["VertForestDistMax", 8000.000000],
        ["TerrainShadowPower", 1.000000],
        ["BumpSlopeness", 0.650000],
        ["NormalNoise", 0.500000],
        ["ReflectDistortion", 0.300000],
        ["ReflectTextureShift", 0.300000],
        ["BorderOffset", 0.100000],
        ["ClipPlaneShift", 1.000000],
        ["ForestLightFadeDist", [300.000000, 500.000000]],
        ["FakeForestLightFadeDist", [300.000000, 500.000000]]
      ]
    ],

    [
      "Low_fog",
      "Cloud",
      "CCloud",
      new Matrix(
          1.000000, 0.000000, 0.000000, 5003.165039,
          0.000000, 1.000000, 0.000000, 2590.149658,
          0.000000, 0.000000, 1.000000, 2198.289307,
          0.000000, 0.000000, 0.000000, 1.000000
        ),
      [
        ["SpriteSize", 600.000000],
        ["Density", 0.080000],
        ["Ambient", new Color(1.000000, 1.000000, 1.000000, 1.000000)],
        ["DbgRenderBoxes", false],
        ["Height0", 0.000000],
        ["Color0", new Color(0.811765, 0.874510, 0.937255, 1.000000)],
        ["Height1", 0.080000],
        ["Color1", new Color(0.811765, 0.874510, 0.937255, 1.000000)],
        ["Height2", 0.200000],
        ["Color2", new Color(0.549020, 0.647059, 0.811765, 1.000000)],
        ["Height3", 0.500000],
        ["Color3", new Color(0.329412, 0.474510, 0.721569, 1.000000)],
        ["Height4", 0.700000],
        ["Color4", new Color(0.549020, 0.647059, 0.811765, 1.000000)],
        ["Matid0", ["Mtr_c", "Mtr_d", "Mtr_e", "Mtr_5"]],
        ["Matid1", ["Mtr_4", "Mtr_9", "Mtr_a", "Mtr_b"]],
        ["Matid2", ["Mtr_4", "Mtr_5", "Mtr_6", "Mtr_7"]],
        ["Matid3", ["Mtr_0", "Mtr_1", "Mtr_b", "Mtr_3"]],
        ["Matid4", ["Mtr_0", "Mtr_1", "Mtr_b", "Mtr_3"]],
        ["Size0", 0.700000],
        ["Size1", 1.000000],
        ["Size2", 1.000000],
        ["Size3", 1.000000],
        ["Size4", 1.000000],
        ["Dens0", 0.120000],
        ["Dens1", 0.300000],
        ["Dens2", 0.200000],
        ["Dens3", 0.160000],
        ["Dens4", 0.100000],
        ["Boxes", [[new Vector(0.000000, 0.000000, 0.000000), new Vector(3000.000000, 3600.000000, 1050.000000)], [new Vector(0.000000, 0.000000, 500.000000), new Vector(2000.000000, 2000.000000, 3750.000000)], [new Vector(-1500.000000, -1350.000000, 350.000000), new Vector(1600.000000, 2000.000000, 2000.000000)], [new Vector(500.000000, -400.000000, 150.000000), new Vector(3750.000000, 3750.000000, 1050.000000)], [new Vector(500.000000, 400.000000, -50.000000), new Vector(3400.000000, 3400.000000, 1100.000000)], [new Vector(0.000000, -800.000000, 100.000000), new Vector(2000.000000, 2600.000000, 800.000000)]]],
        ["RenderClouds", true],
        ["NearAtten", 50.000000],
        ["FarAtten", 100.000000]
      ]
    ],

    [
      "MainPlayerUnit",
      "GameObject",
      "CTankPzVITigerE1_Early_WUnit",
      new Matrix(
          -0.424745, 0.903539, -0.056652, 4614.500000,
          -0.905312, -0.423849, 0.027592, 3928.971680,
          0.000918, 0.063007, 0.998013, 590.315125,
          0.000000, 0.000000, 0.000000, 1.000000
        ),
      [
        ["IsPlayer", true],
        ["IsManual", true],
        ["Affiliation", "FRIEND"],
        ["BehRadarMask", [["ENEMY", "MainMesh"], []]],
        ["Number", "001"],
        ["Flag", true],
        ["Markings", ""],
        ["K_RINGS", "b28"],
        ["SurfaceControl", "PutonGround"]
      ]
    ],

    [
      "Village",
      "ObjectsGroup",
      "CObjectsGroup",
      new Matrix(
          0.841173, 0.540767, 0.000000, 4689.604492,
          -0.540767, 0.841173, 0.000000, 3129.253174,
          0.000000, 0.000000, 1.000000, 590.559021,
          0.000000, 0.000000, 0.000000, 1.000000
        ),
      [
        ["Contents", ["AdministrativeBuilding", "Village_Group1", "Village_Group2", "Village_Group3", "Village_Group4", "Village_Group6", "Village_Group7", "Village_Group8", "Village_Group9", "Village_Micro", "Village_Shed", "Village_Well1"]]
      ]
    ],

    [
      "NavPointKrin",
      "NavPoint",
      "CZAxisCylNavPoint",
      new Matrix(
          -0.531176, 0.847262, 0.000000, 4690.286621,
          -0.847262, -0.531176, 0.000000, 3154.692139,
          0.000000, 0.000000, 1.000000, 586.889160,
          0.000000, 0.000000, 0.000000, 1.000000
        ),
      [
        ["Range", 50.000000],
        ["IsVisible", true],
        ["IsMain", true],
        ["PositionType", "Ground"],
        ["Name", "CWinterM3Mission_Strings::str_NavPointKrin"]
      ]
    ],

    [
      "Village_Micro",
      "Locator",
      "CTerrainPatch",
      new Matrix(
          -0.531176, 0.847262, 0.000000, 4690.286621,
          -0.847262, -0.531176, 0.000000, 3154.692139,
          0.000000, 0.000000, 1.000000, 586.889160,
          0.000000, 0.000000, 0.000000, 1.000000
        ),
      [
        ["Dimensions", new Vector(160.000000, 160.000000, 5.914368)],
        ["TextureName", "Textures/Winter/C1M1_Populated01_micro.tex"],
        ["ZoneName", "Textures/Winter/C1M1_Populated01_zone.bmp"],
        ["BorderSize", 100.000000],
        ["MaterialID", "Village"]
      ]
    ],

    [
      "AdministrativeBuilding",
      "InteriorObject",
      "CUSRHouseWoodUnit",
      new Matrix(
          0.842023, 0.539419, 0.004894, 4703.979004,
          -0.539283, 0.841523, 0.031820, 3163.054932,
          0.013046, -0.029432, 0.999482, 586.589417,
          0.000000, 0.000000, 0.000000, 1.000000
        ),
      [
        ["SurfaceControl", "PutonGround"]
      ]
    ],

    [
      "Village_Shed",
      "InteriorObject",
      "CUSRShedWoodUnit",
      new Matrix(
          0.529205, -0.847077, -0.049007, 4776.969238,
          0.848477, 0.527949, 0.036822, 3124.872314,
          -0.005318, -0.061068, 0.998119, 589.442627,
          0.000000, 0.000000, 0.000000, 1.000000
        ),
      [
        ["SurfaceControl", "None"]
      ]
    ],

    [
      "Village_Well1",
      "ObjectsGroup",
      "CObjectsGroup",
      new Matrix(
          0.841173, 0.540767, 0.000000, 4705.764648,
          -0.540767, 0.841173, 0.000000, 3176.486084,
          0.000000, 0.000000, 1.000000, 589.830017,
          0.000000, 0.000000, 0.000000, 1.000000
        ),
      [
        ["Contents", ["Village_Well1_1", "Village_Well1_2"]]
      ]
    ],

    [
      "Village_Well1_1",
      "InteriorObject",
      "CWaterWell_1Unit",
      new Matrix(
          -0.983374, 0.181589, 0.000000, 4703.536621,
          -0.181589, -0.983374, 0.000000, 3176.077637,
          0.000000, 0.000000, 1.000000, 586.273071,
          0.000000, 0.000000, 0.000000, 1.000000
        ),
      [
      ]
    ],

    [
      "Village_Well1_2",
      "InteriorObject",
      "CWaterWell_2Unit",
      new Matrix(
          0.986971, -0.160658, 0.008811, 4703.796875,
          0.160458, 0.986840, 0.019976, 3176.202881,
          -0.011905, -0.018302, 0.999762, 586.271240,
          0.000000, 0.000000, 0.000000, 1.000000
        ),
      [
        ["SurfaceControl", "PutonGround"]
      ]
    ],

    [
      "Village_Group1",
      "ObjectsGroup",
      "CObjectsGroup",
      new Matrix(
          0.841173, 0.540767, 0.000000, 4616.512695,
          -0.540767, 0.841173, 0.000000, 3131.099609,
          0.000000, 0.000000, 1.000000, 591.776917,
          0.000000, 0.000000, 0.000000, 1.000000
        ),
      [
        ["Contents", ["Village_FensesGroup1", "Village_House_1", "Village_Shed_1"]]
      ]
    ],

    [
      "Village_House_1",
      "InteriorObject",
      "CUSRHouseWoodUnit",
      new Matrix(
          -0.503854, 0.863789, 0.000000, 4615.081543,
          -0.863789, -0.503854, 0.000000, 3119.820801,
          0.000000, 0.000000, 1.000000, 590.454712,
          0.000000, 0.000000, 0.000000, 1.000000
        ),
      [
        ["SurfaceControl", "None"]
      ]
    ],

    [
      "Village_Shed_1",
      "InteriorObject",
      "CUSRShedWoodUnit",
      new Matrix(
          0.892741, 0.450571, 0.000000, 4612.496094,
          -0.450571, 0.892741, 0.000000, 3145.685547,
          0.000000, 0.000000, 1.000000, 588.801636,
          0.000000, 0.000000, 0.000000, 1.000000
        ),
      [
        ["SurfaceControl", "None"]
      ]
    ],

    [
      "Village_FensesGroup1",
      "ObjectsGroup",
      "CObjectsGroup",
      new Matrix(
          0.841173, 0.540767, 0.000000, 4617.574219,
          -0.540767, 0.841173, 0.000000, 3130.928467,
          0.000000, 0.000000, 1.000000, 590.174683,
          0.000000, 0.000000, 0.000000, 1.000000
        ),
      [
        ["Contents", ["FensesGroup1_1", "FensesGroup1_2", "FensesGroup1_3", "FensesGroup1_4", "FensesGroup1_5", "FensesGroup1_6"]]
      ]
    ],

    [
      "FensesGroup1_1",
      "InteriorObject",
      "CFenceWickerUnit",
      new Matrix(
          0.854508, 0.519264, 0.013476, 4617.975098,
          -0.519344, 0.853571, 0.041213, 3116.272705,
          0.009898, -0.042216, 0.999059, 590.442932,
          0.000000, 0.000000, 0.000000, 1.000000
        ),
      [
        ["SurfaceControl", "PutonGround"],
        ["Length", 3]
      ]
    ],

    [
      "FensesGroup1_2",
      "InteriorObject",
      "CFenceWickerUnit",
      new Matrix(
          -0.838770, -0.544258, 0.015759, 4610.829102,
          0.544470, -0.838169, 0.032012, 3118.919189,
          -0.004214, 0.035432, 0.999363, 590.473572,
          0.000000, 0.000000, 0.000000, 1.000000
        ),
      [
        ["Length", 3],
        ["SurfaceControl", "PutonGround"]
      ]
    ],

    [
      "FensesGroup1_3",
      "InteriorObject",
      "CFenceWickerUnit",
      new Matrix(
          0.628525, -0.766475, -0.132186, 4622.934082,
          0.777789, 0.619184, 0.107962, 3113.045898,
          -0.000903, -0.170670, 0.985328, 590.504700,
          0.000000, 0.000000, 0.000000, 1.000000
        ),
      [
        ["SurfaceControl", "PutonGround"],
        ["Length", 8]
      ]
    ],

    [
      "FensesGroup1_4",
      "InteriorObject",
      "CFenceWickerUnit",
      new Matrix(
          0.547861, -0.836229, 0.023852, 4596.924316,
          0.834436, 0.548277, 0.055765, 3128.279785,
          -0.059710, -0.010649, 0.998159, 590.253235,
          0.000000, 0.000000, 0.000000, 1.000000
        ),
      [
        ["SurfaceControl", "PutonGround"],
        ["Length", 10]
      ]
    ],

    [
      "FensesGroup1_5",
      "InteriorObject",
      "CFenceWickerUnit",
      new Matrix(
          -0.853552, -0.521007, -0.000581, 4603.632324,
          0.520731, -0.853135, 0.031604, 3123.903320,
          -0.016962, 0.026673, 0.999500, 590.400940,
          0.000000, 0.000000, 0.000000, 1.000000
        ),
      [
        ["SurfaceControl", "PutonGround"],
        ["Length", 4]
      ]
    ],

    [
      "FensesGroup1_6",
      "InteriorObject",
      "CFenceWickerUnit",
      new Matrix(
          -0.877342, -0.478053, 0.041667, 4637.092285,
          0.479856, -0.873478, 0.082307, 3134.688721,
          -0.002952, 0.092206, 0.995735, 588.621277,
          0.000000, 0.000000, 0.000000, 1.000000
        ),
      [
        ["SurfaceControl", "PutonGround"],
        ["Length", 11]
      ]
    ],

    [
      "Village_Group2",
      "ObjectsGroup",
      "CObjectsGroup",
      new Matrix(
          -0.526331, 0.850280, 0.000000, 4642.064941,
          -0.850280, -0.526331, 0.000000, 3119.849854,
          0.000000, 0.000000, 1.000000, 591.220886,
          0.000000, 0.000000, 0.000000, 1.000000
        ),
      [
        ["Contents", ["Village_Corral_2", "Village_FensesGroup2"]]
      ]
    ],

    [
      "Village_Corral_2",
      "InteriorObject",
      "CUSRCorralWoodUnit",
      new Matrix(
          0.829487, 0.558526, 0.000000, 4629.240234,
          -0.558526, 0.829487, 0.000000, 3113.861572,
          0.000000, 0.000000, 1.000000, 590.385193,
          0.000000, 0.000000, 0.000000, 1.000000
        ),
      [
      ]
    ],

    [
      "Village_FensesGroup2",
      "ObjectsGroup",
      "CObjectsGroup",
      new Matrix(
          -0.526331, 0.850280, 0.000000, 4642.192383,
          -0.850280, -0.526331, 0.000000, 3120.055420,
          0.000000, 0.000000, 1.000000, 589.954407,
          0.000000, 0.000000, 0.000000, 1.000000
        ),
      [
        ["Contents", ["FensesGroup2_1", "FensesGroup2_2", "FensesGroup2_3", "FensesGroup2_4"]]
      ]
    ],

    [
      "FensesGroup2_1",
      "InteriorObject",
      "CFenceWickerUnit",
      new Matrix(
          0.847292, 0.530891, 0.015864, 4630.335449,
          -0.531116, 0.846697, 0.031941, 3108.298340,
          0.003526, -0.035489, 0.999364, 590.570313,
          0.000000, 0.000000, 0.000000, 1.000000
        ),
      [
        ["SurfaceControl", "PutonGround"],
        ["Length", 3]
      ]
    ],

    [
      "FensesGroup2_2",
      "InteriorObject",
      "CFenceWickerUnit",
      new Matrix(
          0.590308, -0.806500, 0.033087, 4643.634277,
          0.804099, 0.591139, 0.063086, 3100.792725,
          -0.070438, -0.010635, 0.997459, 590.586426,
          0.000000, 0.000000, 0.000000, 1.000000
        ),
      [
        ["SurfaceControl", "PutonGround"],
        ["Length", 16]
      ]
    ],

    [
      "FensesGroup2_3",
      "InteriorObject",
      "CFenceWickerUnit",
      new Matrix(
          -0.861804, -0.507241, 0.000000, 4661.211914,
          0.507241, -0.861804, 0.000000, 3127.421143,
          0.000000, 0.000000, 1.000000, 588.324341,
          0.000000, 0.000000, 0.000000, 1.000000
        ),
      [
        ["SurfaceControl", "None"],
        ["Length", 12]
      ]
    ],

    [
      "FensesGroup2_4",
      "InteriorObject",
      "CFenceWickerUnit",
      new Matrix(
          -0.629669, 0.775557, 0.045030, 4640.445801,
          -0.771733, -0.631110, 0.078287, 3139.671875,
          0.089135, 0.014544, 0.995913, 588.097961,
          0.000000, 0.000000, 0.000000, 1.000000
        ),
      [
        ["SurfaceControl", "PutonGround"],
        ["Length", 8]
      ]
    ],

    [
      "Village_Group3",
      "ObjectsGroup",
      "CObjectsGroup",
      new Matrix(
          0.655267, -0.755397, 0.000000, 4644.530762,
          0.755397, 0.655267, 0.000000, 3170.607178,
          0.000000, 0.000000, 1.000000, 588.931885,
          0.000000, 0.000000, 0.000000, 1.000000
        ),
      [
        ["Contents", ["Village_FensesGroup3", "Village_House_3", "Village_Shed_3"]]
      ]
    ],

    [
      "Village_House_3",
      "InteriorObject",
      "CUSRHouseWoodUnit",
      new Matrix(
          0.624988, -0.780453, 0.016812, 4643.399902,
          0.780230, 0.625213, 0.018712, 3180.790527,
          -0.025114, 0.001422, 0.999683, 586.739868,
          0.000000, 0.000000, 0.000000, 1.000000
        ),
      [
        ["SurfaceControl", "None"]
      ]
    ],

    [
      "Village_Shed_3",
      "InteriorObject",
      "CUSRShedWoodUnit",
      new Matrix(
          -0.720383, -0.693461, 0.012652, 4640.565430,
          0.693465, -0.719820, 0.031051, 3159.395996,
          -0.012425, 0.031142, 0.999438, 587.300415,
          0.000000, 0.000000, 0.000000, 1.000000
        ),
      [
        ["SurfaceControl", "None"]
      ]
    ],

    [
      "Village_FensesGroup3",
      "ObjectsGroup",
      "CObjectsGroup",
      new Matrix(
          0.655267, -0.755397, 0.000000, 4644.908203,
          0.755397, 0.655267, 0.000000, 3170.280518,
          0.000000, 0.000000, 1.000000, 587.596741,
          0.000000, 0.000000, 0.000000, 1.000000
        ),
      [
        ["Contents", ["FensesGroup3_1", "FensesGroup3_2", "FensesGroup3_3", "FensesGroup3_4", "FensesGroup3_5", "FensesGroup3_6"]]
      ]
    ],

    [
      "FensesGroup3_1",
      "InteriorObject",
      "CFenceWickerUnit",
      new Matrix(
          0.659836, -0.751303, 0.012686, 4626.302734,
          0.751035, 0.659946, 0.020419, 3166.901611,
          -0.023713, -0.003946, 0.999711, 587.156555,
          0.000000, 0.000000, 0.000000, 1.000000
        ),
      [
        ["SurfaceControl", "PutonGround"],
        ["Length", 9]
      ]
    ],

    [
      "FensesGroup3_2",
      "InteriorObject",
      "CFenceWickerUnit",
      new Matrix(
          -0.780770, -0.624623, 0.015623, 4652.537598,
          0.624814, -0.780607, 0.016115, 3177.678711,
          0.002130, 0.022344, 0.999748, 586.544617,
          0.000000, 0.000000, 0.000000, 1.000000
        ),
      [
        ["Length", 3],
        ["SurfaceControl", "PutonGround"]
      ]
    ],

    [
      "FensesGroup3_3",
      "InteriorObject",
      "CFenceWickerUnit",
      new Matrix(
          0.707689, -0.706421, 0.012072, 4653.727539,
          0.705960, 0.707703, 0.027871, 3163.959229,
          -0.028232, -0.011201, 0.999539, 586.949463,
          0.000000, 0.000000, 0.000000, 1.000000
        ),
      [
        ["SurfaceControl", "PutonGround"],
        ["Length", 7]
      ]
    ],

    [
      "FensesGroup3_4",
      "InteriorObject",
      "CFenceWickerUnit",
      new Matrix(
          -0.803815, -0.594836, 0.007199, 4660.669434,
          0.594736, -0.803296, 0.031708, 3171.136719,
          -0.013079, 0.029769, 0.999471, 586.655823,
          0.000000, 0.000000, 0.000000, 1.000000
        ),
      [
        ["Length", 3],
        ["SurfaceControl", "PutonGround"]
      ]
    ],

    [
      "FensesGroup3_5",
      "InteriorObject",
      "CFenceWickerUnit",
      new Matrix(
          0.701193, -0.712779, 0.016564, 4642.698242,
          0.712360, 0.701364, 0.025135, 3152.386475,
          -0.029533, -0.005824, 0.999547, 587.427063,
          0.000000, 0.000000, 0.000000, 1.000000
        ),
      [
        ["SurfaceControl", "PutonGround"],
        ["Length", 8]
      ]
    ],

    [
      "FensesGroup3_6",
      "InteriorObject",
      "CFenceWickerUnit",
      new Matrix(
          0.765713, 0.643055, 0.012800, 4626.484375,
          -0.643069, 0.765053, 0.034016, 3167.030518,
          0.012081, -0.034277, 0.999339, 587.144226,
          0.000000, 0.000000, 0.000000, 1.000000
        ),
      [
        ["SurfaceControl", "PutonGround"],
        ["Length", 11]
      ]
    ],

    [
      "Village_Group4",
      "ObjectsGroup",
      "CObjectsGroup",
      new Matrix(
          -0.775474, -0.631380, 0.000000, 4664.171875,
          0.631380, -0.775474, 0.000000, 3157.952393,
          0.000000, 0.000000, 1.000000, 589.020447,
          0.000000, 0.000000, 0.000000, 1.000000
        ),
      [
        ["Contents", ["Village_FensesGroup4", "Village_House_4", "Village_Shed_4"]]
      ]
    ],

    [
      "Village_House_4",
      "InteriorObject",
      "CUSRHouseWoodUnit",
      new Matrix(
          -0.648445, 0.761239, 0.005842, 4672.929688,
          -0.760983, -0.648396, 0.022058, 3159.856445,
          0.020579, 0.009858, 0.999740, 586.862244,
          0.000000, 0.000000, 0.000000, 1.000000
        ),
      [
        ["SurfaceControl", "None"]
      ]
    ],

    [
      "Village_Shed_4",
      "InteriorObject",
      "CUSRShedWoodUnit",
      new Matrix(
          0.674131, -0.738531, 0.010947, 4662.200684,
          0.738115, 0.674147, 0.026667, 3167.329102,
          -0.027074, -0.009897, 0.999584, 586.752869,
          0.000000, 0.000000, 0.000000, 1.000000
        ),
      [
        ["SurfaceControl", "None"]
      ]
    ],

    [
      "Village_FensesGroup4",
      "ObjectsGroup",
      "CObjectsGroup",
      new Matrix(
          -0.775474, -0.631380, 0.000000, 4664.171875,
          0.631380, -0.775474, 0.000000, 3157.952393,
          0.000000, 0.000000, 1.000000, 587.736328,
          0.000000, 0.000000, 0.000000, 1.000000
        ),
      [
        ["Contents", ["FensesGroup4_1", "FensesGroup4_2", "FensesGroup4_3", "FensesGroup4_4"]]
      ]
    ],

    [
      "FensesGroup4_1",
      "InteriorObject",
      "CFenceWickerUnit",
      new Matrix(
          -0.794788, -0.606829, 0.008389, 4669.591797,
          0.606763, -0.794271, 0.031176, 3169.020264,
          -0.012255, 0.029868, 0.999479, 586.653748,
          0.000000, 0.000000, 0.000000, 1.000000
        ),
      [
        ["Length", 4],
        ["SurfaceControl", "PutonGround"]
      ]
    ],

    [
      "FensesGroup4_2",
      "InteriorObject",
      "CFenceWickerUnit",
      new Matrix(
          0.777487, 0.628869, 0.006065, 4647.345215,
          -0.628690, 0.776945, 0.033254, 3157.254883,
          0.016200, -0.029667, 0.999429, 587.194580,
          0.000000, 0.000000, 0.000000, 1.000000
        ),
      [
        ["SurfaceControl", "PutonGround"],
        ["Length", 12]
      ]
    ],

    [
      "FensesGroup4_3",
      "InteriorObject",
      "CFenceWickerUnit",
      new Matrix(
          0.671889, -0.740633, 0.005340, 4665.304688,
          0.739961, 0.671556, 0.038357, 3141.482666,
          -0.031995, -0.021820, 0.999250, 587.595154,
          0.000000, 0.000000, 0.000000, 1.000000
        ),
      [
        ["SurfaceControl", "PutonGround"],
        ["Length", 12]
      ]
    ],

    [
      "FensesGroup4_4",
      "InteriorObject",
      "CFenceWickerUnit",
      new Matrix(
          -0.778096, -0.628029, 0.012091, 4680.419922,
          0.628091, -0.777633, 0.028091, 3160.112549,
          -0.008240, 0.029452, 0.999532, 586.797119,
          0.000000, 0.000000, 0.000000, 1.000000
        ),
      [
        ["Length", 5],
        ["SurfaceControl", "PutonGround"]
      ]
    ],

    [
      "Village_Group6",
      "ObjectsGroup",
      "CObjectsGroup",
      new Matrix(
          0.816739, 0.577008, 0.000000, 4749.034180,
          -0.577008, 0.816739, 0.000000, 3137.443359,
          0.000000, 0.000000, 1.000000, 589.385010,
          0.000000, 0.000000, 0.000000, 1.000000
        ),
      [
        ["Contents", ["Village_FensesGroup6", "Village_Shed_6"]]
      ]
    ],

    [
      "Village_Shed_6",
      "InteriorObject",
      "CUSRShedWoodUnit",
      new Matrix(
          0.822149, 0.569272, 0.000000, 4759.464844,
          -0.569272, 0.822149, 0.000000, 3140.759033,
          0.000000, 0.000000, 1.000000, 588.276733,
          0.000000, 0.000000, 0.000000, 1.000000
        ),
      [
        ["SurfaceControl", "None"]
      ]
    ],

    [
      "Village_FensesGroup6",
      "ObjectsGroup",
      "CObjectsGroup",
      new Matrix(
          0.816739, 0.577008, 0.000000, 4748.866211,
          -0.577008, 0.816739, 0.000000, 3137.205078,
          0.000000, 0.000000, 1.000000, 588.841553,
          0.000000, 0.000000, 0.000000, 1.000000
        ),
      [
        ["Contents", ["FensesGroup6_2", "FensesGroup6_3", "FensesGroup6_4"]]
      ]
    ],

    [
      "FensesGroup6_2",
      "InteriorObject",
      "CFenceWickerUnit",
      new Matrix(
          0.851076, 0.524552, -0.022692, 4747.220215,
          -0.523218, 0.850926, 0.046553, 3124.213379,
          0.043729, -0.027748, 0.998658, 588.311646,
          0.000000, 0.000000, 0.000000, 1.000000
        ),
      [
        ["SurfaceControl", "PutonGround"],
        ["Length", 3]
      ]
    ],

    [
      "FensesGroup6_3",
      "InteriorObject",
      "CFenceWickerUnit",
      new Matrix(
          0.583497, -0.811064, -0.041306, 4751.916016,
          0.812081, 0.582252, 0.038820, 3120.615479,
          -0.007435, -0.056195, 0.998392, 588.576965,
          0.000000, 0.000000, 0.000000, 1.000000
        ),
      [
        ["SurfaceControl", "PutonGround"],
        ["Length", 9]
      ]
    ],

    [
      "FensesGroup6_4",
      "InteriorObject",
      "CFenceWickerUnit",
      new Matrix(
          -0.856693, -0.515026, -0.028709, 4757.036133,
          0.514071, -0.857042, 0.034783, 3145.802490,
          -0.042519, 0.015040, 0.998982, 587.880432,
          0.000000, 0.000000, 0.000000, 1.000000
        ),
      [
        ["SurfaceControl", "PutonGround"],
        ["Length", 7]
      ]
    ],

    [
      "Village_Group7",
      "ObjectsGroup",
      "CObjectsGroup",
      new Matrix(
          0.582300, -0.812974, 0.000000, 4706.906738,
          0.812974, 0.582300, 0.000000, 3125.701660,
          0.000000, 0.000000, 1.000000, 589.748535,
          0.000000, 0.000000, 0.000000, 1.000000
        ),
      [
        ["Contents", ["Village_FensesGroup7", "Village_House_7"]]
      ]
    ],

    [
      "Village_House_7",
      "InteriorObject",
      "CUSRHouseWoodUnit",
      new Matrix(
          0.581052, -0.813807, 0.009790, 4697.907227,
          0.813275, 0.581047, 0.031119, 3141.602051,
          -0.031014, -0.010119, 0.999468, 587.652466,
          0.000000, 0.000000, 0.000000, 1.000000
        ),
      [
        ["SurfaceControl", "None"]
      ]
    ],

    [
      "Village_FensesGroup7",
      "ObjectsGroup",
      "CObjectsGroup",
      new Matrix(
          0.582300, -0.812974, 0.000000, 4706.907227,
          0.812974, 0.582300, 0.000000, 3125.701660,
          0.000000, 0.000000, 1.000000, 588.265869,
          0.000000, 0.000000, 0.000000, 1.000000
        ),
      [
        ["Contents", ["FensesGroup7_1", "FensesGroup7_2", "FensesGroup7_3", "FensesGroup7_4", "FensesGroup7_5", "FensesGroup7_6"]]
      ]
    ],

    [
      "FensesGroup7_1",
      "InteriorObject",
      "CFenceWickerUnit",
      new Matrix(
          0.609492, -0.792741, 0.009045, 4682.136719,
          0.792132, 0.609410, 0.033852, 3128.850098,
          -0.032348, -0.013468, 0.999386, 587.826355,
          0.000000, 0.000000, 0.000000, 1.000000
        ),
      [
        ["SurfaceControl", "PutonGround"],
        ["Length", 12]
      ]
    ],

    [
      "FensesGroup7_2",
      "InteriorObject",
      "CFenceWickerUnit",
      new Matrix(
          -0.837039, -0.547142, -0.000558, 4704.364258,
          0.546853, -0.836629, 0.031693, 3142.656494,
          -0.017808, 0.026223, 0.999497, 587.213989,
          0.000000, 0.000000, 0.000000, 1.000000
        ),
      [
        ["SurfaceControl", "PutonGround"],
        ["Length", 5]
      ]
    ],

    [
      "FensesGroup7_3",
      "InteriorObject",
      "CFenceWickerUnit",
      new Matrix(
          -0.841260, -0.540591, 0.006570, 4720.538086,
          0.540419, -0.840526, 0.038246, 3131.051514,
          -0.015153, 0.035725, 0.999247, 587.575745,
          0.000000, 0.000000, 0.000000, 1.000000
        ),
      [
        ["SurfaceControl", "PutonGround"],
        ["Length", 8]
      ]
    ],

    [
      "FensesGroup7_4",
      "InteriorObject",
      "CFenceWickerUnit",
      new Matrix(
          -0.831502, -0.555519, 0.001769, 4696.754395,
          0.555345, -0.831154, 0.027844, 3118.518066,
          -0.013997, 0.024135, 0.999611, 588.097107,
          0.000000, 0.000000, 0.000000, 1.000000
        ),
      [
        ["SurfaceControl", "PutonGround"],
        ["Length", 9]
      ]
    ],

    [
      "FensesGroup7_5",
      "InteriorObject",
      "CFenceWickerUnit",
      new Matrix(
          -0.568522, 0.822543, 0.014362, 4712.016602,
          -0.822128, -0.568695, 0.026311, 3137.169922,
          0.029810, 0.003151, 0.999551, 587.383118,
          0.000000, 0.000000, 0.000000, 1.000000
        ),
      [
        ["SurfaceControl", "PutonGround"],
        ["Length", 12]
      ]
    ],

    [
      "FensesGroup7_6",
      "InteriorObject",
      "CFenceWickerUnit",
      new Matrix(
          0.834284, 0.551334, 0.001147, 4698.629395,
          -0.551012, 0.833721, 0.036004, 3117.444336,
          0.018894, -0.030670, 0.999351, 588.097961,
          0.000000, 0.000000, 0.000000, 1.000000
        ),
      [
        ["SurfaceControl", "PutonGround"],
        ["Length", 12]
      ]
    ],

    [
      "Village_Group8",
      "ObjectsGroup",
      "CObjectsGroup",
      new Matrix(
          -0.823523, -0.567282, 0.000000, 4717.592773,
          0.567282, -0.823523, 0.000000, 3113.809326,
          0.000000, 0.000000, 1.000000, 589.983887,
          0.000000, 0.000000, 0.000000, 1.000000
        ),
      [
        ["Contents", ["Village_Corral_8", "Village_FensesGroup8"]]
      ]
    ],

    [
      "Village_Corral_8",
      "InteriorObject",
      "CUSRCorralWoodUnit",
      new Matrix(
          0.824187, 0.566318, 0.000000, 4712.645996,
          -0.566318, 0.824187, 0.000000, 3130.060303,
          0.000000, 0.000000, 1.000000, 588.007935,
          0.000000, 0.000000, 0.000000, 1.000000
        ),
      [
        ["SurfaceControl", "None"]
      ]
    ],

    [
      "Village_FensesGroup8",
      "ObjectsGroup",
      "CObjectsGroup",
      new Matrix(
          -0.823523, -0.567282, 0.000000, 4723.022949,
          0.567282, -0.823523, 0.000000, 3110.069092,
          0.000000, 0.000000, 1.000000, 589.302734,
          0.000000, 0.000000, 0.000000, 1.000000
        ),
      [
        ["Contents", ["FensesGroup8_1", "FensesGroup8_2", "FensesGroup8_3"]]
      ]
    ],

    [
      "FensesGroup8_1",
      "InteriorObject",
      "CFenceWickerUnit",
      new Matrix(
          -0.849759, -0.526543, -0.025726, 4741.129395,
          0.525944, -0.850099, 0.026715, 3116.984863,
          -0.035937, 0.009171, 0.999312, 588.492310,
          0.000000, 0.000000, 0.000000, 1.000000
        ),
      [
        ["SurfaceControl", "PutonGround"],
        ["Length", 11]
      ]
    ],

    [
      "FensesGroup8_2",
      "InteriorObject",
      "CFenceWickerUnit",
      new Matrix(
          0.619032, -0.785055, -0.022074, 4722.873047,
          0.785024, 0.617691, 0.046842, 3110.141113,
          -0.023139, -0.046326, 0.998658, 588.314270,
          0.000000, 0.000000, 0.000000, 1.000000
        ),
      [
        ["SurfaceControl", "PutonGround"],
        ["Length", 8]
      ]
    ],

    [
      "FensesGroup8_3",
      "InteriorObject",
      "CFenceWickerUnit",
      new Matrix(
          0.702523, -0.711637, -0.005813, 4713.436523,
          0.710371, 0.700735, 0.065902, 3097.229980,
          -0.042825, -0.050427, 0.997809, 589.063660,
          0.000000, 0.000000, 0.000000, 1.000000
        ),
      [
        ["SurfaceControl", "PutonGround"],
        ["Length", 8]
      ]
    ],

    [
      "Village_Group9",
      "ObjectsGroup",
      "CObjectsGroup",
      new Matrix(
          -0.874027, -0.485877, 0.000000, 4732.694824,
          0.485877, -0.874027, 0.000000, 3101.054932,
          0.000000, 0.000000, 1.000000, 590.629089,
          0.000000, 0.000000, 0.000000, 1.000000
        ),
      [
        ["Contents", ["Village_FensesGroup9", "Village_House_9", "Village_Shed_9"]]
      ]
    ],

    [
      "Village_House_9",
      "InteriorObject",
      "CUSRHouseWoodUnit",
      new Matrix(
          0.526161, -0.850385, 0.000000, 4734.208008,
          0.850385, 0.526161, 0.000000, 3116.988037,
          0.000000, 0.000000, 1.000000, 588.393860,
          0.000000, 0.000000, 0.000000, 1.000000
        ),
      [
        ["SurfaceControl", "None"]
      ]
    ],

    [
      "Village_Shed_9",
      "InteriorObject",
      "CUSRShedWoodUnit",
      new Matrix(
          -0.524784, 0.851235, 0.000000, 4734.290039,
          -0.851235, -0.524784, 0.000000, 3092.207764,
          0.000000, 0.000000, 1.000000, 589.380615,
          0.000000, 0.000000, 0.000000, 1.000000
        ),
      [
        ["SurfaceControl", "None"]
      ]
    ],

    [
      "Village_FensesGroup9",
      "ObjectsGroup",
      "CObjectsGroup",
      new Matrix(
          -0.874027, -0.485877, 0.000000, 4732.339844,
          0.485877, -0.874027, 0.000000, 3100.416016,
          0.000000, 0.000000, 1.000000, 590.384705,
          0.000000, 0.000000, 0.000000, 1.000000
        ),
      [
        ["Contents", ["FensesGroup9_1", "FensesGroup9_2", "FensesGroup9_3", "FensesGroup9_4"]]
      ]
    ],

    [
      "FensesGroup9_1",
      "InteriorObject",
      "CFenceWickerUnit",
      new Matrix(
          -0.965496, -0.260257, -0.009161, 4734.298828,
          0.258022, -0.960783, 0.101595, 3085.444336,
          -0.035242, 0.095726, 0.994784, 590.440186,
          0.000000, 0.000000, 0.000000, 1.000000
        ),
      [
        ["SurfaceControl", "PutonGround"],
        ["Length", 12]
      ]
    ],

    [
      "FensesGroup9_2",
      "InteriorObject",
      "CFenceWickerUnit",
      new Matrix(
          0.758013, -0.651583, -0.029245, 4734.212891,
          0.651206, 0.753528, 0.090144, 3085.718262,
          -0.036699, -0.087375, 0.995499, 590.403198,
          0.000000, 0.000000, 0.000000, 1.000000
        ),
      [
        ["SurfaceControl", "PutonGround"],
        ["Length", 8]
      ]
    ],

    [
      "FensesGroup9_3",
      "InteriorObject",
      "CFenceWickerUnit",
      new Matrix(
          0.637776, -0.768715, -0.048148, 4743.396973,
          0.770007, 0.634877, 0.063396, 3098.829590,
          -0.018165, -0.077507, 0.996826, 589.503906,
          0.000000, 0.000000, 0.000000, 1.000000
        ),
      [
        ["SurfaceControl", "PutonGround"],
        ["Length", 7]
      ]
    ],

    [
      "FensesGroup9_4",
      "InteriorObject",
      "CFenceWickerUnit",
      new Matrix(
          -0.895151, -0.445278, -0.020765, 4750.760742,
          0.443200, -0.894027, 0.065499, 3110.624268,
          -0.047729, 0.049429, 0.997637, 589.108521,
          0.000000, 0.000000, 0.000000, 1.000000
        ),
      [
        ["SurfaceControl", "PutonGround"],
        ["Length", 4]
      ]
    ],

    [
      "CCWM3Zis_GUN_1",
      "UnitGroup",
      "CCWM3Zis_GUN_1",
      new Matrix(
          -0.087139, -0.996196, 0.000000, 4595.562988,
          0.996196, -0.087139, 0.000000, 3268.811279,
          0.000000, 0.000000, 1.000000, 587.795959,
          0.000000, 0.000000, 0.000000, 1.000000
        ),
      [
        ["Units", ["NUSSR_ZIS_1_Gunner_1", "NUSSR_ZIS_1_Gunner_2"]],
        ["GroupEnemyReaction", "ERT_AGGRESSIVE"]
      ]
    ],

    [
      "NP_T1",
      "NavPoint",
      "CZAxisCylNavPoint",
      new Matrix(
          -0.531176, 0.847262, 0.000000, 4774.205566,
          -0.847262, -0.531176, 0.000000, 3103.069092,
          0.000000, 0.000000, 1.000000, 587.528015,
          0.000000, 0.000000, 0.000000, 1.000000
        ),
      [
        ["Range", 20.000000]
      ]
    ],

    [
      "Truck_Ammo_1",
      "GameObject",
      "CTruckZis5_WUnit",
      new Matrix(
          -0.927606, 0.373337, -0.012911, 4634.237305,
          -0.372934, -0.927498, -0.025861, 3079.433350,
          -0.021630, -0.019174, 0.999582, 591.834900,
          0.000000, 0.000000, 0.000000, 1.000000
        ),
      [
        ["Task", "CBaseAITask"],
        ["Affiliation", "ENEMY"],
        ["EnemyReactionType", "ERT_AGGRESSIVE"]
      ]
    ],

    [
      "Truck_Ammo_2",
      "GameObject",
      "CTruckZis5_WUnit",
      new Matrix(
          -0.999505, 0.004928, -0.031084, 4516.265137,
          -0.004986, -0.999986, 0.001786, 3119.048828,
          -0.031075, 0.001940, 0.999515, 589.469604,
          0.000000, 0.000000, 0.000000, 1.000000
        ),
      [
        ["Task", "CBaseAITask"],
        ["Affiliation", "ENEMY"],
        ["EnemyReactionType", "ERT_AGGRESSIVE"]
      ]
    ],

    [
      "_2",
      "InteriorObject",
      "CAntiTankSingleUnit",
      new Matrix(
          -0.977133, 0.212629, 0.000000, 4756.117676,
          -0.212629, -0.977133, 0.000000, 3048.261719,
          0.000000, 0.000000, 1.000000, 593.982605,
          0.000000, 0.000000, 0.000000, 1.000000
        ),
      [
        ["SurfaceControl", "PutonGround"]
      ]
    ],

    [
      "_3",
      "InteriorObject",
      "CAntiTankSingleUnit",
      new Matrix(
          -0.986900, -0.161330, 0.000000, 4752.416504,
          0.161330, -0.986900, 0.000000, 3041.037842,
          0.000000, 0.000000, 1.000000, 595.079407,
          0.000000, 0.000000, 0.000000, 1.000000
        ),
      [
        ["SurfaceControl", "PutonGround"]
      ]
    ],

    [
      "_4",
