//-------------------------------------------------------------------
//                                                                   
//  This code is copyright 2001 by G5 Software.                      
//  Any unauthorized usage, either in part or in whole of this code  
//  is strictly prohibited. Violators WILL be prosecuted to the      
//  maximum extent allowed by law.                                   
//                                                                   
//-------------------------------------------------------------------
//                                                                   
//  Automatically-generated mission script file                      
//  DO NOT EDIT!                                                     
//                                                                   
//-------------------------------------------------------------------


class CC2M1Content
{
  static String m_ObjectListClassFile = "Missions/Campaign_2/Mission_1/Content.script";
  static String m_ObjectListClassName = "CC2M1Content";

  static Array  m_MissionObjectList   = [
    [
      "Atmosphere",
      "",
      "",
      new Matrix(
          1.000000, 0.000000, 0.000000, 0.000000,
          0.000000, 1.000000, 0.000000, 0.000000,
          0.000000, 0.000000, 1.000000, 0.000000,
          0.000000, 0.000000, 0.000000, 1.000000
        ),
      [
        ["AmbientLight", new Color(0.454902, 0.454902, 0.454902, 1.000000)],
        ["AntiSunAngle", 60.000000],
        ["AntiSunColor", new Color(0.454902, 0.454902, 0.454902, 1.000000)],
        ["AntiSunIntensity", 0.200000],
        ["EnableHorizontAdjustment", true],
        ["FogColorXPos", new Color(0.650980, 0.760784, 1.000000, 1.000000)],
        ["FogColorXNeg", new Color(0.866667, 0.843137, 1.000000, 1.000000)],
        ["FogColorYPos", new Color(0.733333, 0.819608, 1.000000, 1.000000)],
        ["FogColorYNeg", new Color(0.592157, 0.725490, 1.000000, 1.000000)],
        ["FogDensity", 0.000800],
        ["FogNear", 1000.000000],
        ["FogFar", 1200.000000],
        ["FogFarMax", 3500.000000],
        ["FogMode", "Linear"],
        ["ShadowColor", new Color(0.423529, 0.423529, 0.423529, 1.000000)],
        ["SunColor", new Color(0.752941, 0.752941, 0.752941, 1.000000)],
        ["SunDirection", new Vector(-0.005952, -0.155542, -0.305348)],
        ["SunIntensity", 0.900000],
        ["TreeLightKoef", 2.000000],
        ["TreeNormalRelax", 0.000000],
        ["TreeShadowLodDistance", 25.000000],
        ["AntiSunHorAngle", 90.000000],
        ["DistanceToSun", 50000.000000],
        ["StencilShadowColor", new Color(0.521569, 0.521569, 0.521569, 1.000000)],
        ["SunSpecularIntensity", 0.500000],
        ["AntiSunSpecularIntensity", 0.200000]
      ]
    ],

    [
      "Terrain",
      "",
      "",
      new Matrix(
          1.000000, 0.000000, 0.000000, 0.000000,
          0.000000, 1.000000, 0.000000, 0.000000,
          0.000000, 0.000000, 1.000000, 0.000000,
          0.000000, 0.000000, 0.000000, 1.000000
        ),
      [
        ["ForestTextureScale", 2.000000],
        ["ForestShadowBorderScale", 0.400000],
        ["ForestShadowAlphaScale", 1.000000],
        ["ForestBeginFadeDist", [50.000000, 480.000000]],
        ["IsAntiLighting", true],
        ["VertForestDistMin", 500.000000],
        ["VertForestDistMax", 1300.000000],
        ["VertForestAngleMin", 0.000000],
        ["VertForestAngleMax", 45.000000],
        ["VertForestBeginFadeDist", [250.000000, 410.000000]],
        ["WaterBorderColor", new Color(0.556863, 0.521569, 0.443137, 1.000000)],
        ["WaterFresnelPower", 3.500000],
        ["NormalNoise", 0.300000],
        ["ReflectDistortion", 0.050000],
        ["ReflectTextureShift", 0.000000],
        ["WaterColor", new Color(0.478431, 0.415686, 0.243137, 1.000000)],
        ["WaterTexScale", 4.000000],
        ["WaterMicroTexScale", 32.000000],
        ["BumpSlopeness", 1.000000],
        ["WaterBorderScale", 0.200000],
        ["BorderOffset", 0.000000],
        ["ClipPlaneShift", 0.000000],
        ["WaterPenaTexScale", 0.100000],
        ["WaterPenaBorderScale", 20.000000],
        ["WaterClearColor", new Color(0.749020, 0.768627, 0.815686, 1.000000)],
        ["ForestBorderScale", 0.500000],
        ["ForestAlphaScale", 1.000000],
        ["ForestLightFadeDist", [710.000000, 2010.000000]],
        ["FakeForestBeginFadeDist", [50.000000, 310.000000]],
        ["FakeForestLightFadeDist", [710.000000, 2010.000000]]
      ]
    ],

    [
      "Cloud_Cum",
      "Cloud",
      "CCloud",
      new Matrix(
          0.448989, 0.893537, 0.000000, 4706.644531,
          -0.893537, 0.448989, 0.000000, 8932.899414,
          0.000000, 0.000000, 1.000000, 1466.881348,
          0.000000, 0.000000, 0.000000, 1.000000
        ),
      [
        ["SpriteSize", 1800.000000],
        ["Density", 0.080000],
        ["Ambient", new Color(1.000000, 1.000000, 1.000000, 1.000000)],
        ["DbgRenderBoxes", false],
        ["Height0", 0.000000],
        ["Color0", new Color(1.000000, 1.000000, 1.000000, 1.000000)],
        ["Height1", 0.080000],
        ["Color1", new Color(0.768627, 0.780392, 0.784314, 1.000000)],
        ["Height2", 0.200000],
        ["Color2", new Color(0.811765, 0.827451, 0.827451, 1.000000)],
        ["Height3", 0.500000],
        ["Color3", new Color(0.909804, 0.905882, 0.890196, 1.000000)],
        ["Height4", 0.700000],
        ["Color4", new Color(0.874510, 0.878431, 0.882353, 1.000000)],
        ["Matid0", ["Mtr_c", "Mtr_d", "Mtr_e", "Mtr_5"]],
        ["Matid1", ["Mtr_4", "Mtr_9", "Mtr_a", "Mtr_b"]],
        ["Matid2", ["Mtr_4", "Mtr_5", "Mtr_6", "Mtr_7"]],
        ["Matid3", ["Mtr_0", "Mtr_1", "Mtr_b", "Mtr_3"]],
        ["Matid4", ["Mtr_0", "Mtr_1", "Mtr_b", "Mtr_3"]],
        ["Size0", 0.700000],
        ["Size1", 1.000000],
        ["Size2", 1.000000],
        ["Size3", 1.000000],
        ["Size4", 1.000000],
        ["Dens0", 0.700000],
        ["Dens1", 0.300000],
        ["Dens2", 0.200000],
        ["Dens3", 0.100000],
        ["Dens4", 0.100000],
        ["Boxes", [[new Vector(0.000000, 0.000000, 0.000000), new Vector(1000.000000, 1600.000000, 250.000000)], [new Vector(0.000000, 0.000000, 500.000000), new Vector(500.000000, 500.000000, 1750.000000)], [new Vector(-500.000000, -350.000000, 250.000000), new Vector(400.000000, 500.000000, 500.000000)], [new Vector(500.000000, -400.000000, 150.000000), new Vector(750.000000, 750.000000, 250.000000)], [new Vector(500.000000, 400.000000, -50.000000), new Vector(400.000000, 400.000000, 250.000000)], [new Vector(0.000000, -800.000000, 100.000000), new Vector(500.000000, 800.000000, 200.000000)]]],
        ["RenderClouds", true],
        ["NearAtten", 50.000000],
        ["FarAtten", 100.000000]
      ]
    ],

    [
      "MainPlayerUnit",
      "GameObject",
      "CTankPzVITigerE1Unit",
      new Matrix(
          0.875820, 0.481223, -0.036931, 4977.528809,
          -0.480422, 0.876567, 0.028718, 8535.406250,
          0.046192, -0.007409, 0.998905, 585.874878,
          0.000000, 0.000000, 0.000000, 1.000000
        ),
      [
        ["IsPlayer", true],
        ["IsManual", true],
        ["Affiliation", "FRIEND"],
        ["BehRadarMask", [["ENEMY", "MainMesh"], [], [], []]],
        ["Number", "111"],
        ["K_RINGS", "1"],
        ["Flag", false],
        ["Markings", ""],
        ["SurfaceControl", "None"]
      ]
    ],

    [
      "Village_Viso4ani_USRCorralWood_1",
      "InteriorObject",
      "CUSRCorralWoodUnit",
      new Matrix(
          0.460278, -0.887775, 0.000000, 4847.371094,
          0.887775, 0.460278, 0.000000, 6800.296875,
          0.000000, 0.000000, 1.000000, 578.172729,
          0.000000, 0.000000, 0.000000, 1.000000
        ),
      [
        ["SurfaceControl", "PutonGround"],
        ["HitPoints", 200.000000],
        ["Affiliation", "NEUTRAL"],
        ["Route", []],
        ["ShadowPlaneOffset", 0.050000],
        ["FakeShadowOffset", 0.090000]
      ]
    ],

    [
      "Village_Viso4ani_USRHouseWood_1",
      "InteriorObject",
      "CUSRHouseWoodUnit",
      new Matrix(
          0.870679, -0.491852, 0.000000, 4869.204590,
          0.491852, 0.870679, 0.000000, 6721.376465,
          0.000000, 0.000000, 1.000000, 583.981750,
          0.000000, 0.000000, 0.000000, 1.000000
        ),
      [
        ["SurfaceControl", "PutonGround"],
        ["HitPoints", 100.000000],
        ["Affiliation", "NEUTRAL"],
        ["Route", []],
        ["ShadowPlaneOffset", 0.050000],
        ["FakeShadowOffset", 0.090000]
      ]
    ],

    [
      "Village_Viso4ani_USRShedWood_1",
      "InteriorObject",
      "CUSRShedWoodUnit",
      new Matrix(
          0.460278, -0.887775, 0.000000, 4832.204590,
          0.887775, 0.460278, 0.000000, 6787.263184,
          0.000000, 0.000000, 1.000000, 579.669067,
          0.000000, 0.000000, 0.000000, 1.000000
        ),
      [
        ["SurfaceControl", "PutonGround"],
        ["HitPoints", 100.000000],
        ["Affiliation", "NEUTRAL"],
        ["Route", []],
        ["ShadowPlaneOffset", 0.050000],
        ["FakeShadowOffset", 0.090000]
      ]
    ],

    [
      "NavPoint_Village_Viso4ani",
      "NavPoint",
      "CZAxisCylNavPoint",
      new Matrix(
          -0.874087, 0.485769, 0.000000, 4846.942871,
          -0.485769, -0.874087, 0.000000, 6752.286133,
          0.000000, 0.000000, 1.000000, 582.567749,
          0.000000, 0.000000, 0.000000, 1.000000
        ),
      [
        ["Range", 1.000000]
      ]
    ],

    [
      "Village_Kurtenki1",
      "ObjectsGroup",
      "CObjectsGroup",
      new Matrix(
          0.494761, -0.869029, 0.000000, 4862.112305,
          0.869029, 0.494761, 0.000000, 8543.553711,
          0.000000, 0.000000, 1.000000, 582.840637,
          0.000000, 0.000000, 0.000000, 1.000000
        ),
      [
        ["Contents", ["Kurtenki1House1Group", "Kurtenki1House2Group", "Kurtenki1House3Group", "Kurtenki1House4Group", "Kurtenki1House5Group", "Kurtenki1House6Group", "Kurtenki1House7Group", "Kurtenki1House8Group"]]
      ]
    ],

    [
      "Kurtenki1House1",
      "InteriorObject",
      "CUSRHouseWoodUnit",
      new Matrix(
          -0.024447, -0.999520, -0.019026, 4839.939941,
          0.998787, -0.025234, 0.042278, 8576.371094,
          -0.042738, -0.017970, 0.998925, 578.672424,
          0.000000, 0.000000, 0.000000, 1.000000
        ),
      [
        ["SurfaceControl", "PutonGround"]
      ]
    ],

    [
      "Kurtenki1House2",
      "InteriorObject",
      "CUSRHouseWoodUnit",
      new Matrix(
          -0.036438, 0.999051, -0.023875, 4763.471191,
          -0.998238, -0.035268, 0.047723, 8556.396484,
          0.046836, 0.025572, 0.998575, 577.634033,
          0.000000, 0.000000, 0.000000, 1.000000
        ),
      [
        ["SurfaceControl", "PutonGround"]
      ]
    ],

    [
      "Kurtenki1House3",
      "InteriorObject",
      "CUSRHouseWoodUnit",
      new Matrix(
          -0.999884, 0.009066, -0.012250, 4874.552246,
          -0.008975, -0.999932, -0.007453, 8482.671875,
          -0.012317, -0.007343, 0.999897, 581.575500,
          0.000000, 0.000000, 0.000000, 1.000000
        ),
      [
        ["SurfaceControl", "PutonGround"]
      ]
    ],

    [
      "Kurtenki1House4",
      "InteriorObject",
      "CUSRHouseWoodUnit",
      new Matrix(
          0.023489, -0.999518, -0.020274, 4785.428711,
          0.998421, 0.022419, 0.051500, 8537.199219,
          -0.051021, -0.021451, 0.998467, 579.236206,
          0.000000, 0.000000, 0.000000, 1.000000
        ),
      [
        ["SurfaceControl", "PutonGround"]
      ]
    ],

    [
      "Kurtenki1House5",
      "InteriorObject",
      "CUSRHouseWoodUnit",
      new Matrix(
          0.999865, -0.016346, -0.001860, 4851.422852,
          0.016343, 0.999865, -0.001723, 8486.396484,
          0.001888, 0.001692, 0.999997, 581.436646,
          0.000000, 0.000000, 0.000000, 1.000000
        ),
      [
        ["SurfaceControl", "PutonGround"]
      ]
    ],

    [
      "Kurtenki1House6",
      "InteriorObject",
      "CUSRHouseWoodUnit",
      new Matrix(
          -0.023236, -0.999598, -0.016250, 4834.321777,
          0.998909, -0.023872, 0.040127, 8536.689453,
          -0.040498, -0.015300, 0.999062, 580.349976,
          0.000000, 0.000000, 0.000000, 1.000000
        ),
      [
        ["SurfaceControl", "PutonGround"]
      ]
    ],

    [
      "Kurtenki1Well",
      "InteriorObject",
      "CWaterWell_1Unit",
      new Matrix(
          -0.044157, -0.998739, -0.023880, 4857.440918,
          0.998191, -0.045084, 0.039771, 8561.137695,
          -0.040798, -0.022081, 0.998923, 579.650391,
          0.000000, 0.000000, 0.000000, 1.000000
        ),
      [
        ["SurfaceControl", "PutonGround"]
      ]
    ],

    [
      "Kurtenki1House1_fence_03",
      "InteriorObject",
      "CFenceWickerUnit",
      new Matrix(
          0.029859, -0.999554, 0.000000, 4866.560547,
          0.999554, 0.029859, 0.000000, 8572.788086,
          0.000000, 0.000000, 1.000000, 579.358398,
          0.000000, 0.000000, 0.000000, 1.000000
        ),
      [
        ["Length", 6],
        ["SurfaceControl", "PutonGround"]
      ]
    ],

    [
      "Kurtenki1House1_fence_06",
      "InteriorObject",
      "CFenceWickerUnit",
      new Matrix(
          -0.999701, -0.024433, 0.000000, 4867.529785,
          0.024433, -0.999701, 0.000000, 8612.484375,
          0.000000, 0.000000, 1.000000, 578.040588,
          0.000000, 0.000000, 0.000000, 1.000000
        ),
      [
        ["Length", 8],
        ["SurfaceControl", "PutonGround"]
      ]
    ],

    [
      "Kurtenki1House1_fence_02",
      "InteriorObject",
      "CFenceWickerUnit",
      new Matrix(
          0.999817, 0.019116, 0.000000, 4852.607422,
          -0.019116, 0.999817, 0.000000, 8573.139648,
          0.000000, 0.000000, 1.000000, 579.053528,
          0.000000, 0.000000, 0.000000, 1.000000
        ),
      [
        ["Length", 7],
        ["SurfaceControl", "PutonGround"]
      ]
    ],

    [
      "Kurtenki1House1_fence_08",
      "InteriorObject",
      "CFenceWickerUnit",
      new Matrix(
          0.000190, 1.000000, 0.000000, 4833.974121,
          -1.000000, 0.000190, 0.000000, 8610.468750,
          0.000000, 0.000000, 1.000000, 577.356995,
          0.000000, 0.000000, 0.000000, 1.000000
        ),
      [
        ["Length", 9],
        ["SurfaceControl", "PutonGround"]
      ]
    ],

    [
      "Kurtenki1House6_fence_10",
      "InteriorObject",
      "CFenceWickerUnit",
      new Matrix(
          0.005250, -0.999986, 0.000000, 4855.510742,
          0.999986, 0.005250, 0.000000, 8490.433594,
          0.000000, 0.000000, 1.000000, 581.451477,
          0.000000, 0.000000, 0.000000, 1.000000
        ),
      [
        ["Length", 8],
        ["SurfaceControl", "PutonGround"]
      ]
    ],

    [
      "Kurtenki1House6_fence_03",
      "InteriorObject",
      "CFenceWickerUnit",
      new Matrix(
          -0.007127, 0.999975, 0.000000, 4813.932617,
          -0.999975, -0.007127, 0.000000, 8539.375977,
          0.000000, 0.000000, 1.000000, 579.811218,
          0.000000, 0.000000, 0.000000, 1.000000
        ),
      [
        ["Length", 9],
        ["SurfaceControl", "PutonGround"]
      ]
    ],

    [
      "Kurtenki1House6_fence_13",
      "InteriorObject",
      "CFenceWickerUnit",
      new Matrix(
          -0.999664, -0.025936, 0.000000, 4855.812012,
          0.025936, -0.999664, 0.000000, 8538.291992,
          0.000000, 0.000000, 1.000000, 580.556213,
          0.000000, 0.000000, 0.000000, 1.000000
        ),
      [
        ["Length", 5],
        ["SurfaceControl", "PutonGround"]
      ]
    ],

    [
      "Kurtenki1House6_fence_01",
      "InteriorObject",
      "CFenceWickerUnit",
      new Matrix(
          -0.999929, -0.011948, 0.000000, 4829.942871,
          0.011948, -0.999929, 0.000000, 8539.111328,
          0.000000, 0.000000, 1.000000, 580.177795,
          0.000000, 0.000000, 0.000000, 1.000000
        ),
      [
        ["Length", 9],
        ["SurfaceControl", "PutonGround"]
      ]
    ],

    [
      "Kurtenki1House6_Shed",
      "InteriorObject",
      "CUSRShedWoodUnit",
      new Matrix(
          0.029230, 0.999554, -0.006164, 4849.880859,
          -0.999306, 0.029364, 0.022923, 8520.757813,
          0.023093, 0.005489, 0.999718, 581.015930,
          0.000000, 0.000000, 0.000000, 1.000000
        ),
      [
        ["SurfaceControl", "PutonGround"]
      ]
    ],

    [
      "Kurtenki1House3_Corral",
      "InteriorObject",
      "CUSRCorralWoodUnit",
      new Matrix(
          0.005415, 0.999982, -0.002522, 4877.753418,
          -0.999914, 0.005445, 0.011945, 8501.895508,
          0.011959, 0.002457, 0.999925, 581.529785,
          0.000000, 0.000000, 0.000000, 1.000000
        ),
      [
        ["SurfaceControl", "PutonGround"]
      ]
    ],

    [
      "Kurtenki1House3_fences_FenceWicker_11",
      "InteriorObject",
      "CFenceWickerUnit",
      new Matrix(
          0.013004, 0.999915, 0.000000, 4871.520508,
          -0.999915, 0.013004, 0.000000, 8510.196289,
          0.000000, 0.000000, 1.000000, 581.381958,
          0.000000, 0.000000, 0.000000, 1.000000
        ),
      [
        ["Length", 8],
        ["SurfaceControl", "PutonGround"]
      ]
    ],

    [
      "Kurtenki1House3_fences_FenceWicker_02",
      "InteriorObject",
      "CFenceWickerUnit",
      new Matrix(
          0.999951, 0.009888, 0.000000, 4871.790527,
          -0.009888, 0.999951, 0.000000, 8468.406250,
          0.000000, 0.000000, 1.000000, 581.428223,
          0.000000, 0.000000, 0.000000, 1.000000
        ),
      [
        ["Length", 7],
        ["SurfaceControl", "PutonGround"]
      ]
    ],

    [
      "Kurtenki1House3_fences_FenceWicker_01",
      "InteriorObject",
      "CFenceWickerUnit",
      new Matrix(
          0.019558, 0.999809, 0.000000, 4871.657227,
          -0.999809, 0.019558, 0.000000, 8478.361328,
          0.000000, 0.000000, 1.000000, 581.485474,
          0.000000, 0.000000, 0.000000, 1.000000
        ),
      [
        ["Length", 5],
        ["SurfaceControl", "PutonGround"]
      ]
    ],

    [
      "Kurtenki1House2_fence_03",
      "InteriorObject",
      "CFenceWickerUnit",
      new Matrix(
          -0.999947, -0.010282, 0.000000, 4795.994629,
          0.010282, -0.999947, 0.000000, 8588.232422,
          0.000000, 0.000000, 1.000000, 577.367737,
          0.000000, 0.000000, 0.000000, 1.000000
        ),
      [
        ["Length", 5],
        ["SurfaceControl", "PutonGround"]
      ]
    ],

    [
      "Kurtenki1House2_fence_01",
      "InteriorObject",
      "CFenceWickerUnit",
      new Matrix(
          0.999989, 0.004598, 0.000000, 4767.735840,
          -0.004598, 0.999989, 0.000000, 8556.016602,
          0.000000, 0.000000, 1.000000, 577.743530,
          0.000000, 0.000000, 0.000000, 1.000000
        ),
      [
        ["Length", 8],
        ["SurfaceControl", "PutonGround"]
      ]
    ],

    [
      "Kurtenki1House2_fence_06",
      "InteriorObject",
      "CFenceWickerUnit",
      new Matrix(
          -0.013409, 0.999910, 0.000000, 4751.921387,
          -0.999910, -0.013409, 0.000000, 8588.085938,
          0.000000, 0.000000, 1.000000, 576.318970,
          0.000000, 0.000000, 0.000000, 1.000000
        ),
      [
        ["Length", 9],
        ["SurfaceControl", "PutonGround"]
      ]
    ],

    [
      "Kurtenki1House2_fence_04",
      "InteriorObject",
      "CFenceWickerUnit",
      new Matrix(
          -0.999888, 0.014971, 0.000000, 4781.848145,
          -0.014971, -0.999888, 0.000000, 8588.448242,
          0.000000, 0.000000, 1.000000, 576.975342,
          0.000000, 0.000000, 0.000000, 1.000000
        ),
      [
        ["Length", 8],
        ["SurfaceControl", "PutonGround"]
      ]
    ],

    [
      "Kurtenki1House5_fence_04",
      "InteriorObject",
      "CFenceWickerUnit",
      new Matrix(
          -0.009283, -0.999957, 0.000000, 4856.104980,
          0.999957, -0.009283, 0.000000, 8465.587891,
          0.000000, 0.000000, 1.000000, 581.350037,
          0.000000, 0.000000, 0.000000, 1.000000
        ),
      [
        ["Length", 7],
        ["SurfaceControl", "PutonGround"]
      ]
    ],

    [
      "Kurtenki1House5_fence_01",
      "InteriorObject",
      "CFenceWickerUnit",
      new Matrix(
          0.999036, 0.043906, 0.000000, 4812.266602,
          -0.043906, 0.999036, 0.000000, 8467.560547,
          0.000000, 0.000000, 1.000000, 581.489990,
          0.000000, 0.000000, 0.000000, 1.000000
        ),
      [
        ["Length", 8],
        ["SurfaceControl", "PutonGround"]
      ]
    ],

    [
      "Kurtenki1House6_fence_07",
      "InteriorObject",
      "CFenceWickerUnit",
      new Matrix(
          0.999662, 0.026013, 0.000000, 4813.599609,
          -0.026013, 0.999662, 0.000000, 8495.574219,
          0.000000, 0.000000, 1.000000, 581.242615,
          0.000000, 0.000000, 0.000000, 1.000000
        ),
      [
        ["Length", 7],
        ["SurfaceControl", "PutonGround"]
      ]
    ],

    [
      "Kurtenki1House1_Shed",
      "InteriorObject",
      "CUSRShedWoodUnit",
      new Matrix(
          -0.029650, 0.999328, -0.021545, 4860.112793,
          -0.998887, -0.028832, 0.037338, 8578.332031,
          0.036691, 0.022628, 0.999070, 579.013123,
          0.000000, 0.000000, 0.000000, 1.000000
        ),
      [
        ["SurfaceControl", "PutonGround"]
      ]
    ],

    [
      "Kurtenki1House4_fence_04",
      "InteriorObject",
      "CFenceWickerUnit",
      new Matrix(
          0.999978, -0.006606, 0.000000, 4775.331543,
          0.006606, 0.999978, 0.000000, 8504.193359,
          0.000000, 0.000000, 1.000000, 580.413879,
          0.000000, 0.000000, 0.000000, 1.000000
        ),
      [
        ["Length", 7],
        ["SurfaceControl", "PutonGround"]
      ]
    ],

    [
      "Kurtenki1House4_fence_01",
      "InteriorObject",
      "CFenceWickerUnit",
      new Matrix(
          -0.999889, -0.014875, 0.000000, 4781.182617,
          0.014875, -0.999889, 0.000000, 8539.954102,
          0.000000, 0.000000, 1.000000, 578.995239,
          0.000000, 0.000000, 0.000000, 1.000000
        ),
      [
        ["Length", 3],
        ["SurfaceControl", "PutonGround"]
      ]
    ],

    [
      "Kurtenki1House4_fence_02",
      "InteriorObject",
      "CFenceWickerUnit",
      new Matrix(
          0.002867, 0.999996, 0.000000, 4775.227539,
          -0.999996, 0.002867, 0.000000, 8540.125977,
          0.000000, 0.000000, 1.000000, 578.773926,
          0.000000, 0.000000, 0.000000, 1.000000
        ),
      [
        ["Length", 9],
        ["SurfaceControl", "PutonGround"]
      ]
    ],

    [
      "Kurtenki1House7",
      "InteriorObject",
      "CUSRHouseWoodUnit",
      new Matrix(
          -0.751057, 0.659369, -0.033855, 4974.534668,
          -0.660119, -0.750905, 0.019593, 8514.395508,
          -0.012503, 0.037063, 0.999235, 584.664063,
          0.000000, 0.000000, 0.000000, 1.000000
        ),
      [
        ["SurfaceControl", "PutonGround"]
      ]
    ],

    [
      "Kurtenki1House1Group",
      "ObjectsGroup",
      "CObjectsGroup",
      new Matrix(
          0.021251, -0.999774, 0.000000, 4850.359375,
          0.999774, 0.021252, 0.000000, 8592.594727,
          0.000000, 0.000000, 1.000000, 580.366455,
          0.000000, 0.000000, 0.000000, 1.000000
        ),
      [
        ["Contents", ["Kurtenki1House1", "Kurtenki1House1_Shed", "Kurtenki1House1_fence_01", "Kurtenki1House1_fence_02", "Kurtenki1House1_fence_03", "Kurtenki1House1_fence_04", "Kurtenki1House1_fence_05", "Kurtenki1House1_fence_06", "Kurtenki1House1_fence_07", "Kurtenki1House1_fence_08", "Kurtenki1House1_fence_09"]]
      ]
    ],

    [
      "Kurtenki1House2Group",
      "ObjectsGroup",
      "CObjectsGroup",
      new Matrix(
          0.999969, 0.007808, 0.000000, 4774.661133,
          -0.007809, 0.999969, 0.000000, 8570.250000,
          0.000000, 0.000000, 1.000000, 579.362244,
          0.000000, 0.000000, 0.000000, 1.000000
        ),
      [
        ["Contents", ["Kurtenki1House2", "Kurtenki1House2_Corral", "Kurtenki1House2_fence_01", "Kurtenki1House2_fence_02", "Kurtenki1House2_fence_03", "Kurtenki1House2_fence_04", "Kurtenki1House2_fence_05", "Kurtenki1House2_fence_06", "Kurtenki1House2_fence_07"]]
      ]
    ],

    [
      "Kurtenki1House3Group",
      "ObjectsGroup",
      "CObjectsGroup",
      new Matrix(
          0.011571, 0.999933, 0.000000, 4892.597656,
          -0.999933, 0.011571, 0.000000, 8489.068359,
          0.000000, 0.000000, 1.000000, 583.755676,
          0.000000, 0.000000, 0.000000, 1.000000
        ),
      [
        ["Contents", ["Kurtenki1House3", "Kurtenki1House3_Corral", "Kurtenki1House3_Shed1", "Kurtenki1House3_fences_FenceWicker_01", "Kurtenki1House3_fences_FenceWicker_02", "Kurtenki1House3_fences_FenceWicker_03", "Kurtenki1House3_fences_FenceWicker_04", "Kurtenki1House3_fences_FenceWicker_05", "Kurtenki1House3_fences_FenceWicker_06", "Kurtenki1House3_fences_FenceWicker_07", "Kurtenki1House3_fences_FenceWicker_08", "Kurtenki1House3_fences_FenceWicker_09", "Kurtenki1House3_fences_FenceWicker_10", "Kurtenki1House3_fences_FenceWicker_11"]]
      ]
    ],

    [
      "Kurtenki1House4Group",
      "ObjectsGroup",
      "CObjectsGroup",
      new Matrix(
          -0.994624, -0.103547, 0.000000, 4794.788574,
          0.103547, -0.994624, 0.000000, 8521.523438,
          0.000000, 0.000000, 1.000000, 581.452698,
          0.000000, 0.000000, 0.000000, 1.000000
        ),
      [
        ["Contents", ["Kurtenki1House4", "Kurtenki1House4_Corral", "Kurtenki1House4_fence_01", "Kurtenki1House4_fence_02", "Kurtenki1House4_fence_03", "Kurtenki1House4_fence_04", "Kurtenki1House4_fence_05", "Kurtenki1House4_fence_06"]]
      ]
    ],

    [
      "Kurtenki1House5Group",
      "ObjectsGroup",
      "CObjectsGroup",
      new Matrix(
          0.999657, -0.026203, 0.000000, 4834.034180,
          0.026203, 0.999657, 0.000000, 8477.834961,
          0.000000, 0.000000, 1.000000, 583.641235,
          0.000000, 0.000000, 0.000000, 1.000000
        ),
      [
        ["Contents", ["Kurtenki1House5", "Kurtenki1House5_Shed1", "Kurtenki1House5_fence_01", "Kurtenki1House5_fence_02", "Kurtenki1House5_fence_03", "Kurtenki1House5_fence_04"]]
      ]
    ],

    [
      "Kurtenki1House6Group",
      "ObjectsGroup",
      "CObjectsGroup",
      new Matrix(
          -0.999884, -0.015196, 0.000000, 4824.603027,
          0.015196, -0.999884, 0.000000, 8503.977539,
          0.000000, 0.000000, 1.000000, 582.404175,
          0.000000, 0.000000, 0.000000, 1.000000
        ),
      [
        ["Contents", ["Kurtenki1House6", "Kurtenki1House6_Shed", "Kurtenki1House6_fence_01", "Kurtenki1House6_fence_02", "Kurtenki1House6_fence_03", "Kurtenki1House6_fence_04", "Kurtenki1House6_fence_05", "Kurtenki1House6_fence_06", "Kurtenki1House6_fence_07", "Kurtenki1House6_fence_08", "Kurtenki1House6_fence_09", "Kurtenki1House6_fence_10", "Kurtenki1House6_fence_11", "Kurtenki1House6_fence_12", "Kurtenki1House6_fence_13"]]
      ]
    ],

    [
      "Kurtenki1House7Group",
      "ObjectsGroup",
      "CObjectsGroup",
      new Matrix(
          -0.710108, -0.704093, 0.000000, 4954.145508,
          0.704093, -0.710108, 0.000000, 8508.799805,
          0.000000, 0.000000, 1.000000, 586.078491,
          0.000000, 0.000000, 0.000000, 1.000000
        ),
      [
        ["Contents", ["Kurtenki1House7", "Kurtenki1House7_Shed1", "Kurtenki1House7_fences_FenceWicker_01", "Kurtenki1House7_fences_FenceWicker_02", "Kurtenki1House7_fences_FenceWicker_03", "Kurtenki1House7_fences_FenceWicker_04", "Kurtenki1House7_fences_FenceWicker_05", "Kurtenki1House7_fences_FenceWicker_06", "Kurtenki1House7_fences_FenceWicker_07", "Kurtenki1House7_fences_FenceWicker_08", "Kurtenki1House7_fences_FenceWicker_09"]]
      ]
    ],

    [
      "Kurtenki1House5_Shed1",
      "InteriorObject",
      "CUSRShedWoodUnit",
      new Matrix(
          -0.999914, 0.011984, 0.005249, 4849.398926,
          -0.011995, -0.999926, -0.001982, 8471.282227,
          0.005225, -0.002044, 0.999984, 581.386536,
          0.000000, 0.000000, 0.000000, 1.000000
        ),
      [
        ["SurfaceControl", "PutonGround"]
      ]
    ],

    [
      "Kurtenki1House7_Shed1",
      "InteriorObject",
      "CUSRShedWoodUnit",
      new Matrix(
          -0.689984, -0.722578, -0.042469, 4961.473633,
          0.722425, -0.691110, 0.021646, 8512.398438,
          -0.044991, -0.015745, 0.998863, 584.196716,
          0.000000, 0.000000, 0.000000, 1.000000
        ),
      [
        ["SurfaceControl", "PutonGround"]
      ]
    ],

    [
      "Kurtenki1House4_Corral",
      "InteriorObject",
      "CUSRCorralWoodUnit",
      new Matrix(
          -0.014612, 0.999569, -0.025446, 4805.910156,
          -0.998842, -0.013425, 0.046211, 8534.907227,
          0.045850, 0.026092, 0.998608, 579.856628,
          0.000000, 0.000000, 0.000000, 1.000000
        ),
      [
        ["SurfaceControl", "PutonGround"]
      ]
    ],

    [
      "Kurtenki1House3_Shed1",
      "InteriorObject",
      "CUSRShedWoodUnit",
      new Matrix(
          0.004464, 0.999876, -0.015108, 4888.473633,
          -0.999973, 0.004553, 0.005841, 8488.740234,
          0.005909, 0.015082, 0.999869, 581.688110,
          0.000000, 0.000000, 0.000000, 1.000000
        ),
      [
        ["SurfaceControl", "PutonGround"]
      ]
    ],

    [
      "Kurtenki1House8_fences_FenceWicker_12",
      "InteriorObject",
      "CFenceWickerUnit",
      new Matrix(
          0.143818, -0.988787, -0.040201, 4943.795898,
          0.989448, 0.142955, 0.023574, 8557.469727,
          -0.017562, -0.043167, 0.998913, 582.201843,
          0.000000, 0.000000, 0.000000, 1.000000
        ),
      [
        ["Length", 3],
        ["SurfaceControl", "PutonGround"]
      ]
    ],

    [
      "Kurtenki1House8_fences",
      "ObjectsGroup",
      "CObjectsGroup",
      new Matrix(
          0.999989, 0.004649, 0.000000, 4949.070801,
          -0.004649, 0.999989, 0.000000, 8577.713867,
          0.000000, 0.000000, 1.000000, 582.347290,
          0.000000, 0.000000, 0.000000, 1.000000
        ),
      [
        ["Contents", ["Kurtenki1House8_fences_FenceWicker_01", "Kurtenki1House8_fences_FenceWicker_02", "Kurtenki1House8_fences_FenceWicker_03", "Kurtenki1House8_fences_FenceWicker_04", "Kurtenki1House8_fences_FenceWicker_05", "Kurtenki1House8_fences_FenceWicker_06", "Kurtenki1House8_fences_FenceWicker_07", "Kurtenki1House8_fences_FenceWicker_08", "Kurtenki1House8_fences_FenceWicker_09", "Kurtenki1House8_fences_FenceWicker_10", "Kurtenki1House8_fences_FenceWicker_11", "Kurtenki1House8_fences_FenceWicker_12"]]
      ]
    ],

    [
      "Kurtenki1House8",
      "InteriorObject",
      "CUSRHouseWoodUnit",
      new Matrix(
          0.999451, -0.001802, -0.033087, 4940.473633,
          0.003024, 0.999313, 0.036926, 8572.444336,
          0.032997, -0.037006, 0.998770, 581.641663,
          0.000000, 0.000000, 0.000000, 1.000000
        ),
      [
        ["SurfaceControl", "PutonGround"]
      ]
    ],

    [
      "Kurtenki1House8Group",
      "ObjectsGroup",
      "CObjectsGroup",
      new Matrix(
          0.999989, 0.004648, 0.000000, 4949.070313,
          -0.004648, 0.999989, 0.000000, 8577.712891,
          0.000000, 0.000000, 1.000000, 583.400452,
          0.000000, 0.000000, 0.000000, 1.000000
        ),
      [
        ["Contents", ["Kurtenki1House8", "Kurtenki1House8_Shed", "Kurtenki1House8_fences"]]
      ]
    ],

    [
      "Kurtenki1House8_fences_FenceWicker_09",
      "InteriorObject",
      "CFenceWickerUnit",
      new Matrix(
          -0.146946, 0.988500, -0.035686, 4932.113770,
          -0.988797, -0.145843, 0.031792, 8598.369141,
          0.026221, 0.039958, 0.998857, 580.423706,
          0.000000, 0.000000, 0.000000, 1.000000
        ),
      [
        ["Length", 7],
        ["SurfaceControl", "PutonGround"]
      ]
    ],

    [
      "Kurtenki1House8_Shed",
      "InteriorObject",
      "CUSRShedWoodUnit",
      new Matrix(
          -0.999152, -0.019091, -0.036479, 4957.091797,
          0.018049, -0.999426, 0.028683, 8562.024414,
          -0.037006, 0.028000, 0.998923, 582.575500,
          0.000000, 0.000000, 0.000000, 1.000000
        ),
      [
        ["SurfaceControl", "PutonGround"]
      ]
    ],

    [
      "Kurtenki1House1_fence_01",
      "InteriorObject",
      "CFenceWickerUnit",
      new Matrix(
          0.999884, -0.015235, 0.000000, 4843.179199,
          0.015235, 0.999884, 0.000000, 8572.939453,
          0.000000, 0.000000, 1.000000, 578.877502,
          0.000000, 0.000000, 0.000000, 1.000000
        ),
      [
        ["Length", 3],
        ["SurfaceControl", "PutonGround"]
      ]
    ],

    [
      "Kurtenki1House2_Corral",
      "InteriorObject",
      "CUSRCorralWoodUnit",
      new Matrix(
          -0.998162, -0.055426, -0.024504, 4767.444336,
          0.054460, -0.997775, 0.038458, 8581.732422,
          -0.026581, 0.037053, 0.998960, 576.894470,
          0.000000, 0.000000, 0.000000, 1.000000
        ),
      [
        ["SurfaceControl", "PutonGround"]
      ]
    ],

    [
      "House2",
      "InteriorObject",
      "CUSRHouseWoodUnit",
      new Matrix(
          -0.019436, 0.999794, -0.005915, 4473.268555,
          -0.999100, -0.019645, -0.037606, 8275.442383,
          -0.037715, 0.005178, 0.999275, 578.746643,
          0.000000, 0.000000, 0.000000, 1.000000
        ),
      [
        ["SurfaceControl", "PutonGround"]
      ]
    ],

    [
      "House3",
      "InteriorObject",
      "CUSRHouseWoodUnit",
      new Matrix(
          0.998988, 0.044818, -0.003828, 4442.927246,
          -0.044909, 0.998585, -0.028496, 8221.197266,
          0.002545, 0.028639, 0.999587, 576.799622,
          0.000000, 0.000000, 0.000000, 1.000000
        ),
      [
        ["SurfaceControl", "PutonGround"]
      ]
    ],

    [
      "House4",
      "InteriorObject",
      "CUSRHouseWoodUnit",
      new Matrix(
          -0.999652, -0.020602, 0.016451, 4464.222168,
          0.020492, -0.999767, -0.006848, 8164.763672,
          0.016589, -0.006508, 0.999841, 575.802429,
          0.000000, 0.000000, 0.000000, 1.000000
        ),
      [
        ["SurfaceControl", "PutonGround"]
      ]
    ],

    [
      "House5",
      "InteriorObject",
      "CUSRHouseWoodUnit",
      new Matrix(
          0.999504, 0.030454, 0.007996, 4443.083496,
          -0.030432, 0.999533, -0.002799, 8183.385742,
          -0.008078, 0.002554, 0.999964, 576.270569,
          0.000000, 0.000000, 0.000000, 1.000000
        ),
      [
        ["SurfaceControl", "PutonGround"]
      ]
    ],

    [
      "House6",
      "InteriorObject",
      "CUSRHouseWoodUnit",
      new Matrix(
          0.010361, -0.999944, -0.002126, 4526.934082,
          0.998692, 0.010454, -0.050038, 8245.135742,
          0.050057, -0.001604, 0.998745, 577.271179,
          0.000000, 0.000000, 0.000000, 1.000000
        ),
      [
        ["SurfaceControl", "PutonGround"]
      ]
    ],

    [
      "Well",
      "InteriorObject",
      "CWaterWell_1Unit",
      new Matrix(
          -0.999362, 0.016210, -0.031816, 4864.337891,
          -0.014681, -0.998753, -0.047722, 6798.852539,
          -0.032550, -0.047225, 0.998354, 588.878906,
          0.000000, 0.000000, 0.000000, 1.000000
        ),
      [
        ["SurfaceControl", "PutonGround"]
      ]
    ],

    [
      "House6_Shed",
      "InteriorObject",
      "CUSRShedWoodUnit",
      new Matrix(
          0.031478, 0.999504, -0.000292, 4542.425293,
          -0.998285, 0.031425, -0.049402, 8237.982422,
          -0.049368, 0.001846, 0.998779, 576.926880,
          0.000000, 0.000000, 0.000000, 1.000000
        ),
      [
        ["SurfaceControl", "PutonGround"]
      ]
    ],

    [
      "House3_Corral",
      "InteriorObject",
      "CUSRCorralWoodUnit",
      new Matrix(
          -0.999497, -0.029788, 0.010897, 4440.877441,
          0.029671, -0.999502, -0.010783, 8202.466797,
          0.011212, -0.010454, 0.999882, 576.381165,
          0.000000, 0.000000, 0.000000, 1.000000
        ),
      [
        ["SurfaceControl", "PutonGround"]
      ]
    ],

    [
      "_Shed",
      "InteriorObject",
      "CUSRShedWoodUnit",
      new Matrix(
          0.028091, -0.998964, -0.035796, 4437.995605,
          0.998172, 0.029949, -0.052488, 8003.923828,
          0.053505, -0.034256, 0.997980, 584.711609,
          0.000000, 0.000000, 0.000000, 1.000000
        ),
      [
        ["SurfaceControl", "PutonGround"],
        ["HitPoints", 100.000000],
        ["Affiliation", "NEUTRAL"],
        ["ShadowPlaneOffset", 0.050000]
      ]
    ],

    [
      "House1_Shed",
      "InteriorObject",
      "CUSRShedWoodUnit",
      new Matrix(
          -0.999951, 0.006237, 0.007640, 4511.586426,
          -0.006515, -0.999296, -0.036936, 8276.784180,
          0.007404, -0.036984, 0.999288, 578.698059,
          0.000000, 0.000000, 0.000000, 1.000000
        ),
      [
        ["SurfaceControl", "PutonGround"]
      ]
    ],

    [
      "House7",
      "InteriorObject",
      "CUSRHouseWoodUnit",
      new Matrix(
          -0.999945, 0.007158, 0.007715, 4437.368652,
          -0.007279, -0.999848, -0.015843, 8137.986816,
          0.007600, -0.015898, 0.999845, 575.815186,
          0.000000, 0.000000, 0.000000, 1.000000
        ),
      [
        ["SurfaceControl", "PutonGround"]
      ]
    ],

    [
      "House5_Shed1",
      "InteriorObject",
      "CUSRShedWoodUnit",
      new Matrix(
          -0.999504, -0.030082, 0.009341, 4439.864746,
          0.029994, -0.999506, -0.009417, 8167.060059,
          0.009620, -0.009132, 0.999912, 576.182556,
          0.000000, 0.000000, 0.000000, 1.000000
        ),
      [
        ["SurfaceControl", "PutonGround"]
      ]
    ],

    [
      "House7_Shed1",
      "InteriorObject",
      "CUSRShedWoodUnit",
      new Matrix(
          0.004086, -0.999920, 0.011978, 4426.457520,
          0.999940, 0.003964, -0.010218, 8144.694336,
          0.010169, 0.012019, 0.999876, 576.006348,
          0.000000, 0.000000, 0.000000, 1.000000
        ),
      [
        ["SurfaceControl", "PutonGround"]
      ]
    ],

    [
      "House4_Corral",
      "InteriorObject",
      "CUSRCorralWoodUnit",
      new Matrix(
          0.999914, -0.009577, 0.009004, 4465.898438,
          0.009696, 0.999865, -0.013247, 8186.204102,
          -0.008876, 0.013333, 0.999872, 576.028320,
          0.000000, 0.000000, 0.000000, 1.000000
        ),
      [
