//-------------------------------------------------------------------
//                                                                   
//  This code is copyright 2001 by G5 Software.                      
//  Any unauthorized usage, either in part or in whole of this code  
//  is strictly prohibited. Violators WILL be prosecuted to the      
//  maximum extent allowed by law.                                   
//                                                                   
//-------------------------------------------------------------------
//                                                                   
//  Automatically-generated mission script file                      
//  DO NOT EDIT!                                                     
//                                                                   
//-------------------------------------------------------------------


class CWinterM2Content
{
  static String m_ObjectListClassFile = "Missions/CustomMissions/CWinterMission2/Content.script";
  static String m_ObjectListClassName = "CWinterM2Content";

  static Array  m_MissionObjectList   = [
    [
      "Atmosphere",
      "",
      "",
      new Matrix(
          1.000000, 0.000000, 0.000000, 0.000000,
          0.000000, 1.000000, 0.000000, 0.000000,
          0.000000, 0.000000, 1.000000, 0.000000,
          0.000000, 0.000000, 0.000000, 1.000000
        ),
      [
        ["AmbientLight", new Color(0.337255, 0.337255, 0.384314, 1.000000)],
        ["AntiSunAngle", 10.000000],
        ["AntiSunColor", new Color(0.337255, 0.337255, 0.384314, 1.000000)],
        ["AntiSunIntensity", 0.050000],
        ["EnableHorizontAdjustment", true],
        ["FogColorXNeg", new Color(0.784314, 0.784314, 0.803922, 1.000000)],
        ["FogColorXPos", new Color(0.784314, 0.784314, 0.807843, 1.000000)],
        ["FogColorYNeg", new Color(0.784314, 0.784314, 0.807843, 1.000000)],
        ["FogColorYPos", new Color(0.784314, 0.784314, 0.807843, 1.000000)],
        ["FogDensity", 0.001200],
        ["FogNear", 1000.000000],
        ["FogFar", 2000.000000],
        ["FogFarMax", 4500.000000],
        ["FogMode", "Exp"],
        ["ShadowColor", new Color(0.611765, 0.623529, 0.713726, 1.000000)],
        ["SunColor", new Color(0.937255, 0.949020, 0.976471, 1.000000)],
        ["SunDirection", new Vector(-0.005952, 0.155542, -0.305348)],
        ["SunIntensity", 0.700000],
        ["TreeLightKoef", 0.030000],
        ["TreeNormalRelax", 1.000000],
        ["TreeShadowLodDistance", 25.000000],
        ["BlindColor", new Color(1.000000, 1.000000, 1.000000, 1.000000)],
        ["DistanceToSun", 50000.000000],
        ["StencilShadowColor", new Color(0.611765, 0.623529, 0.713726, 1.000000)],
        ["SunSpecularIntensity", 0.500000],
        ["ShadowFar", 600.000000],
        ["AntiSunSpecularIntensity", 0.200000],
        ["CenterHeight", 400.000000],
        ["AntiSunEnabled", true],
        ["SunShines", 0.100000],
        ["IsSunVisible", true]
      ]
    ],

    [
      "Terrain",
      "",
      "",
      new Matrix(
          1.000000, 0.000000, 0.000000, 0.000000,
          0.000000, 1.000000, 0.000000, 0.000000,
          0.000000, 0.000000, 1.000000, 0.000000,
          0.000000, 0.000000, 0.000000, 1.000000
        ),
      [
        ["VertForestAngleMin", 0.000000],
        ["VertForestAngleMax", 45.000000],
        ["VertForestBeginFadeDist", [150.000000, 610.000000]],
        ["VertForestDistMin", 250.000000],
        ["IsAntiLighting", true],
        ["WaterFresnelPower", 1.000000],
        ["WaterColor", new Color(0.384314, 0.317647, 0.203922, 1.000000)],
        ["WaterBorderColor", new Color(0.384314, 0.317647, 0.203922, 1.000000)],
        ["WaterTexScale", 3.000000],
        ["WaterMicroTexScale", 32.000000],
        ["WaterBorderScale", 0.500000],
        ["WaterPenaTexScale", 8.500000],
        ["WaterPenaBorderScale", 2.000000],
        ["WaterClearColor", new Color(0.384314, 0.317647, 0.203922, 1.000000)],
        ["ForestTextureScale", 4.000000],
        ["ForestBorderScale", 0.500000],
        ["ForestShadowBorderScale", 0.000000],
        ["ForestAlphaScale", 0.500000],
        ["ForestShadowAlphaScale", 0.400000],
        ["ForestBeginFadeDist", [250.000000, 500.000000]],
        ["FakeForestBeginFadeDist", [500.000000, 910.000000]],
        ["AnimationSpeed", 0.060000],
        ["VertForestDistMax", 8000.000000],
        ["TerrainShadowPower", 1.000000],
        ["BumpSlopeness", 0.650000],
        ["NormalNoise", 0.500000],
        ["ReflectDistortion", 0.300000],
        ["ReflectTextureShift", 0.300000],
        ["BorderOffset", 0.100000],
        ["ClipPlaneShift", 1.000000],
        ["ForestLightFadeDist", [300.000000, 500.000000]],
        ["FakeForestLightFadeDist", [300.000000, 500.000000]]
      ]
    ],

    [
      "Cloud_Lrg_Wide",
      "Cloud",
      "CCloud",
      new Matrix(
          -0.898296, 0.439241, 0.011456, 8687.360352,
          -0.439012, -0.896135, -0.064888, -666.231079,
          -0.018235, -0.063318, 0.997827, 999.472473,
          0.000000, 0.000000, 0.000000, 1.000000
        ),
      [
        ["SpriteSize", 600.000000],
        ["Density", 0.130000],
        ["Ambient", new Color(1.000000, 1.000000, 1.000000, 0.900000)],
        ["DbgRenderBoxes", false],
        ["Height0", 0.020000],
        ["Color0", new Color(0.796078, 0.796078, 0.811765, 1.000000)],
        ["Height1", 0.080000],
        ["Color1", new Color(0.847059, 0.847059, 0.854902, 1.000000)],
        ["Height2", 0.200000],
        ["Color2", new Color(0.992157, 0.992157, 0.992157, 1.000000)],
        ["Height3", 0.500000],
        ["Color3", new Color(0.956863, 0.941176, 0.945098, 1.000000)],
        ["Height4", 0.700000],
        ["Color4", new Color(0.956863, 0.941176, 0.945098, 1.000000)],
        ["Matid0", ["Mtr_c", "Mtr_d", "Mtr_e", "Mtr_5"]],
        ["Matid1", ["Mtr_4", "Mtr_6", "Mtr_a", "Mtr_b"]],
        ["Matid2", ["Mtr_4", "Mtr_5", "Mtr_6", "Mtr_7"]],
        ["Matid3", ["Mtr_b", "Mtr_4", "Mtr_3"]],
        ["Matid4", ["Mtr_b", "Mtr_4", "Mtr_3", "Mtr_0"]],
        ["Size0", 1.200000],
        ["Size1", 1.000000],
        ["Size2", 1.000000],
        ["Size3", 1.000000],
        ["Size4", 1.000000],
        ["Dens0", 0.700000],
        ["Dens1", 0.300000],
        ["Dens2", 0.200000],
        ["Dens3", 0.100000],
        ["Dens4", 0.100000],
        ["Boxes", [[new Vector(0.000000, 0.000000, 0.000000), new Vector(3000.000000, 1500.000000, 350.000000)], [new Vector(0.000000, 0.000000, 800.000000), new Vector(800.000000, 1000.000000, 1000.000000)], [new Vector(-1000.000000, -600.000000, 250.000000), new Vector(800.000000, 1000.000000, 500.000000)], [new Vector(1000.000000, -800.000000, 150.000000), new Vector(1500.000000, 1500.000000, 250.000000)], [new Vector(1000.000000, 800.000000, -50.000000), new Vector(800.000000, 800.000000, 250.000000)], [new Vector(0.000000, 850.000000, -350.000000), new Vector(3050.000000, 1500.000000, 200.000000)]]],
        ["RenderClouds", true],
        ["NearAtten", 50.000000],
        ["FarAtten", 600.000000]
      ]
    ],

    [
      "MainPlayerUnit",
      "GameObject",
      "CTankPzVITigerE1_Early_WUnit",
      new Matrix(
          0.970061, -0.238663, -0.044956, 6004.426270,
          0.239261, 0.970920, 0.008329, 2267.693604,
          0.041661, -0.018836, 0.998954, 325.812042,
          0.000000, 0.000000, 0.000000, 1.000000
        ),
      [
        ["IsPlayer", true],
        ["IsManual", true],
        ["Affiliation", "FRIEND"],
        ["Number", "001"],
        ["Markings", ""],
        ["K_RINGS", "b19"],
        ["Flag", true],
        ["SurfaceControl", "PutonGroundLandingJoints"]
      ]
    ],

    [
      "NavPointGerman",
      "NavPoint",
      "CZAxisCylNavPoint",
      new Matrix(
          -0.874087, 0.485769, 0.000000, 4503.605469,
          -0.485769, -0.874087, 0.000000, 3453.272705,
          0.000000, 0.000000, 1.000000, 313.541107,
          0.000000, 0.000000, 0.000000, 1.000000
        ),
      [
        ["Range", 7.000000],
        ["IsVisible", true],
        ["IsMain", true],
        ["Name", "CWinterM2Mission_Strings::str_NavPointGerman"],
        ["Detect", false],
        ["Mask", [[], []]],
        ["PositionType", "Ground"],
        ["BehaviorHeight", 0.000000],
        ["MapCompass", false]
      ]
    ],

    [
      "NavPointRedArmy",
      "NavPoint",
      "CZAxisCylNavPoint",
      new Matrix(
          1.000000, 0.000000, 0.000000, 10057.323242,
          0.000000, 1.000000, 0.000000, 2663.722656,
          0.000000, 0.000000, 1.000000, 370.957703,
          0.000000, 0.000000, 0.000000, 1.000000
        ),
      [
        ["Range", 60.000000],
        ["IsVisible", true],
        ["IsMain", true],
        ["Name", "CWinterM2Mission_Strings::str_NavPointRedArmy"],
        ["Detect", false],
        ["Mask", [[], []]],
        ["PositionType", "Ground"],
        ["BehaviorHeight", 0.000000],
        ["MapCompass", false]
      ]
    ],

    [
      "Hill_Nr_210",
      "NavPoint",
      "CZAxisCylNavPoint",
      new Matrix(
          1.000000, 0.000000, 0.000000, 9300.000000,
          0.000000, 1.000000, 0.000000, 1876.000000,
          0.000000, 0.000000, 1.000000, 350.957703,
          0.000000, 0.000000, 0.000000, 1.000000
        ),
      [
        ["Range", 80.000000],
        ["IsVisible", true],
        ["IsMain", true],
        ["Name", "CWinterM2Mission_Strings::str_Hill_Nr_210"],
        ["Detect", false],
        ["Mask", [[], []]],
        ["PositionType", "Ground"],
        ["BehaviorHeight", 0.000000],
        ["MapCompass", false]
      ]
    ],

    [
      "CWM2Panzer_Faust3Grp",
      "UnitGroup",
      "CWM2Panzer_Faust3Grp",
      new Matrix(
          0.844999, 0.533151, -0.041546, 5735.456543,
          -0.531331, 0.845825, 0.047612, 3511.345459,
          0.060525, -0.018157, 0.998001, 290.735718,
          0.000000, 0.000000, 0.000000, 1.000000
        ),
      [
        ["Units", ["Panzer_Faust_231", "Panzer_Faust_232", "Panzer_Faust_233", "Panzer_Faust_234"]]
      ]
    ],

    [
      "A_Tiger_113",
      "GameObject",
      "CTankPzVI_E1_AI_WUnit",
      new Matrix(
          0.920399, 0.386843, 0.056724, 5865.740234,
          -0.388566, 0.921135, 0.022940, 2283.323242,
          -0.043376, -0.043155, 0.998126, 326.242676,
          0.000000, 0.000000, 0.000000, 1.000000
        ),
      [
        ["Task", "CWM2_TIGERA1Task"],
        ["Affiliation", "FRIEND"],
        ["Number", "113"],
        ["K_RINGS", "b12"]
      ]
    ],

    [
      "CWM2Panzer_FaustGrp",
      "UnitGroup",
      "CWM2Panzer_FaustGrp",
      new Matrix(
          0.932152, 0.361873, -0.011903, 5929.583984,
          -0.361803, 0.932223, 0.007632, 3432.114014,
          0.013858, -0.002808, 0.999900, 299.888092,
          0.000000, 0.000000, 0.000000, 1.000000
        ),
      [
        ["Units", ["Panzer_Faust_211", "Panzer_Faust_212", "Panzer_Faust_213", "Panzer_Faust_214"]]
      ]
    ],

    [
      "Panzer_Faust_211",
      "GameObject",
      "CTankPnzIV_G_AI_WUnit",
      new Matrix(
          0.932109, 0.361837, -0.015730, 5929.583984,
          -0.361777, 0.932241, 0.006631, 3432.114014,
          0.017063, -0.000490, 0.999854, 299.874969,
          0.000000, 0.000000, 0.000000, 1.000000
        ),
      [
        ["Task", "CWM2PanzerA1_Task"],
        ["Affiliation", "FRIEND"],
        ["Number", "211"]
      ]
    ],

    [
      "SovietHidden_GunZis1",
      "GameObject",
      "CGunZis3_WUnit",
      new Matrix(
          -0.911712, -0.410313, -0.020614, 8059.823730,
          0.410524, -0.911822, -0.007135, 2011.318115,
          -0.015869, -0.014967, 0.999762, 279.496338,
          0.000000, 0.000000, 0.000000, 1.000000
        ),
      [
        ["Task", "CWM2BaseZisTask"],
        ["Affiliation", "ENEMY"]
      ]
    ],

    [
      "SovietHidden_GunZis1Soldier_1",
      "GameObject",
      "CSovietSoldierRifle_WUnit",
      new Matrix(
          -0.861337, -0.508034, 0.000000, 8061.885742,
          0.508034, -0.861337, 0.000000, 2010.969482,
          0.000000, 0.000000, 1.000000, 279.796936,
          0.000000, 0.000000, 0.000000, 1.000000
        ),
      [
        ["Task", "CBaseAITask"],
        ["Affiliation", "ENEMY"],
        ["Guncrew", true]
      ]
    ],

    [
      "SovietHidden_GunZis1Soldier_2",
      "GameObject",
      "CSovietSoldierRifle_WUnit",
      new Matrix(
          -0.780408, -0.625270, 0.000000, 8061.223145,
          0.625270, -0.780408, 0.000000, 2010.021606,
          0.000000, 0.000000, 1.000000, 279.776825,
          0.000000, 0.000000, 0.000000, 1.000000
        ),
      [
        ["Task", "CBaseAITask"],
        ["Affiliation", "ENEMY"],
        ["Guncrew", true]
      ]
    ],

    [
      "CWM2ZisHiddenGroup",
      "ObjectsGroup",
      "CObjectsGroup",
      new Matrix(
          -0.861323, -0.508058, 0.000000, 8009.334961,
          0.508058, -0.861323, 0.000000, 1942.789551,
          0.000000, 0.000000, 1.000000, 278.054382,
          0.000000, 0.000000, 0.000000, 1.000000
        ),
      [
        ["Contents", ["SovietHidden_GunZis1", "SovietHidden_GunZis1Soldier_1", "SovietHidden_GunZis1Soldier_2", "SovietHidden_GunZis2", "SovietHidden_GunZis2Soldier_1", "SovietHidden_GunZis2Soldier_2"]]
      ]
    ],

    [
      "SovietHidden_GunZis2",
      "GameObject",
      "CGunZis3_WUnit",
      new Matrix(
          -0.792265, -0.608481, -0.045471, 7958.725098,
          0.609111, -0.793085, 0.000007, 1874.376953,
          -0.036066, -0.027691, 0.998966, 276.309875,
          0.000000, 0.000000, 0.000000, 1.000000
        ),
      [
        ["Task", "CWM2BaseZisTask"],
        ["Affiliation", "ENEMY"]
      ]
    ],

    [
      "SovietHidden_GunZis2Soldier_1",
      "GameObject",
      "CSovietSoldierRifle_WUnit",
      new Matrix(
          -0.768236, -0.640166, 0.000000, 7960.879883,
          0.640166, -0.768236, 0.000000, 1873.689087,
          0.000000, 0.000000, 1.000000, 276.672302,
          0.000000, 0.000000, 0.000000, 1.000000
        ),
      [
        ["Task", "CBaseAITask"],
        ["Affiliation", "ENEMY"],
        ["Guncrew", true]
      ]
    ],

    [
      "SovietHidden_GunZis2Soldier_2",
      "GameObject",
      "CSovietSoldierRifle_WUnit",
      new Matrix(
          -0.804112, -0.594478, 0.000000, 7960.509766,
          0.594478, -0.804112, 0.000000, 1872.722168,
          0.000000, 0.000000, 1.000000, 276.655457,
          0.000000, 0.000000, 0.000000, 1.000000
        ),
      [
        ["Task", "CBaseAITask"],
        ["Affiliation", "ENEMY"],
        ["Guncrew", true]
      ]
    ],

    [
      "SovietZis2HiddenGroup",
      "UnitGroup",
      "SovietZis2HiddenGroup",
      new Matrix(
          0.576100, -0.817373, 0.003168, 4984.704590,
          0.816892, 0.575886, 0.032284, 1784.028076,
          -0.028212, -0.016011, 0.999474, 587.904724,
          0.000000, 0.000000, 0.000000, 1.000000
        ),
      [
        ["Units", ["SovietHidden_GunZis2", "SovietHidden_GunZis2Soldier_1", "SovietHidden_GunZis2Soldier_2"]]
      ]
    ],

    [
      "CWM2T34ReserveGrp",
      "UnitGroup",
      "CWM2T34ReserveGrp",
      new Matrix(
          -0.988886, 0.136949, 0.057866, 9148.941406,
          -0.129644, -0.984839, 0.115258, 2283.336914,
          0.072774, 0.106475, 0.991649, 302.386444,
          0.000000, 0.000000, 0.000000, 1.000000
        ),
      [
        ["Units", ["T34ArmorReserve1", "T34ArmorReserve2", "T34ArmorReserve3", "T34ArmorReserve4", "T34ArmorReserve5"]]
      ]
    ],

    [
      "T34ArmorReserve1",
      "GameObject",
      "CTankT34_76_42AI_WUnit",
      new Matrix(
          -0.988886, 0.136947, 0.057881, 9148.941406,
          -0.129643, -0.984843, 0.115227, 2283.336914,
          0.072784, 0.106442, 0.991651, 302.386444,
          0.000000, 0.000000, 0.000000, 1.000000
        ),
      [
        ["Task", "CBaseAITankTask"],
        ["Affiliation", "ENEMY"],
        ["Number", "r01_01"]
      ]
    ],

    [
      "T34ArmorReserve2",
      "GameObject",
      "CTankT34_76_42AI_WUnit",
      new Matrix(
          -0.969569, 0.225501, 0.095315, 9177.721680,
          -0.211908, -0.967986, 0.134530, 2309.678223,
          0.122600, 0.110238, 0.986315, 296.812561,
          0.000000, 0.000000, 0.000000, 1.000000
        ),
      [
        ["Task", "CBaseAITankTask"],
        ["Affiliation", "ENEMY"],
        ["Number", "r01_02"]
      ]
    ],

    [
      "T34ArmorReserve3",
      "GameObject",
      "CTankT34_76_42AI_WUnit",
      new Matrix(
          -0.996484, 0.002461, 0.083744, 9206.468750,
          0.012108, -0.984843, 0.173025, 2281.823730,
          0.082900, 0.173431, 0.981351, 298.710175,
          0.000000, 0.000000, 0.000000, 1.000000
        ),
      [
        ["Task", "CBaseAITankTask"],
        ["Affiliation", "ENEMY"],
        ["Number", "r01_03"]
      ]
    ],

    [
      "NavPoint_CWM2Patrol_2",
      "NavPoint",
      "CZAxisCylNavPoint",
      new Matrix(
          1.000000, 0.000000, 0.000000, 9326.833984,
          0.000000, 1.000000, 0.000000, 1851.188110,
          0.000000, 0.000000, 1.000000, 346.868896,
          0.000000, 0.000000, 0.000000, 1.000000
        ),
      [
        ["Range", 60.000000],
        ["PositionType", "Ground"],
        ["IDMask", []],
        ["Detect", true],
        ["Name", ""],
        ["Mask", [[], []]],
        ["IsVisible", true],
        ["BehaviorHeight", 0.000000],
        ["MapCompass", false],
        ["IsMain", false]
      ]
    ],

    [
      "NavPoint_CWM2Patrol_1",
      "NavPoint",
      "CZAxisCylNavPoint",
      new Matrix(
          -0.874087, 0.485769, 0.000000, 6783.132324,
          -0.485769, -0.874087, 0.000000, 3082.410645,
          0.000000, 0.000000, 1.000000, 410.545349,
          0.000000, 0.000000, 0.000000, 1.000000
        ),
      [
        ["Range", 10.000000],
        ["PositionType", "Ground"],
        ["Detect", true],
        ["Name", ""],
        ["Mask", [[], []]],
        ["IsVisible", true],
        ["BehaviorHeight", 0.000000],
        ["MapCompass", false],
        ["IsMain", false]
      ]
    ],

    [
      "Nav_CWM2Reserve1",
      "NavPoint",
      "CZAxisCylNavPoint",
      new Matrix(
          1.000000, 0.000000, 0.000000, 7713.997559,
          0.000000, 1.000000, 0.000000, 2534.262695,
          0.000000, 0.000000, 1.000000, 293.207825,
          0.000000, 0.000000, 0.000000, 1.000000
        ),
      [
        ["Range", 20.000000],
        ["PositionType", "Ground"],
        ["Detect", true],
        ["Name", ""],
        ["Mask", [[], []]],
        ["IsVisible", true],
        ["BehaviorHeight", 0.000000],
        ["MapCompass", false],
        ["IsMain", false]
      ]
    ],

    [
      "Nav_CWM2Reserve2",
      "NavPoint",
      "CZAxisCylNavPoint",
      new Matrix(
          1.000000, 0.000000, 0.000000, 6723.094727,
          0.000000, 1.000000, 0.000000, 3126.657471,
          0.000000, 0.000000, 1.000000, 294.699951,
          0.000000, 0.000000, 0.000000, 1.000000
        ),
      [
        ["Range", 10.000000],
        ["PositionType", "Ground"]
      ]
    ],

    [
      "Nav_CWM2Reserve3",
      "NavPoint",
      "CZAxisCylNavPoint",
      new Matrix(
          1.000000, 0.000000, 0.000000, 5702.176270,
          0.000000, 1.000000, 0.000000, 3525.445313,
          0.000000, 0.000000, 1.000000, 287.298248,
          0.000000, 0.000000, 0.000000, 1.000000
        ),
      [
        ["PositionType", "Ground"],
        ["Range", 10.000000],
        ["Detect", true],
        ["Name", ""],
        ["Mask", [[], []]],
        ["IsVisible", true],
        ["BehaviorHeight", 0.000000],
        ["MapCompass", false],
        ["IsMain", false]
      ]
    ],

    [
      "SCOUT_HANOMAG251AusfC",
      "GameObject",
      "CBtrHanomag251AusfC_WUnit",
      new Matrix(
          0.807303, 0.584242, 0.083207, 5301.414063,
          -0.589036, 0.806358, 0.053145, 3523.239502,
          -0.036045, -0.091916, 0.995114, 291.575653,
          0.000000, 0.000000, 0.000000, 1.000000
        ),
      [
        ["Affiliation", "FRIEND"],
        ["Route", ["NavPoint_CWM2Patrol_1", "NavPoint_CWM2Patrol_2", "NavPoint_PZ6_Attack_AT_2", "NavPoint_PZ6_Attack_T34"]],
        ["EnemyReactionType", "ERT_AGGRESSIVE"],
        ["Task", "CBaseAIBtrTask"]
      ]
    ],

    [
      "NavPoint_PZ6_Begin_1",
      "NavPoint",
      "CZAxisCylNavPoint",
      new Matrix(
          -0.195820, 0.980640, 0.000000, 7350.047852,
          -0.980640, -0.195820, 0.000000, 2545.860107,
          0.000000, 0.000000, 1.000000, 286.959625,
          0.000000, 0.000000, 0.000000, 1.000000
        ),
      [
        ["Range", 10.000000],
        ["Detect", true],
        ["Name", ""],
        ["Mask", [[], []]],
        ["IsVisible", true],
        ["PositionType", "Ground"],
        ["BehaviorHeight", 0.000000],
        ["MapCompass", false],
        ["IsMain", false]
      ]
    ],

    [
      "NavPoint_PZ6_Attack_AT",
      "NavPoint",
      "CZAxisCylNavPoint",
      new Matrix(
          0.950450, 0.310877, 0.000000, 7418.431152,
          -0.310877, 0.950450, 0.000000, 2526.247314,
          0.000000, 0.000000, 1.000000, 287.180176,
          0.000000, 0.000000, 0.000000, 1.000000
        ),
      [
        ["Range", 80.000000],
        ["Detect", true],
        ["Name", ""],
        ["Mask", [[], []]],
        ["IsVisible", true],
        ["PositionType", "Ground"],
        ["BehaviorHeight", 0.000000],
        ["MapCompass", false],
        ["IsMain", false]
      ]
    ],

    [
      "NavPoint_PZ6_Attack_T34",
      "NavPoint",
      "CZAxisCylNavPoint",
      new Matrix(
          0.761465, 0.648205, 0.000000, 7869.117676,
          -0.648205, 0.761465, 0.000000, 2217.892090,
          0.000000, 0.000000, 1.000000, 350.785278,
          0.000000, 0.000000, 0.000000, 1.000000
        ),
      [
        ["Range", 10.000000],
        ["Detect", true],
        ["Name", ""],
        ["Mask", [[], []]],
        ["IsVisible", true],
        ["PositionType", ""],
        ["BehaviorHeight", 0.000000],
        ["MapCompass", false],
        ["IsMain", false]
      ]
    ],

    [
      "CWM2RepairZis_Group",
      "UnitGroup",
      "CWM2RepairZis_Group",
      new Matrix(
          -0.672593, -0.738743, 0.043344, 9350.676758,
          0.739745, -0.672770, 0.012529, 1830.175415,
          0.019905, 0.040490, 0.998982, 347.861328,
          0.000000, 0.000000, 0.000000, 1.000000
        ),
      [
        ["Units", ["ZIS_Repair_1", "ZIS_Repair_2", "ZIS_Repair_3", "ZIS_Repair_4", "ZIS_Repair_5", "ZIS_Repair_6"]],
        ["Path", ["NavPoint_CWM2_Sapp_Retreat1_1", "NavPoint_CWM2_Sapp_Retreat1_2", "NavPoint_CWM2_Sapp_Retreat1_3"]],
        ["DelayedOrder", true],
        ["FirstOrder", "Patrol"],
        ["MovingSpeed", 62],
        ["CyclePath", false]
      ]
    ],

    [
      "ZIS_Repair_1",
      "GameObject",
      "CTruckZis5_WUnit",
      new Matrix(
          -0.672593, -0.738743, 0.043328, 9350.676758,
          0.739745, -0.672770, 0.012531, 1830.175415,
          0.019892, 0.040480, 0.998982, 347.861481,
          0.000000, 0.000000, 0.000000, 1.000000
        ),
      [
        ["Task", "CWM2TaskRepairZiS"],
        ["Affiliation", "ENEMY"]
      ]
    ],

    [
      "ZIS_Repair_2",
      "GameObject",
      "CTruckZis5_WUnit",
      new Matrix(
          -0.659437, -0.750384, 0.045454, 9356.158203,
          0.751563, -0.659441, 0.017038, 1848.614624,
          0.017189, 0.045397, 0.998821, 347.343201,
          0.000000, 0.000000, 0.000000, 1.000000
        ),
      [
        ["Task", "CWM2TaskRepairZiS"],
        ["Affiliation", "ENEMY"]
      ]
    ],

    [
      "CWM2Sappers_Group1",
      "UnitGroup",
      "CWM2Sappers_Group",
      new Matrix(
          -0.730422, -0.682997, 0.000000, 9323.240234,
          0.682997, -0.730422, 0.000000, 1864.581787,
          0.000000, 0.000000, 1.000000, 347.632446,
          0.000000, 0.000000, 0.000000, 1.000000
        ),
      [
        ["Units", ["sov_sapper1_1", "sov_sapper1_2", "sov_sapper1_3", "sov_sapper1_4"]],
        ["Path", ["NavPoint_CWM2_Sapp_Retreat1_1", "NavPoint_CWM2_Sapp_Retreat1_2", "NavPoint_CWM2_Sapp_Retreat1_3", "NavPoint_CWM2_Sapp_Retreat1_4"]],
        ["DelayedOrder", true],
        ["FirstOrder", "Patrol"],
        ["Formation", "Independent"],
        ["MovingSpeed", 22],
        ["CyclePath", false],
        ["MinDifficulty", 0]
      ]
    ],

    [
      "CWM2Sappers_Group2",
      "UnitGroup",
      "CWM2Sappers_Group",
      new Matrix(
          -0.614038, -0.789277, 0.000000, 9362.981445,
          0.789277, -0.614038, 0.000000, 1832.372314,
          0.000000, 0.000000, 1.000000, 346.751068,
          0.000000, 0.000000, 0.000000, 1.000000
        ),
      [
        ["Units", ["sov_sapper2_1", "sov_sapper2_2", "sov_sapper2_3", "sov_sapper2_4"]],
        ["Path", ["NavPoint_CWM2_Sapp_Retreat2_1", "NavPoint_CWM2_Sapp_Retreat2_2", "NavPoint_CWM2_Sapp_Retreat2_3", "NavPoint_CWM2_Sapp_Retreat2_4"]],
        ["DelayedOrder", true],
        ["Formation", "Independent"],
        ["FirstOrder", "Patrol"],
        ["MovingSpeed", 22],
        ["CyclePath", false],
        ["MinDifficulty", 1]
      ]
    ],

    [
      "sov_sapper1_1",
      "GameObject",
      "CSovietSoldierRifle_WUnit",
      new Matrix(
          -0.730422, -0.682997, 0.000000, 9323.240234,
          0.682997, -0.730422, 0.000000, 1864.581787,
          0.000000, 0.000000, 1.000000, 347.632446,
          0.000000, 0.000000, 0.000000, 1.000000
        ),
      [
        ["Task", "CWM2TaskSappers"],
        ["Affiliation", "ENEMY"]
      ]
    ],

    [
      "sov_sapper1_2",
      "GameObject",
      "CSovietSoldierRifle_WUnit",
      new Matrix(
          0.074545, -0.997218, 0.000000, 9372.973633,
          0.997218, 0.074545, 0.000000, 1892.000366,
          0.000000, 0.000000, 1.000000, 344.817017,
          0.000000, 0.000000, 0.000000, 1.000000
        ),
      [
        ["Task", "CWM2TaskSappers"],
        ["Affiliation", "ENEMY"]
      ]
    ],

    [
      "sov_sapper1_3",
      "GameObject",
      "CSovietSoldierRifle_WUnit",
      new Matrix(
          -0.272312, -0.962209, 0.000000, 9379.252930,
          0.962209, -0.272312, 0.000000, 1848.123413,
          0.000000, 0.000000, 1.000000, 345.646088,
          0.000000, 0.000000, 0.000000, 1.000000
        ),
      [
        ["Task", "CWM2TaskSappers"],
        ["Affiliation", "ENEMY"]
      ]
    ],

    [
      "sov_sapper1_4",
      "GameObject",
      "CSovietSoldierRifle_WUnit",
      new Matrix(
          -0.516753, -0.856135, 0.000000, 9361.795898,
          0.856135, -0.516753, 0.000000, 1853.577026,
          0.000000, 0.000000, 1.000000, 346.550293,
          0.000000, 0.000000, 0.000000, 1.000000
        ),
      [
        ["Task", "CWM2TaskSappers"],
        ["Affiliation", "ENEMY"]
      ]
    ],

    [
      "sov_sapper2_1",
      "GameObject",
      "CSovietSoldierRifle_WUnit",
      new Matrix(
          -0.614038, -0.789277, 0.000000, 9362.981445,
          0.789277, -0.614038, 0.000000, 1832.372314,
          0.000000, 0.000000, 1.000000, 346.751038,
          0.000000, 0.000000, 0.000000, 1.000000
        ),
      [
        ["Task", "CWM2TaskSappers"],
        ["Affiliation", "ENEMY"]
      ]
    ],

    [
      "sov_sapper2_2",
      "GameObject",
      "CSovietSoldierRifle_WUnit",
      new Matrix(
          -0.356713, -0.934214, 0.000000, 9376.922852,
          0.934214, -0.356713, 0.000000, 1837.380493,
          0.000000, 0.000000, 1.000000, 345.871613,
          0.000000, 0.000000, 0.000000, 1.000000
        ),
      [
        ["Task", "CWM2TaskSappers"],
        ["Affiliation", "ENEMY"]
      ]
    ],

    [
      "sov_sapper2_3",
      "GameObject",
      "CSovietSoldierRifle_WUnit",
      new Matrix(
          -0.431032, -0.902337, 0.000000, 9361.477539,
          0.902337, -0.431032, 0.000000, 1814.784302,
          0.000000, 0.000000, 1.000000, 346.796509,
          0.000000, 0.000000, 0.000000, 1.000000
        ),
      [
        ["Task", "CWM2TaskSappers"],
        ["Affiliation", "ENEMY"]
      ]
    ],

    [
      "sov_sapper2_4",
      "GameObject",
      "CSovietSoldierRifle_WUnit",
      new Matrix(
          -0.516753, -0.856135, 0.000000, 9339.592773,
          0.856135, -0.516753, 0.000000, 1848.058716,
          0.000000, 0.000000, 1.000000, 347.546082,
          0.000000, 0.000000, 0.000000, 1.000000
        ),
      [
        ["Task", "CWM2TaskSappers"],
        ["Affiliation", "ENEMY"]
      ]
    ],

    [
      "Nav_German_ZONE",
      "NavPoint",
      "CZAxisCylNavPoint",
      new Matrix(
          0.011889, -0.999929, 0.000000, 4291.662598,
          0.999929, 0.011889, 0.000000, 3597.720947,
          0.000000, 0.000000, 1.000000, 321.894257,
          0.000000, 0.000000, 0.000000, 1.000000
        ),
      [
        ["Range", 7.000000],
        ["IsVisible", true],
        ["IsMain", true],
        ["Name", "CWM2Mission_Strings::str_NavPointKurt"],
        ["Detect", false],
        ["Mask", [[], []]],
        ["PositionType", "Ground"],
        ["BehaviorHeight", 0.000000],
        ["MapCompass", false]
      ]
    ],

    [
      "NavPoint_CWM2_Sapp_Retreat1_1",
      "NavPoint",
      "CZAxisCylNavPoint",
      new Matrix(
          0.996217, 0.086899, 0.000000, 9816.161133,
          -0.086899, 0.996217, 0.000000, 1901.295410,
          0.000000, 0.000000, 1.000000, 310.343018,
          0.000000, 0.000000, 0.000000, 1.000000
        ),
      [
        ["PositionType", "Ground"],
        ["Range", 10.000000],
        ["IsVisible", true]
      ]
    ],

    [
      "NavPoint_CWM2_Sapp_Retreat1_2",
      "NavPoint",
      "CZAxisCylNavPoint",
      new Matrix(
          -0.874087, 0.485769, 0.000000, 10344.701172,
          -0.485769, -0.874087, 0.000000, 2448.873535,
          0.000000, 0.000000, 1.000000, 241.031342,
          0.000000, 0.000000, 0.000000, 1.000000
        ),
      [
        ["PositionType", "Ground"],
        ["Range", 10.000000],
        ["IsVisible", true]
      ]
    ],

    [
      "NavPoint_CWM2_Sapp_Retreat1_3",
      "NavPoint",
      "CZAxisCylNavPoint",
      new Matrix(
          -0.874087, 0.485769, 0.000000, 11111.445313,
          -0.485769, -0.874087, 0.000000, 2543.480469,
          0.000000, 0.000000, 1.000000, 241.849960,
          0.000000, 0.000000, 0.000000, 1.000000
        ),
      [
        ["PositionType", "Ground"],
        ["Range", 10.000000],
        ["IsVisible", true]
      ]
    ],

    [
      "NavPoint_CWM2_Sapp_Retreat1_4",
      "NavPoint",
      "CZAxisCylNavPoint",
      new Matrix(
          -0.874087, 0.485769, 0.000000, 11505.942383,
          -0.485769, -0.874087, 0.000000, 2253.417725,
          0.000000, 0.000000, 1.000000, 242.149963,
          0.000000, 0.000000, 0.000000, 1.000000
        ),
      [
        ["PositionType", "Ground"],
        ["Range", 10.000000],
        ["IsVisible", true]
      ]
    ],

    [
      "NavPoint_CWM2_Sapp_Retreat2_1",
      "NavPoint",
      "CZAxisCylNavPoint",
      new Matrix(
          1.000000, 0.000000, 0.000000, 9813.152344,
          0.000000, 1.000000, 0.000000, 1954.229126,
          0.000000, 0.000000, 1.000000, 303.660400,
          0.000000, 0.000000, 0.000000, 1.000000
        ),
      [
        ["PositionType", "Ground"],
        ["Range", 10.000000],
        ["IsVisible", true]
      ]
    ],

    [
      "NavPoint_CWM2_Sapp_Retreat2_2",
      "NavPoint",
      "CZAxisCylNavPoint",
      new Matrix(
          -0.874087, 0.485769, 0.000000, 10512.580078,
          -0.485769, -0.874087, 0.000000, 2392.384521,
          0.000000, 0.000000, 1.000000, 240.909973,
          0.000000, 0.000000, 0.000000, 1.000000
        ),
      [
        ["PositionType", "Ground"],
        ["Range", 10.000000],
        ["IsVisible", true]
      ]
    ],

    [
      "NavPoint_CWM2_Zis_Retreat_1",
      "NavPoint",
      "CZAxisCylNavPoint",
      new Matrix(
          -0.874087, 0.485769, 0.000000, 9808.811523,
          -0.485769, -0.874087, 0.000000, 1944.268311,
          0.000000, 0.000000, 1.000000, 305.497955,
          0.000000, 0.000000, 0.000000, 1.000000
        ),
      [
        ["Range", 10.000000],
        ["PositionType", "Ground"],
        ["Detect", true],
        ["Name", ""],
        ["Mask", [[], []]],
        ["IsVisible", true],
        ["BehaviorHeight", 0.000000],
        ["MapCompass", false],
        ["IsMain", false]
      ]
    ],

    [
      "NavPoint_CWM2_Zis_Retreat_2",
      "NavPoint",
      "CZAxisCylNavPoint",
      new Matrix(
          -0.874087, 0.485769, 0.000000, 10686.768555,
          -0.485769, -0.874087, 0.000000, 2424.229248,
          0.000000, 0.000000, 1.000000, 241.286972,
          0.000000, 0.000000, 0.000000, 1.000000
        ),
      [
        ["Range", 20.000000],
        ["PositionType", "Ground"],
        ["Detect", true],
        ["Name", ""],
        ["Mask", [[], []]],
        ["IsVisible", true],
        ["BehaviorHeight", 0.000000],
        ["MapCompass", false],
        ["IsMain", false]
      ]
    ],

    [
      "NP_RED_Zone_1",
      "NavPoint",
      "CZAxisCylNavPoint",
      new Matrix(
          1.000000, 0.000000, 0.000000, 10406.572266,
          0.000000, 1.000000, 0.000000, 2701.804932,
          0.000000, 0.000000, 1.000000, 241.938660,
          0.000000, 0.000000, 0.000000, 1.000000
        ),
      [
        ["Detect", true],
        ["Name", ""],
        ["Mask", [[], []]],
        ["IsVisible", true],
        ["PositionType", "Ground"],
        ["BehaviorHeight", 0.000000],
        ["MapCompass", false],
        ["IsMain", false],
        ["Range", 80.000000]
      ]
    ],

    [
      "NavPoint_PZ6_Attack_AT_3",
      "NavPoint",
      "CZAxisCylNavPoint",
      new Matrix(
          1.000000, 0.000000, 0.000000, 10240.830078,
          0.000000, 1.000000, 0.000000, 2504.826660,
          0.000000, 0.000000, 1.000000, 87.860374,
          0.000000, 0.000000, 0.000000, 1.000000
        ),
      [
        ["Range", 10.000000],
        ["Detect", true],
        ["Name", ""],
        ["Mask", [[], []]],
        ["IsVisible", true],
        ["PositionType", "Ground"],
        ["BehaviorHeight", 0.000000],
        ["MapCompass", false],
        ["IsMain", false]
      ]
    ],

    [
      "NavPoint_PZ6_Begin_2",
      "NavPoint",
      "CZAxisCylNavPoint",
      new Matrix(
          -0.195820, 0.980640, 0.000000, 7934.723145,
          -0.980640, -0.195820, 0.000000, 1511.467407,
          0.000000, 0.000000, 1.000000, 286.428467,
          0.000000, 0.000000, 0.000000, 1.000000
        ),
      [
        ["Range", 5.000000],
        ["Detect", true],
        ["Name", ""],
        ["Mask", [[], []]],
        ["IsVisible", true],
        ["PositionType", "Ground"],
        ["BehaviorHeight", 0.000000],
        ["MapCompass", false],
        ["IsMain", false]
      ]
    ],

    [
      "NavPoint_PZ6_Begin_3",
      "NavPoint",
      "CZAxisCylNavPoint",
      new Matrix(
          -0.195820, 0.980640, 0.000000, 8676.263672,
          -0.980640, -0.195820, 0.000000, 2580.478271,
          0.000000, 0.000000, 1.000000, 316.603271,
          0.000000, 0.000000, 0.000000, 1.000000
        ),
      [
        ["Range", 5.000000],
        ["Detect", true],
        ["Name", ""],
        ["Mask", [[], []]],
        ["IsVisible", true],
        ["PositionType", "Ground"],
        ["BehaviorHeight", 0.000000],
        ["MapCompass", false],
        ["IsMain", false]
      ]
    ],

    [
      "NavPoint_PZ6_MoveToBegin_1",
      "NavPoint",
      "CZAxisCylNavPoint",
      new Matrix(
          1.000000, 0.000000, 0.000000, 6742.548828,
          0.000000, 1.000000, 0.000000, 2191.476318,
          0.000000, 0.000000, 1.000000, 292.464294,
          0.000000, 0.000000, 0.000000, 1.000000
        ),
      [
        ["Range", 20.000000],
        ["Detect", true],
        ["Name", ""],
        ["Mask", [[], []]],
        ["IsVisible", true],
        ["PositionType", "Ground"],
        ["BehaviorHeight", 0.000000],
        ["MapCompass", false],
        ["IsMain", false]
      ]
    ],

    [
      "NavPoint_PZ6_MoveToBegin_2",
      "NavPoint",
      "CZAxisCylNavPoint",
      new Matrix(
          0.157546, 0.987512, 0.000000, 7962.936523,
          -0.987512, 0.157546, 0.000000, 2097.258301,
          0.000000, 0.000000, 1.000000, 278.312592,
          0.000000, 0.000000, 0.000000, 1.000000
        ),
      [
        ["Range", 10.000000],
        ["Detect", true],
        ["Name", ""],
        ["Mask", [[], []]],
        ["IsVisible", true],
        ["PositionType", "Ground"],
        ["BehaviorHeight", 0.000000],
        ["MapCompass", false],
        ["IsMain", false]
      ]
    ],

    [
      "NavPoint_PZ6_Attack_AT_2",
      "NavPoint",
      "CZAxisCylNavPoint",
      new Matrix(
          0.178975, 0.983854, 0.000000, 7497.786133,
          -0.983854, 0.178975, 0.000000, 1678.778687,
          0.000000, 0.000000, 1.000000, 304.833862,
          0.000000, 0.000000, 0.000000, 1.000000
        ),
      [
        ["Range", 10.000000],
        ["Detect", true],
        ["Name", ""],
        ["Mask", [[], []]],
        ["IsVisible", true],
        ["PositionType", "Ground"],
        ["MapCompass", false],
        ["IsMain", false],
        ["BehaviorHeight", 0.000000]
      ]
    ],

    [
      "AntiTank_1",
      "InteriorObject",
      "CAntiTankSingleUnit",
      new Matrix(
          0.750439, 0.659978, 0.035640, 4493.704590,
          -0.659244, 0.751285, -0.031109, 3542.713867,
          -0.047308, -0.000150, 0.998880, 447.243286,
          0.000000, 0.000000, 0.000000, 1.000000
        ),
      [
        ["HitPoints", -1.000000],
        ["SurfaceControl", "PutonGround"],
        ["Affiliation", "NEUTRAL"],
        ["FakeShadowOffset", 0.090000]
      ]
    ],

    [
      "AntiTank_2",
      "InteriorObject",
      "CAntiTankSingleUnit",
      new Matrix(
          -0.198478, 0.980105, -0.000027, 4453.256836,
          -0.978794, -0.198214, -0.051709, 3455.285889,
          -0.050686, -0.010237, 0.998662, 442.683838,
          0.000000, 0.000000, 0.000000, 1.000000
        ),
      [
        ["HitPoints", -1.000000],
        ["SurfaceControl", "PutonGround"],
        ["Affiliation", "FRIEND"],
        ["FakeShadowOffset", 0.090000],
        ["Route", []]
      ]
    ],

    [
      "AntiTank_3",
      "InteriorObject",
      "CAntiTankSingleUnit",
      new Matrix(
          -0.435788, 0.900049, -0.000045, 4429.877441,
          -0.899021, -0.435293, -0.047756, 3467.206543,
          -0.043003, -0.020771, 0.998859, 443.283722,
          0.000000, 0.000000, 0.000000, 1.000000
        ),
      [
        ["HitPoints", -1.000000],
        ["SurfaceControl", "PutonGround"],
        ["Affiliation", "FRIEND"],
        ["FakeShadowOffset", 0.090000],
        ["Route", []]
      ]
    ],

    [
      "AntiTank_4",
      "InteriorObject",
      "CAntiTankSingleUnit",
      new Matrix(
          0.423198, 0.906002, -0.007973, 4468.105469,
          -0.904813, 0.422153, -0.055680, 3486.364746,
          -0.047080, 0.030778, 0.998417, 444.342163,
          0.000000, 0.000000, 0.000000, 1.000000
        ),
      [
        ["HitPoints", -1.000000],
        ["SurfaceControl", "PutonGround"],
        ["Affiliation", "FRIEND"],
        ["FakeShadowOffset", 0.090000],
        ["Route", []]
      ]
    ],

    [
      "AntiTank_5",
      "InteriorObject",
      "CAntiTankSingleUnit",
      new Matrix(
          0.742105, 0.670257, -0.005924, 4482.292969,
          -0.669476, 0.740749, -0.055617, 3531.465576,
          -0.032889, 0.045239, 0.998434, 446.830994,
          0.000000, 0.000000, 0.000000, 1.000000
        ),
      [
        ["HitPoints", -1.000000],
        ["SurfaceControl", "PutonGround"],
        ["Affiliation", "FRIEND"],
        ["FakeShadowOffset", 0.090000],
