//-------------------------------------------------------------------
//                                                                   
//  This code is copyright 2001 by G5 Software.                      
//  Any unauthorized usage, either in part or in whole of this code  
//  is strictly prohibited. Violators WILL be prosecuted to the      
//  maximum extent allowed by law.                                   
//                                                                   
//-------------------------------------------------------------------
//                                                                   
//  Automatically-generated mission script file                      
//  DO NOT EDIT!                                                     
//                                                                   
//-------------------------------------------------------------------


class CWM2StrucContent
{
//  static String m_ObjectListClassFile = "Missions/CustomMissions/CWinterMission2/StrucContent.script";
//  static String m_ObjectListClassName = "CStrucContent";

  static Array  m_MissionObjectList   = [


    [
      "Village_WestSide1_FenceWicker_1",
      "InteriorObject",
      "CFenceWickerUnit",
      new Matrix(
          0.695095, 0.718918, 0.000000, 8968.733398,
          -0.718918, 0.695095, 0.000000, 9411.973633,
          0.000000, 0.000000, 1.000000, 239.028442,
          0.000000, 0.000000, 0.000000, 1.000000
        ),
      [
        ["SurfaceControl", "PutonGround"],
        ["Length", 3]
      ]
    ],

    [
      "Village_WestSide1_FenceWicker_2",
      "InteriorObject",
      "CFenceWickerUnit",
      new Matrix(
          0.594472, 0.804117, 0.000000, 8949.413086,
          -0.804117, 0.594472, 0.000000, 9398.658203,
          0.000000, 0.000000, 1.000000, 239.051956,
          0.000000, 0.000000, 0.000000, 1.000000
        ),
      [
        ["SurfaceControl", "PutonGround"],
        ["Length", 12]
      ]
    ],

    [
      "Village_WestSide1_FenceWicker_3",
      "InteriorObject",
      "CFenceWickerUnit",
      new Matrix(
          0.805599, -0.592461, 0.000000, 8948.925781,
          0.592461, 0.805599, 0.000000, 9398.328125,
          0.000000, 0.000000, 1.000000, 239.058487,
          0.000000, 0.000000, 0.000000, 1.000000
        ),
      [
        ["SurfaceControl", "PutonGround"],
        ["Length", 12]
      ]
    ],

    [
      "Village_WestSide1_FenceWicker_4",
      "InteriorObject",
      "CFenceWickerUnit",
      new Matrix(
          -0.671660, -0.740859, 0.000000, 8974.247070,
          0.740859, -0.671660, 0.000000, 9366.473633,
          0.000000, 0.000000, 1.000000, 239.050064,
          0.000000, 0.000000, 0.000000, 1.000000
        ),
      [
        ["Length", 3],
        ["SurfaceControl", "PutonGround"]
      ]
    ],

    [
      "Village_WestSide1_FenceWicker_5",
      "InteriorObject",
      "CFenceWickerUnit",
      new Matrix(
          -0.587396, -0.809300, 0.000000, 9057.707031,
          0.809300, -0.587396, 0.000000, 9392.137695,
          0.000000, 0.000000, 1.000000, 238.850037,
          0.000000, 0.000000, 0.000000, 1.000000
        ),
      [
        ["Length", 5],
        ["SurfaceControl", "PutonGround"]
      ]
    ],

    [
      "Village_WestSide1_FenceWicker_6",
      "InteriorObject",
      "CFenceWickerUnit",
      new Matrix(
          0.741086, -0.671410, 0.000000, 9082.300781,
          0.671410, 0.741086, 0.000000, 9367.201172,
          0.000000, 0.000000, 1.000000, 238.850052,
          0.000000, 0.000000, 0.000000, 1.000000
        ),
      [
        ["SurfaceControl", "PutonGround"],
        ["Length", 12]
      ]
    ],

    [
      "Village_WestSide1_FenceWicker_7",
      "InteriorObject",
      "CFenceWickerUnit",
      new Matrix(
          0.656560, 0.754274, 0.000000, 9082.335938,
          -0.754274, 0.656560, 0.000000, 9367.250977,
          0.000000, 0.000000, 1.000000, 238.850052,
          0.000000, 0.000000, 0.000000, 1.000000
        ),
      [
        ["SurfaceControl", "PutonGround"],
        ["Length", 6]
      ]
    ],

    [
      "Village_WestSide1_FenceWicker_8",
      "InteriorObject",
      "CFenceWickerUnit",
      new Matrix(
          0.728223, -0.685340, 0.000000, 9101.519531,
          0.685340, 0.728223, 0.000000, 9354.177734,
          0.000000, 0.000000, 1.000000, 238.850052,
          0.000000, 0.000000, 0.000000, 1.000000
        ),
      [
        ["SurfaceControl", "PutonGround"],
        ["Length", 9]
      ]
    ],

    [
      "Village_WestSide1_FenceWicker_9",
      "InteriorObject",
      "CFenceWickerUnit",
      new Matrix(
          0.671439, 0.741060, 0.000000, 9100.265625,
          -0.741060, 0.671439, 0.000000, 9383.070313,
          0.000000, 0.000000, 1.000000, 238.850052,
          0.000000, 0.000000, 0.000000, 1.000000
        ),
      [
        ["SurfaceControl", "PutonGround"],
        ["Length", 11]
      ]
    ],

    [
      "Village_WestSide1_FenceWicker_10",
      "InteriorObject",
      "CFenceWickerUnit",
      new Matrix(
          0.655403, 0.755279, 0.000000, 9101.429688,
          -0.755279, 0.655403, 0.000000, 9353.994141,
          0.000000, 0.000000, 1.000000, 238.850037,
          0.000000, 0.000000, 0.000000, 1.000000
        ),
      [
        ["SurfaceControl", "PutonGround"],
        ["Length", 3]
      ]
    ],

    [
      "Village_WestSide1_FenceWicker_11",
      "InteriorObject",
      "CFenceWickerUnit",
      new Matrix(
          0.635659, 0.771970, 0.000000, 9107.291016,
          -0.771970, 0.635659, 0.000000, 9336.063477,
          0.000000, 0.000000, 1.000000, 239.072464,
          0.000000, 0.000000, 0.000000, 1.000000
        ),
      [
        ["SurfaceControl", "PutonGround"],
        ["Length", 3]
      ]
    ],

    [
      "Village_WestSide1_FenceWicker_12",
      "InteriorObject",
      "CFenceWickerUnit",
      new Matrix(
          -0.740154, 0.672437, 0.000000, 9002.979492,
          -0.672437, -0.740154, 0.000000, 9375.758789,
          0.000000, 0.000000, 1.000000, 239.050064,
          0.000000, 0.000000, 0.000000, 1.000000
        ),
      [
        ["SurfaceControl", "PutonGround"],
        ["Length", 8]
      ]
    ],

    [
      "Village_WestSide1_FenceWicker_13",
      "InteriorObject",
      "CFenceWickerUnit",
      new Matrix(
          0.744249, -0.667902, 0.000000, 9110.881836,
          0.667902, 0.744249, 0.000000, 9331.399414,
          0.000000, 0.000000, 1.000000, 239.135986,
          0.000000, 0.000000, 0.000000, 1.000000
        ),
      [
        ["SurfaceControl", "PutonGround"],
        ["Length", 9]
      ]
    ],

    [
      "Village_WestSide1_FenceWicker_14",
      "InteriorObject",
      "CFenceWickerUnit",
      new Matrix(
          -0.677537, -0.735489, 0.000000, 9122.372070,
          0.735489, -0.677537, 0.000000, 9354.373047,
          0.000000, 0.000000, 1.000000, 238.850037,
          0.000000, 0.000000, 0.000000, 1.000000
        ),
      [
        ["SurfaceControl", "PutonGround"],
        ["Length", 7]
      ]
    ],

    [
      "Village_WestSide1_FenceWicker_15",
      "InteriorObject",
      "CFenceWickerUnit",
      new Matrix(
          0.777131, -0.629339, 0.000000, 9023.766602,
          0.629339, 0.777131, 0.000000, 9340.257813,
          0.000000, 0.000000, 1.000000, 239.085709,
          0.000000, 0.000000, 0.000000, 1.000000
        ),
      [
        ["SurfaceControl", "PutonGround"],
        ["Length", 13]
      ]
    ],

    [
      "Village_WestSide1_FenceWicker_16",
      "InteriorObject",
      "CFenceWickerUnit",
      new Matrix(
          0.743123, -0.669155, 0.000000, 8979.051758,
          0.669155, 0.743123, 0.000000, 9354.844727,
          0.000000, 0.000000, 1.000000, 239.050064,
          0.000000, 0.000000, 0.000000, 1.000000
        ),
      [
        ["SurfaceControl", "PutonGround"],
        ["Length", 8]
      ]
    ],

    [
      "Village_WestSide1_FenceWicker_17",
      "InteriorObject",
      "CFenceWickerUnit",
      new Matrix(
          -0.645719, -0.763575, 0.000000, 9050.445313,
          0.763575, -0.645719, 0.000000, 9349.137695,
          0.000000, 0.000000, 1.000000, 239.150833,
          0.000000, 0.000000, 0.000000, 1.000000
        ),
      [
        ["SurfaceControl", "PutonGround"],
        ["Length", 5]
      ]
    ],

    [
      "Village_WestSide1_FenceWicker_18",
      "InteriorObject",
      "CFenceWickerUnit",
      new Matrix(
          -0.649820, -0.760088, 0.000000, 9034.097656,
          0.760088, -0.649820, 0.000000, 9328.173828,
          0.000000, 0.000000, 1.000000, 239.060928,
          0.000000, 0.000000, 0.000000, 1.000000
        ),
      [
        ["SurfaceControl", "PutonGround"],
        ["Length", 8]
      ]
    ],

    [
      "Village_WestSide1_FenceWicker_19",
      "InteriorObject",
      "CFenceWickerUnit",
      new Matrix(
          -0.644027, -0.765002, 0.000000, 9043.212891,
          0.765002, -0.644027, 0.000000, 9317.399414,
          0.000000, 0.000000, 1.000000, 239.051529,
          0.000000, 0.000000, 0.000000, 1.000000
        ),
      [
        ["SurfaceControl", "PutonGround"],
        ["Length", 7]
      ]
    ],

    [
      "Village_WestSide1_FenceWicker_20",
      "InteriorObject",
      "CFenceWickerUnit",
      new Matrix(
          -0.780293, 0.625415, 0.000000, 9055.662109,
          -0.625415, -0.780293, 0.000000, 9327.073242,
          0.000000, 0.000000, 1.000000, 239.177368,
          0.000000, 0.000000, 0.000000, 1.000000
        ),
      [
        ["SurfaceControl", "PutonGround"],
        ["Length", 8]
      ]
    ],

    [
      "Village_WestSide1_FenceWicker_21",
      "InteriorObject",
      "CFenceWickerUnit",
      new Matrix(
          0.753339, 0.657632, 0.000000, 9057.848633,
          -0.657632, 0.753339, 0.000000, 9392.235352,
          0.000000, 0.000000, 1.000000, 238.850052,
          0.000000, 0.000000, 0.000000, 1.000000
        ),
      [
        ["SurfaceControl", "PutonGround"],
        ["Length", 12]
      ]
    ],

    [
      "Village_WestSide1_FenceWicker_22",
      "InteriorObject",
      "CFenceWickerUnit",
      new Matrix(
          -0.879884, -0.475189, 0.000000, 9001.233398,
          0.475189, -0.879884, 0.000000, 9340.855469,
          0.000000, 0.000000, 1.000000, 239.050049,
          0.000000, 0.000000, 0.000000, 1.000000
        ),
      [
        ["SurfaceControl", "PutonGround"],
        ["Length", 11]
      ]
    ],

    [
      "Village_WestSide1_FenceWicker_23",
      "InteriorObject",
      "CFenceWickerUnit",
      new Matrix(
          0.731753, -0.681570, 0.000000, 9075.575195,
          0.681570, 0.731753, 0.000000, 9376.089844,
          0.000000, 0.000000, 1.000000, 238.850052,
          0.000000, 0.000000, 0.000000, 1.000000
        ),
      [
        ["SurfaceControl", "PutonGround"],
        ["Length", 9]
      ]
    ],

    [
      "Village_WestSide1_FenceWicker_24",
      "InteriorObject",
      "CFenceWickerUnit",
      new Matrix(
          0.773188, -0.634177, 0.000000, 9080.138672,
          0.634177, 0.773188, 0.000000, 9328.883789,
          0.000000, 0.000000, 1.000000, 239.200089,
          0.000000, 0.000000, 0.000000, 1.000000
        ),
      [
        ["SurfaceControl", "PutonGround"],
        ["Length", 8]
      ]
    ],

    [
      "Village_WestSide1_FenceWicker_25",
      "InteriorObject",
      "CFenceWickerUnit",
      new Matrix(
          0.790561, -0.612383, 0.000000, 9067.619141,
          0.612383, 0.790561, 0.000000, 9318.899414,
          0.000000, 0.000000, 1.000000, 239.200089,
          0.000000, 0.000000, 0.000000, 1.000000
        ),
      [
        ["SurfaceControl", "PutonGround"],
        ["Length", 8]
      ]
    ],

    [
      "Village_WestSide1_FenceWicker_26",
      "InteriorObject",
      "CFenceWickerUnit",
      new Matrix(
          -0.751245, -0.660023, 0.000000, 9085.323242,
          0.660023, -0.751245, 0.000000, 9303.055664,
          0.000000, 0.000000, 1.000000, 239.250061,
          0.000000, 0.000000, 0.000000, 1.000000
        ),
      [
        ["SurfaceControl", "PutonGround"],
        ["Length", 12]
      ]
    ],

    [
      "Village_WestSide1_FenceWicker_27",
      "InteriorObject",
      "CFenceWickerUnit",
      new Matrix(
          0.778517, -0.627623, 0.000000, 9085.246094,
          0.627623, 0.778517, 0.000000, 9303.118164,
          0.000000, 0.000000, 1.000000, 239.250076,
          0.000000, 0.000000, 0.000000, 1.000000
        ),
      [
        ["SurfaceControl", "PutonGround"],
        ["Length", 8]
      ]
    ],

    [
      "Village_WestSide1_FenceWicker_28",
      "InteriorObject",
      "CFenceWickerUnit",
      new Matrix(
          0.703763, -0.710435, 0.000000, 8963.250000,
          0.710435, 0.703763, 0.000000, 9379.125977,
          0.000000, 0.000000, 1.000000, 239.050064,
          0.000000, 0.000000, 0.000000, 1.000000
        ),
      [
        ["SurfaceControl", "PutonGround"],
        ["Length", 13]
      ]
    ],

    [
      "Village_WestSide1_FenceWicker_29",
      "InteriorObject",
      "CFenceWickerUnit",
      new Matrix(
          0.756543, -0.653944, 0.000000, 9097.087891,
          0.653944, 0.756543, 0.000000, 9312.652344,
          0.000000, 0.000000, 1.000000, 239.250076,
          0.000000, 0.000000, 0.000000, 1.000000
        ),
      [
        ["SurfaceControl", "PutonGround"],
        ["Length", 7]
      ]
    ],

    [
      "Village_WestSide1_FenceWicker_30",
      "InteriorObject",
      "CFenceWickerUnit",
      new Matrix(
          -0.677364, -0.735648, 0.000000, 9107.592773,
          0.735648, -0.677364, 0.000000, 9321.709961,
          0.000000, 0.000000, 1.000000, 239.262161,
          0.000000, 0.000000, 0.000000, 1.000000
        ),
      [
        ["SurfaceControl", "PutonGround"],
        ["Length", 4]
      ]
    ],

    [
      "Village_WestSide1_FenceWicker_31",
      "InteriorObject",
      "CFenceWickerUnit",
      new Matrix(
          -0.687719, -0.725977, 0.000000, 8968.578125,
          0.725977, -0.687719, 0.000000, 9373.159180,
          0.000000, 0.000000, 1.000000, 239.050064,
          0.000000, 0.000000, 0.000000, 1.000000
        ),
      [
        ["SurfaceControl", "PutonGround"],
        ["Length", 4]
      ]
    ],

    [
      "Village_WestSide1_FenceWicker_32",
      "InteriorObject",
      "CFenceWickerUnit",
      new Matrix(
          -0.721523, -0.692390, 0.000000, 9002.802734,
          0.692390, -0.721523, 0.000000, 9375.791992,
          0.000000, 0.000000, 1.000000, 239.050064,
          0.000000, 0.000000, 0.000000, 1.000000
        ),
      [
        ["SurfaceControl", "PutonGround"],
        ["Length", 15]
      ]
    ],

    [
      "Village_WestSide1_FenceWicker_33",
      "InteriorObject",
      "CFenceWickerUnit",
      new Matrix(
          0.685595, 0.727983, 0.000000, 8974.202148,
          -0.727983, 0.685595, 0.000000, 9366.705078,
          0.000000, 0.000000, 1.000000, 239.050064,
          0.000000, 0.000000, 0.000000, 1.000000
        ),
      [
        ["SurfaceControl", "PutonGround"],
        ["Length", 3]
      ]
    ],

    [
      "Village_WestSide1_FenceWicker_34",
      "InteriorObject",
      "CFenceWickerUnit",
      new Matrix(
          -0.616932, -0.787016, 0.000000, 9066.937500,
          0.787016, -0.616932, 0.000000, 9432.496094,
          0.000000, 0.000000, 1.000000, 238.850037,
          0.000000, 0.000000, 0.000000, 1.000000
        ),
      [
        ["Length", 3],
        ["SurfaceControl", "PutonGround"]
      ]
    ],

    [
      "Village_WestSide1_FenceWicker_35",
      "InteriorObject",
      "CFenceWickerUnit",
      new Matrix(
          0.749491, -0.662014, 0.000000, 9000.996094,
          0.662014, 0.749491, 0.000000, 9340.749023,
          0.000000, 0.000000, 1.000000, 239.050064,
          0.000000, 0.000000, 0.000000, 1.000000
        ),
      [
        ["SurfaceControl", "PutonGround"],
        ["Length", 16]
      ]
    ],

    [
      "Village_WestSide1_FenceWicker_36",
      "InteriorObject",
      "CFenceWickerUnit",
      new Matrix(
          -0.718311, -0.695722, 0.000000, 9047.253906,
          0.695722, -0.718311, 0.000000, 9404.982422,
          0.000000, 0.000000, 1.000000, 238.850052,
          0.000000, 0.000000, 0.000000, 1.000000
        ),
      [
        ["SurfaceControl", "PutonGround"],
        ["Length", 12]
      ]
    ],

    [
      "Village_WestSide1_FenceWicker_37",
      "InteriorObject",
      "CFenceWickerUnit",
      new Matrix(
          0.603996, -0.796987, 0.000000, 9047.191406,
          0.796987, 0.603996, 0.000000, 9405.492188,
          0.000000, 0.000000, 1.000000, 238.850037,
          0.000000, 0.000000, 0.000000, 1.000000
        ),
      [
        ["SurfaceControl", "PutonGround"],
        ["Length", 7]
      ]
    ],

    [
      "Village_WestSide1_FenceWicker_38",
      "InteriorObject",
      "CFenceWickerUnit",
      new Matrix(
          -0.621582, -0.783349, 0.000000, 9028.819336,
          0.783349, -0.621582, 0.000000, 9424.122070,
          0.000000, 0.000000, 1.000000, 238.850037,
          0.000000, 0.000000, 0.000000, 1.000000
        ),
      [
        ["Length", 3],
        ["SurfaceControl", "PutonGround"]
      ]
    ],

    [
      "Village_WestSide1_FenceWicker_39",
      "InteriorObject",
      "CFenceWickerUnit",
      new Matrix(
          0.680375, -0.732864, 0.000000, 9025.236328,
          0.732864, 0.680375, 0.000000, 9428.775391,
          0.000000, 0.000000, 1.000000, 238.850052,
          0.000000, 0.000000, 0.000000, 1.000000
        ),
      [
        ["SurfaceControl", "PutonGround"],
        ["Length", 8]
      ]
    ],

    [
      "Village_WestSide1_FenceWicker_40",
      "InteriorObject",
      "CFenceWickerUnit",
      new Matrix(
          0.980823, -0.194898, 0.000000, 9036.533203,
          0.194898, 0.980823, 0.000000, 9440.047852,
          0.000000, 0.000000, 1.000000, 238.850052,
          0.000000, 0.000000, 0.000000, 1.000000
        ),
      [
        ["SurfaceControl", "PutonGround"],
        ["Length", 11]
      ]
    ],

    [
      "Village_WestSide1_FenceWicker_41",
      "InteriorObject",
      "CFenceWickerUnit",
      new Matrix(
          0.682521, 0.730865, 0.000000, 9058.187500,
          -0.730865, 0.682521, 0.000000, 9443.415039,
          0.000000, 0.000000, 1.000000, 238.850052,
          0.000000, 0.000000, 0.000000, 1.000000
        ),
      [
        ["Length", 4],
        ["SurfaceControl", "PutonGround"]
      ]
    ],

    [
      "Village_WestSide1_TerrainPatch_1",
      "Locator",
      "CTerrainPatch",
      new Matrix(
          0.928724, -0.370773, 0.000000, 9049.258789,
          0.370773, 0.928724, 0.000000, 9388.424805,
          0.000000, 0.000000, 1.000000, 238.849960,
          0.000000, 0.000000, 0.000000, 1.000000
        ),
      [
        ["Dimensions", new Vector(160.000000, 160.000000, 0.750000)],
        ["TextureName", "Textures/Winter/V_Viso_le_micro.tex"],
        ["ZoneName", "Textures/Winter/V_Viso_le_zone.bmp"],
        ["BorderSize", 40.000000]
      ]
    ],

    [
      "Village_WestSide1_USRCorralWood_1",
      "InteriorObject",
      "CUSRCorralWoodUnit",
      new Matrix(
          0.653787, 0.756658, -0.005611, 9044.818359,
          -0.756678, 0.653778, -0.003564, 9332.429688,
          0.000972, 0.006576, 0.999978, 239.154587,
          0.000000, 0.000000, 0.000000, 1.000000
        ),
      [
        ["HitPoints", 200.000000],
        ["SurfaceControl", "PutonGround"],
        ["Affiliation", "FRIEND"],
        ["Route", []],
        ["ShadowPlaneOffset", 0.050000],
        ["FakeShadowOffset", 0.090000]
      ]
    ],

    [
      "Village_WestSide1_USRCorralWood_2",
      "InteriorObject",
      "CUSRCorralWoodUnit",
      new Matrix(
          0.650628, 0.759397, -0.000002, 9052.653320,
          -0.759397, 0.650628, 0.000000, 9433.512695,
          0.000001, 0.000001, 1.000000, 238.865082,
          0.000000, 0.000000, 0.000000, 1.000000
        ),
      [
        ["SurfaceControl", "PutonGround"],
        ["HitPoints", 200.000000],
        ["Affiliation", "FRIEND"],
        ["Route", []],
        ["ShadowPlaneOffset", 0.050000],
        ["FakeShadowOffset", 0.090000]
      ]
    ],

    [
      "Village_WestSide1_USRCorralWood_3",
      "InteriorObject",
      "CUSRCorralWoodUnit",
      new Matrix(
          0.544983, 0.838447, 0.000000, 9100.498047,
          -0.838447, 0.544983, 0.000000, 9291.206055,
          0.000000, 0.000000, 1.000000, 239.315094,
          0.000000, 0.000000, 0.000000, 1.000000
        ),
      [
        ["SurfaceControl", "PutonGroundUpright"],
        ["HitPoints", 200.000000],
        ["Affiliation", "FRIEND"],
        ["Route", []],
        ["ShadowPlaneOffset", 0.050000],
        ["FakeShadowOffset", 0.090000]
      ]
    ],

    [
      "Village_WestSide1_USRHouseWood_1",
      "InteriorObject",
      "CUSRHouseWoodUnit",
      new Matrix(
          0.671121, 0.741348, -0.000003, 9075.710938,
          -0.741348, 0.671121, 0.000000, 9384.928711,
          0.000002, 0.000002, 1.000000, 238.860443,
          0.000000, 0.000000, 0.000000, 1.000000
        ),
      [
        ["SurfaceControl", "PutonGround"],
        ["HitPoints", 100.000000],
        ["Affiliation", "FRIEND"],
        ["Route", []],
        ["ShadowPlaneOffset", 0.050000],
        ["FakeShadowOffset", 0.090000]
      ]
    ],

    [
      "Village_WestSide1_USRHouseWood_2",
      "InteriorObject",
      "CUSRHouseWoodUnit",
      new Matrix(
          -0.711253, 0.702936, -0.000006, 8979.191406,
          -0.702936, -0.711253, 0.000000, 9402.798828,
          -0.000004, 0.000004, 1.000000, 239.060455,
          0.000000, 0.000000, 0.000000, 1.000000
        ),
      [
        ["SurfaceControl", "PutonGround"],
        ["HitPoints", 100.000000],
        ["Affiliation", "FRIEND"],
        ["Route", []],
        ["ShadowPlaneOffset", 0.050000],
        ["FakeShadowOffset", 0.090000]
      ]
    ],

    [
      "Village_WestSide1_USRHouseWood_3",
      "InteriorObject",
      "CUSRHouseWoodUnit",
      new Matrix(
          0.806356, -0.591429, -0.001143, 9032.078125,
          0.591430, 0.806356, 0.000115, 9355.530273,
          0.000854, -0.000768, 0.999999, 239.113754,
          0.000000, 0.000000, 0.000000, 1.000000
        ),
      [
        ["SurfaceControl", "PutonGround"],
        ["HitPoints", 100.000000],
        ["Affiliation", "FRIEND"],
        ["Route", []],
        ["ShadowPlaneOffset", 0.050000],
        ["FakeShadowOffset", 0.090000]
      ]
    ],

    [
      "Village_WestSide1_USRHouseWood_4",
      "InteriorObject",
      "CUSRHouseWoodUnit",
      new Matrix(
          -0.826011, 0.563654, -0.000002, 9059.370117,
          -0.563654, -0.826011, 0.000000, 9399.895508,
          -0.000002, 0.000001, 1.000000, 238.860443,
          0.000000, 0.000000, 0.000000, 1.000000
        ),
      [
        ["SurfaceControl", "PutonGround"],
        ["HitPoints", 100.000000],
        ["Affiliation", "FRIEND"],
        ["Route", []],
        ["ShadowPlaneOffset", 0.050000],
        ["FakeShadowOffset", 0.090000]
      ]
    ],

    [
      "Village_WestSide1_USRHouseWood_5",
      "InteriorObject",
      "CUSRHouseWoodUnit",
      new Matrix(
          -0.786393, 0.617726, 0.000073, 9096.169922,
          -0.617726, -0.786393, 0.000461, 9357.125977,
          0.000342, 0.000317, 1.000000, 238.861603,
          0.000000, 0.000000, 0.000000, 1.000000
        ),
      [
        ["SurfaceControl", "PutonGround"],
        ["HitPoints", 100.000000],
        ["Affiliation", "FRIEND"],
        ["Route", []],
        ["ShadowPlaneOffset", 0.050000],
        ["FakeShadowOffset", 0.090000]
      ]
    ],

    [
      "Village_WestSide1_USRHouseWood_6",
      "InteriorObject",
      "CUSRHouseWoodUnit",
      new Matrix(
          0.775217, -0.631420, -0.018625, 9146.207031,
          0.631543, 0.775340, 0.000920, 9301.553711,
          0.013860, -0.012476, 0.999826, 238.919739,
          0.000000, 0.000000, 0.000000, 1.000000
        ),
      [
        ["SurfaceControl", "PutonGround"],
        ["HitPoints", 100.000000],
        ["Affiliation", "FRIEND"],
        ["Route", []],
        ["ShadowPlaneOffset", 0.050000],
        ["FakeShadowOffset", 0.090000]
      ]
    ],

    [
      "Village_WestSide1_USRHouseWood_7",
      "InteriorObject",
      "CUSRHouseWoodUnit",
      new Matrix(
          -0.765814, 0.643043, 0.005022, 9068.592773,
          -0.642876, -0.765757, 0.018087, 9352.642578,
          0.015477, 0.010623, 0.999824, 238.915329,
          0.000000, 0.000000, 0.000000, 1.000000
        ),
      [
        ["SurfaceControl", "PutonGround"],
        ["HitPoints", 100.000000],
        ["Affiliation", "FRIEND"],
        ["Route", []],
        ["ShadowPlaneOffset", 0.050000],
        ["FakeShadowOffset", 0.090000]
      ]
    ],

    [
      "Village_WestSide1_USRShedWood_1",
      "InteriorObject",
      "CUSRShedWoodUnit",
      new Matrix(
          0.733222, -0.679989, -0.000005, 9147.569336,
          0.679989, 0.733222, 0.000000, 9327.248047,
          0.000004, -0.000003, 1.000000, 238.850082,
          0.000000, 0.000000, 0.000000, 1.000000
        ),
      [
        ["SurfaceControl", "PutonGround"],
        ["HitPoints", 100.000000],
        ["Affiliation", "FRIEND"],
        ["Route", []],
        ["ShadowPlaneOffset", 0.050000],
        ["FakeShadowOffset", 0.090000]
      ]
    ],

    [
      "Village_WestSide1_USRShedWood_2",
      "InteriorObject",
      "CUSRShedWoodUnit",
      new Matrix(
          -0.514733, -0.857350, -0.000001, 9013.492188,
          0.857350, -0.514733, 0.000000, 9397.888672,
          -0.000000, -0.000001, 1.000000, 239.050079,
          0.000000, 0.000000, 0.000000, 1.000000
        ),
      [
        ["SurfaceControl", "PutonGround"],
        ["HitPoints", 100.000000],
        ["Affiliation", "FRIEND"],
        ["Route", []],
        ["ShadowPlaneOffset", 0.050000],
        ["FakeShadowOffset", 0.090000]
      ]
    ],

    [
      "Village_WestSide1_USRShedWood_3",
      "InteriorObject",
      "CUSRShedWoodUnit",
      new Matrix(
          0.646016, 0.763324, 0.000000, 9115.914063,
          -0.763324, 0.646016, 0.000000, 9354.684570,
          0.000000, 0.000000, 1.000000, 238.850052,
          0.000000, 0.000000, 0.000000, 1.000000
        ),
      [
        ["SurfaceControl", "PutonGroundLandingJoints"],
        ["HitPoints", 100.000000],
        ["Affiliation", "FRIEND"],
        ["Route", []],
        ["ShadowPlaneOffset", 0.050000],
        ["FakeShadowOffset", 0.090000]
      ]
    ],

    [
      "Village_WestSide1_USRShedWood_4",
      "InteriorObject",
      "CUSRShedWoodUnit",
      new Matrix(
          -0.774280, 0.632843, -0.000002, 9001.436523,
          -0.632843, -0.774280, 0.000000, 9385.879883,
          -0.000002, 0.000001, 1.000000, 239.050095,
          0.000000, 0.000000, 0.000000, 1.000000
        ),
      [
        ["SurfaceControl", "PutonGround"],
        ["HitPoints", 100.000000],
        ["Affiliation", "FRIEND"],
        ["Route", []],
        ["ShadowPlaneOffset", 0.050000],
        ["FakeShadowOffset", 0.090000]
      ]
    ],

    [
      "Village_WestSide1_USRShedWood_5",
      "InteriorObject",
      "CUSRShedWoodUnit",
      new Matrix(
          -0.729154, 0.684350, -0.000004, 9099.075195,
          -0.684350, -0.729154, 0.000000, 9319.325195,
          -0.000003, 0.000003, 1.000000, 239.250092,
          0.000000, 0.000000, 0.000000, 1.000000
        ),
      [
        ["SurfaceControl", "PutonGround"],
        ["HitPoints", 100.000000],
        ["Affiliation", "FRIEND"],
        ["Route", []],
        ["ShadowPlaneOffset", 0.050000],
        ["FakeShadowOffset", 0.090000]
      ]
    ],

    [
      "Village_WestSide1_WaterWell_1_1",
      "InteriorObject",
      "CWaterWell_1Unit",
      new Matrix(
          -0.996761, -0.080424, 0.000000, 9078.645508,
          0.080424, -0.996761, 0.000000, 9397.597656,
          0.000000, 0.000000, 1.000000, 238.854050,
          0.000000, 0.000000, 0.000000, 1.000000
        ),
      [
        ["HitPoints", 100.000000],
        ["SurfaceControl", "PutonGroundUpright"],
        ["Affiliation", "FRIEND"],
        ["Route", []],
        ["ShadowPlaneOffset", 0.050000]
      ]
    ],

    [
      "Village_WestSide1_WaterWell_2_1",
      "InteriorObject",
      "CWaterWell_2Unit",
      new Matrix(
          0.994173, 0.107793, -0.000003, 9078.903320,
          -0.107793, 0.994173, 0.000000, 9397.657227,
          0.000003, 0.000000, 1.000000, 238.850037,
          0.000000, 0.000000, 0.000000, 1.000000
        ),
      [
        ["SurfaceControl", "PutonGround"]
      ]
    ],

    [
      "Village_WestSide1_FenceWicker_42",
      "InteriorObject",
      "CFenceWickerUnit",
      new Matrix(
          -0.664069, -0.747671, 0.000000, 9302.219727,
          0.747671, -0.664069, 0.000000, 9181.264648,
          0.000000, 0.000000, 1.000000, 240.018860,
          0.000000, 0.000000, 0.000000, 1.000000
        ),
      [
        ["SurfaceControl", "PutonGround"],
        ["Length", 3]
      ]
    ],

    [
      "Village_WestSide1_FenceWicker_43",
      "InteriorObject",
      "CFenceWickerUnit",
      new Matrix(
          0.745909, -0.666048, 0.000000, 9273.878906,
          0.666048, 0.745909, 0.000000, 9165.354492,
          0.000000, 0.000000, 1.000000, 240.055435,
          0.000000, 0.000000, 0.000000, 1.000000
        ),
      [
        ["SurfaceControl", "PutonGround"],
        ["Length", 8]
      ]
    ],

    [
      "Village_WestSide1_FenceWicker_44",
      "InteriorObject",
      "CFenceWickerUnit",
      new Matrix(
          -0.843451, 0.537206, 0.000000, 9279.838867,
          -0.537206, -0.843451, 0.000000, 9135.054688,
          0.000000, 0.000000, 1.000000, 239.534012,
          0.000000, 0.000000, 0.000000, 1.000000
        ),
      [
        ["SurfaceControl", "PutonGround"],
        ["Length", 9]
      ]
    ],

    [
      "Village_WestSide1_FenceWicker_45",
      "InteriorObject",
      "CFenceWickerUnit",
      new Matrix(
          0.580509, 0.814254, 0.000000, 9251.637695,
          -0.814254, 0.580509, 0.000000, 9132.207031,
          0.000000, 0.000000, 1.000000, 239.150085,
          0.000000, 0.000000, 0.000000, 1.000000
        ),
      [
        ["Length", 3],
        ["SurfaceControl", "PutonGround"]
      ]
    ],

    [
      "Village_WestSide1_FenceWicker_46",
      "InteriorObject",
      "CFenceWickerUnit",
      new Matrix(
          -0.859579, 0.511003, 0.000000, 9254.371094,
          -0.511003, -0.859579, 0.000000, 9145.684570,
          0.000000, 0.000000, 1.000000, 239.121277,
          0.000000, 0.000000, 0.000000, 1.000000
        ),
      [
        ["SurfaceControl", "PutonGround"],
        ["Length", 7]
      ]
    ],

    [
      "Village_WestSide1_FenceWicker_47",
      "InteriorObject",
      "CFenceWickerUnit",
      new Matrix(
          0.613942, 0.789351, 0.000000, 9245.667969,
          -0.789351, 0.613942, 0.000000, 9140.750977,
          0.000000, 0.000000, 1.000000, 239.151016,
          0.000000, 0.000000, 0.000000, 1.000000
        ),
      [
        ["Length", 3],
        ["SurfaceControl", "PutonGround"]
      ]
    ],

    [
      "Village_WestSide1_FenceWicker_48",
      "InteriorObject",
      "CFenceWickerUnit",
      new Matrix(
          -0.869017, 0.494783, 0.000000, 9268.247070,
          -0.494783, -0.869017, 0.000000, 9153.653320,
          0.000000, 0.000000, 1.000000, 239.252090,
          0.000000, 0.000000, 0.000000, 1.000000
        ),
      [
        ["SurfaceControl", "PutonGround"],
        ["Length", 8]
      ]
    ],

    [
      "Village_WestSide1_FenceWicker_49",
      "InteriorObject",
      "CFenceWickerUnit",
      new Matrix(
          -0.569826, -0.821765, 0.000000, 9279.618164,
          0.821765, -0.569826, 0.000000, 9134.975586,
          0.000000, 0.000000, 1.000000, 239.531448,
          0.000000, 0.000000, 0.000000, 1.000000
        ),
      [
        ["SurfaceControl", "PutonGround"],
        ["Length", 11]
      ]
    ],

    [
      "Village_WestSide1_FenceWicker_50",
      "InteriorObject",
      "CFenceWickerUnit",
      new Matrix(
          0.603956, 0.797017, 0.000000, 9237.810547,
          -0.797017, 0.603956, 0.000000, 9145.342773,
          0.000000, 0.000000, 1.000000, 239.143509,
          0.000000, 0.000000, 0.000000, 1.000000
        ),
      [
        ["Length", 4],
        ["SurfaceControl", "PutonGround"]
      ]
    ],

    [
      "Village_WestSide1_FenceWicker_51",
      "InteriorObject",
      "CFenceWickerUnit",
      new Matrix(
          -0.653815, -0.756655, 0.000000, 9268.018555,
          0.756655, -0.653815, 0.000000, 9153.903320,
          0.000000, 0.000000, 1.000000, 239.249527,
          0.000000, 0.000000, 0.000000, 1.000000
        ),
      [
        ["SurfaceControl", "PutonGround"],
        ["Length", 12]
      ]
    ],

    [
      "Village_WestSide1_FenceWicker_52",
      "InteriorObject",
      "CFenceWickerUnit",
      new Matrix(
          -0.685879, -0.727715, 0.000000, 9253.094727,
          0.727715, -0.685879, 0.000000, 9172.735352,
          0.000000, 0.000000, 1.000000, 238.899063,
          0.000000, 0.000000, 0.000000, 1.000000
        ),
      [
        ["SurfaceControl", "PutonGround"],
        ["Length", 12]
      ]
    ],

    [
      "Village_WestSide1_FenceWicker_53",
      "InteriorObject",
      "CFenceWickerUnit",
      new Matrix(
          0.605400, 0.795922, 0.000000, 9308.313477,
          -0.795922, 0.605400, 0.000000, 9176.696289,
          0.000000, 0.000000, 1.000000, 240.048782,
          0.000000, 0.000000, 0.000000, 1.000000
        ),
      [
        ["Length", 3],
        ["SurfaceControl", "PutonGround"]
      ]
    ],

    [
      "Village_WestSide1_FenceWicker_54",
      "InteriorObject",
      "CFenceWickerUnit",
      new Matrix(
          0.578630, 0.815590, 0.000000, 9229.958008,
          -0.815590, 0.578630, 0.000000, 9156.989258,
          0.000000, 0.000000, 1.000000, 239.055618,
          0.000000, 0.000000, 0.000000, 1.000000
        ),
      [
        ["Length", 5],
        ["SurfaceControl", "PutonGround"]
      ]
    ],

    [
      "Village_WestSide1_FenceWicker_55",
      "InteriorObject",
      "CFenceWickerUnit",
      new Matrix(
          -0.781242, 0.624228, 0.000000, 9195.598633,
          -0.624228, -0.781242, 0.000000, 9174.778320,
          0.000000, 0.000000, 1.000000, 239.188675,
          0.000000, 0.000000, 0.000000, 1.000000
        ),
      [
        ["SurfaceControl", "PutonGround"],
        ["Length", 12]
      ]
    ],

    [
      "Village_WestSide1_FenceWicker_56",
      "InteriorObject",
      "CFenceWickerUnit",
      new Matrix(
          -0.553422, -0.832901, 0.000000, 9195.416016,
          0.832901, -0.553422, 0.000000, 9174.683594,
          0.000000, 0.000000, 1.000000, 239.187576,
          0.000000, 0.000000, 0.000000, 1.000000
        ),
      [
        ["SurfaceControl", "PutonGround"],
        ["Length", 6]
      ]
    ],

    [
      "Village_WestSide1_FenceWicker_57",
      "InteriorObject",
      "CFenceWickerUnit",
      new Matrix(
          -0.754192, 0.656654, 0.000000, 9181.372070,
          -0.656654, -0.754192, 0.000000, 9192.137695,
          0.000000, 0.000000, 1.000000, 239.193115,
          0.000000, 0.000000, 0.000000, 1.000000
        ),
      [
        ["SurfaceControl", "PutonGround"],
        ["Length", 9]
      ]
    ],

    [
      "Village_WestSide1_FenceWicker_58",
      "InteriorObject",
      "CFenceWickerUnit",
      new Matrix(
          -0.406407, -0.913692, 0.000000, 9176.632813,
          0.913692, -0.406407, 0.000000, 9159.940430,
          0.000000, 0.000000, 1.000000, 239.330444,
          0.000000, 0.000000, 0.000000, 1.000000
        ),
      [
        ["SurfaceControl", "PutonGround"],
        ["Length", 11]
      ]
    ],

    [
      "Village_WestSide1_FenceWicker_59",
      "InteriorObject",
      "CFenceWickerUnit",
      new Matrix(
          -0.633970, -0.773357, 0.000000, 9181.418945,
          0.773357, -0.633970, 0.000000, 9192.422852,
          0.000000, 0.000000, 1.000000, 239.194717,
          0.000000, 0.000000, 0.000000, 1.000000
        ),
      [
        ["SurfaceControl", "PutonGround"],
        ["Length", 3]
      ]
    ],

    [
      "Village_WestSide1_FenceWicker_60",
      "InteriorObject",
      "CFenceWickerUnit",
      new Matrix(
          -0.615781, -0.787917, 0.000000, 9169.682617,
          0.787917, -0.615781, 0.000000, 9204.965820,
          0.000000, 0.000000, 1.000000, 239.247391,
          0.000000, 0.000000, 0.000000, 1.000000
        ),
      [
        ["SurfaceControl", "PutonGround"],
        ["Length", 3]
      ]
    ],

    [
      "Village_WestSide1_FenceWicker_61",
      "InteriorObject",
      "CFenceWickerUnit",
      new Matrix(
          -0.768875, 0.639399, 0.000000, 9166.013672,
          -0.639399, -0.768875, 0.000000, 9209.708984,
          0.000000, 0.000000, 1.000000, 239.291626,
          0.000000, 0.000000, 0.000000, 1.000000
        ),
      [
        ["SurfaceControl", "PutonGround"],
        ["Length", 9]
      ]
    ],

    [
      "Village_WestSide1_FenceWicker_62",
      "InteriorObject",
      "CFenceWickerUnit",
      new Matrix(
          0.650777, 0.759269, 0.000000, 9158.752930,
          -0.759269, 0.650777, 0.000000, 9190.961914,
          0.000000, 0.000000, 1.000000, 239.202896,
          0.000000, 0.000000, 0.000000, 1.000000
        ),
      [
        ["SurfaceControl", "PutonGround"],
        ["Length", 7]
      ]
    ],

    [
      "Village_WestSide1_FenceWicker_63",
      "InteriorObject",
      "CFenceWickerUnit",
      new Matrix(
          -0.783414, 0.621501, 0.000000, 9239.091797,
          -0.621501, -0.783414, 0.000000, 9188.906250,
          0.000000, 0.000000, 1.000000, 238.989212,
          0.000000, 0.000000, 0.000000, 1.000000
        ),
      [
        ["SurfaceControl", "PutonGround"],
        ["Length", 13]
      ]
    ],

    [
      "Village_WestSide1_FenceWicker_64",
      "InteriorObject",
      "CFenceWickerUnit",
      new Matrix(
          -0.769933, 0.638125, 0.000000, 9298.383789,
          -0.638125, -0.769933, 0.000000, 9185.762695,
          0.000000, 0.000000, 1.000000, 240.000076,
          0.000000, 0.000000, 0.000000, 1.000000
        ),
      [
        ["SurfaceControl", "PutonGround"],
        ["Length", 8]
      ]
    ],

    [
      "Village_WestSide1_FenceWicker_65",
      "InteriorObject",
      "CFenceWickerUnit",
      new Matrix(
          0.633825, 0.773476, 0.000000, 9211.996094,
          -0.773476, 0.633825, 0.000000, 9180.532227,
          0.000000, 0.000000, 1.000000, 239.065018,
          0.000000, 0.000000, 0.000000, 1.000000
        ),
      [
        ["SurfaceControl", "PutonGround"],
        ["Length", 5]
      ]
    ],

    [
      "Village_WestSide1_FenceWicker_66",
      "InteriorObject",
      "CFenceWickerUnit",
      new Matrix(
          0.642169, 0.766563, 0.000000, 9199.540039,
          -0.766563, 0.642169, 0.000000, 9196.042969,
          0.000000, 0.000000, 1.000000, 239.315689,
          0.000000, 0.000000, 0.000000, 1.000000
        ),
      [
        ["SurfaceControl", "PutonGround"],
        ["Length", 8]
      ]
    ],

    [
      "Village_WestSide1_FenceWicker_67",
      "InteriorObject",
      "CFenceWickerUnit",
      new Matrix(
          0.637882, 0.770134, 0.000000, 9228.277344,
          -0.770134, 0.637882, 0.000000, 9201.851563,
          0.000000, 0.000000, 1.000000, 239.614883,
          0.000000, 0.000000, 0.000000, 1.000000
        ),
      [
        ["SurfaceControl", "PutonGround"],
        ["Length", 7]
      ]
    ],

    [
      "Village_WestSide1_FenceWicker_68",
      "InteriorObject",
      "CFenceWickerUnit",
      new Matrix(
