//-------------------------------------------------------------------
//                                                                   
//  This code is copyright 2001 by G5 Software.                      
//  Any unauthorized usage, either in part or in whole of this code  
//  is strictly prohibited. Violators WILL be prosecuted to the      
//  maximum extent allowed by law.                                   
//                                                                   
//-------------------------------------------------------------------
//                                                                   
//  Automatically-generated mission script file                      
//  DO NOT EDIT!                                                     
//                                                                   
//-------------------------------------------------------------------


class CC2M7Content
{
  static String m_ObjectListClassFile = "Missions/Campaign_2/Mission_7/Content.script";
  static String m_ObjectListClassName = "CC2M7Content";

  static Array  m_MissionObjectList   = [
    [
      "Atmosphere",
      "",
      "",
      new Matrix(
          1.000000, 0.000000, 0.000000, 0.000000,
          0.000000, 1.000000, 0.000000, 0.000000,
          0.000000, 0.000000, 1.000000, 0.000000,
          0.000000, 0.000000, 0.000000, 1.000000
        ),
      [
        ["AmbientLight", new Color(0.435294, 0.435294, 0.435294, 1.000000)],
        ["AntiSunAngle", 60.000000],
        ["AntiSunColor", new Color(0.450980, 0.419608, 0.384314, 1.000000)],
        ["AntiSunEnabled", false],
        ["AntiSunIntensity", 0.200000],
        ["EnableHorizontAdjustment", true],
        ["FogColorXPos", new Color(0.105882, 0.117647, 0.082353, 1.000000)],
        ["FogColorXNeg", new Color(0.466667, 0.517647, 0.552941, 1.000000)],
        ["FogColorYPos", new Color(0.486275, 0.486275, 0.486275, 1.000000)],
        ["FogColorYNeg", new Color(0.486275, 0.486275, 0.486275, 1.000000)],
        ["FogDensity", 0.001500],
        ["FogNear", 500.000000],
        ["FogFar", 1500.000000],
        ["FogFarMax", 8000.000000],
        ["FogMode", "Linear"],
        ["ShadowColor", new Color(0.650980, 0.658824, 0.658824, 1.000000)],
        ["StencilShadowColor", new Color(0.611765, 0.619608, 0.596078, 1.000000)],
        ["SunColor", new Color(0.901961, 0.823529, 0.823529, 1.000000)],
        ["SunDirection", new Vector(0.990000, -0.080000, -0.350000)],
        ["SunIntensity", 1.000000],
        ["TreeShadowLodDistance", 20.000000],
        ["TreeLightKoef", 0.400000]
      ]
    ],

    [
      "Terrain",
      "",
      "",
      new Matrix(
          1.000000, 0.000000, 0.000000, 0.000000,
          0.000000, 1.000000, 0.000000, 0.000000,
          0.000000, 0.000000, 1.000000, 0.000000,
          0.000000, 0.000000, 0.000000, 1.000000
        ),
      [
        ["ForestTextureScale", 0.500000],
        ["ForestShadowBorderScale", 0.400000],
        ["ForestShadowAlphaScale", 0.500000],
        ["ForestBeginFadeDist", [250.000000, 480.000000]],
        ["IsAntiLighting", true],
        ["TerrainShadowPower", 1.000000],
        ["VertForestDistMin", 800.000000],
        ["VertForestDistMax", 2000.000000],
        ["VertForestAngleMin", 0.000000],
        ["VertForestAngleMax", 45.000000],
        ["VertForestBeginFadeDist", [250.000000, 410.000000]],
        ["WaterBorderColor", new Color(0.568627, 0.537255, 0.435294, 1.000000)]
      ]
    ],

    [
      "MainPlayerUnit",
      "GameObject",
      "CTankPzVITigerE1Unit",
      new Matrix(
          -0.999835, 0.013733, -0.011917, 4656.269531,
          -0.013531, -0.999766, -0.016883, 3902.893555,
          -0.012146, -0.016719, 0.999786, 604.453125,
          0.000000, 0.000000, 0.000000, 1.000000
        ),
      [
        ["IsPlayer", true],
        ["IsManual", true],
        ["Affiliation", "FRIEND"],
        ["SurfaceControl", "None"],
        ["Number", "111"],
        ["Markings", ""],
        ["K_RINGS", "19"],
        ["Flag", false]
      ]
    ],

    [
      "RetreatForce_1",
      "GameObject",
      "CTruckOpelBlitzUnit",
      new Matrix(
          0.727098, -0.686491, 0.007706, 4090.627930,
          0.686512, 0.727118, -0.000198, 4082.826416,
          -0.005467, 0.005434, 0.999970, 591.941406,
          0.000000, 0.000000, 0.000000, 1.000000
        ),
      [
        ["Affiliation", "FRIEND"],
        ["SurfaceControl", "PutonGroundLandingJoints"],
        ["Task", "CBaseAITask"]
      ]
    ],

    [
      "CC2M7Gr_RetreatForce",
      "UnitGroup",
      "CC2M7Gr_RetreatForce",
      new Matrix(
          0.727076, -0.686522, 0.006840, 4090.627930,
          0.686492, 0.727109, 0.006497, 4082.826416,
          -0.009433, -0.000028, 0.999956, 591.948486,
          0.000000, 0.000000, 0.000000, 1.000000
        ),
      [
        ["Units", ["RetreatForce_1", "RetreatForce_2"]],
        ["Path", ["RetreatPath_1", "RetreatPath_2", "RetreatPath_3", "GRetrPath_5"]],
        ["DelayedOrder", true],
        ["Formation", "Column"],
        ["MovingSpeed", 5.000000],
        ["FirstOrder", "Patrol"],
        ["CyclePath", false]
      ]
    ],

    [
      "CC2M7Gr_SAU",
      "UnitGroup",
      "CC2M7Gr_SAU",
      new Matrix(
          -0.710548, -0.703577, -0.010086, 4113.565918,
          0.703611, -0.710585, 0.000219, 4069.084961,
          -0.007321, -0.006940, 0.999949, 591.710754,
          0.000000, 0.000000, 0.000000, 1.000000
        ),
      [
        ["Units", ["SAU_1", "SAU_2"]],
        ["GroupEnemyReaction", "ERT_AGGRESSIVE"]
      ]
    ],

    [
      "CC2M7Gr_AvantGuard76",
      "UnitGroup",
      "CC2M7Gr_AvantGuard76",
      new Matrix(
          0.930408, -0.349497, -0.110420, 3804.426270,
          0.352787, 0.935637, 0.011175, 4079.469238,
          0.099408, -0.049353, 0.993822, 584.996033,
          0.000000, 0.000000, 0.000000, 1.000000
        ),
      [
        ["Units", ["AvantGuard76_1", "AvantGuard76_2"]],
        ["Path", ["RetreatPath_1", "RetreatPath_2", "RetreatPath_3"]],
        ["DelayedOrder", true],
        ["Formation", "Column"],
        ["MovingSpeed", 5.000000],
        ["FirstOrder", "Patrol"],
        ["CyclePath", false],
        ["GroupEnemyReaction", "ERT_AGGRESSIVE"]
      ]
    ],

    [
      "CC2M7Gr_RepaireTrucks",
      "UnitGroup",
      "CC2M7Gr_RepaireTrucks",
      new Matrix(
          0.935336, 0.351979, 0.035468, 3535.019043,
          -0.350610, 0.935685, -0.039577, 4050.026855,
          -0.047117, 0.024583, 0.998587, 573.424866,
          0.000000, 0.000000, 0.000000, 1.000000
        ),
      [
        ["Units", ["Truck_1", "Truck_2"]],
        ["Formation", "Column"],
        ["FormationDistance", 60],
        ["CyclePath", false],
        ["GroupEnemyReaction", "ERT_PASSIVE"]
      ]
    ],

    [
      "CC2M7Gr_BaseForce",
      "UnitGroup",
      "CC2M7Gr_BaseForce",
      new Matrix(
          0.145289, -0.988928, -0.030207, 3610.430664,
          0.981217, 0.147938, -0.123803, 4091.290283,
          0.126901, -0.011653, 0.991847, 575.329895,
          0.000000, 0.000000, 0.000000, 1.000000
        ),
      [
        ["Units", ["BaseForce_1", "BaseForce_2", "BaseForce_3", "BaseForce_4", "BaseForce_5SAU", "BaseForce_6SAU"]],
        ["Path", ["WarZone"]],
        ["DelayedOrder", true],
        ["Formation", "Column"],
        ["FormationDistance", 60],
        ["MovingSpeed", 4.000000],
        ["FirstOrder", "Patrol"],
        ["CyclePath", false],
        ["GroupEnemyReaction", "ERT_PASSIVE"]
      ]
    ],

    [
      "CC2M7Gr_RearGuard",
      "UnitGroup",
      "CC2M7Gr_RearGuard",
      new Matrix(
          -0.077942, -0.988133, -0.132353, 3525.233398,
          0.986115, -0.095939, 0.135549, 3959.175293,
          -0.146638, -0.119950, 0.981891, 577.579163,
          0.000000, 0.000000, 0.000000, 1.000000
        ),
      [
        ["Units", ["RearGuard_1", "RearGuard_2", "RearGuard_3"]],
        ["Path", ["LeftPath_1", "LeftPath_2"]],
        ["DelayedOrder", true],
        ["Formation", "Column"],
        ["MovingSpeed", 5.000000],
        ["FirstOrder", "Patrol"],
        ["CyclePath", false],
        ["GroupEnemyReaction", "ERT_AGGRESSIVE"]
      ]
    ],

    [
      "CC2M7Gr_HiddenForce",
      "UnitGroup",
      "CC2M7Gr_HiddenForce",
      new Matrix(
          0.979512, 0.197651, -0.038600, 3862.003906,
          -0.197962, 0.980200, -0.004366, 4211.652344,
          0.036973, 0.011918, 0.999245, 589.142029,
          0.000000, 0.000000, 0.000000, 1.000000
        ),
      [
        ["Units", ["HiddenForce_01", "HiddenForce_02", "HiddenForce_03"]],
        ["Path", ["HiddenForce_NP01", "HiddenForce_NP02", "HiddenForce_NP03", "HiddenForce_NP04", "HiddenForce_NP05"]],
        ["DelayedOrder", true],
        ["Formation", "Column"],
        ["FormationDistance", 60],
        ["MovingSpeed", 5.000000],
        ["FirstOrder", "Patrol"],
        ["CyclePath", false],
        ["GroupEnemyReaction", "ERT_AGGRESSIVE"]
      ]
    ],

    [
      "GCol2Group",
      "UnitGroup",
      "GCol2Group",
      new Matrix(
          0.052647, -0.998568, -0.009455, 4653.477539,
          0.997954, 0.052954, -0.035832, 4010.149414,
          0.036281, -0.007550, 0.999313, 609.292969,
          0.000000, 0.000000, 0.000000, 1.000000
        ),
      [
        ["Units", ["GCol2BTR1", "GCol2BTR2"]],
        ["Path", ["GRetrPath_1", "GRetrPath_2", "GRetrPath_3", "GRetrPath_4", "GRetrPath_5", "GRetrPath_5_6", "GRetrPath_6", "GRetrPath_7"]],
        ["DelayedOrder", true],
        ["Formation", "Column"],
        ["FormationDistance", 20],
        ["MovingSpeed", 5.000000],
        ["FirstOrder", "Patrol"],
        ["CyclePath", false]
      ]
    ],

    [
      "GCol3Group",
      "UnitGroup",
      "GCol3Group",
      new Matrix(
          0.244173, -0.969720, -0.004718, 4671.492188,
          0.969692, 0.244116, 0.010243, 3919.247314,
          -0.008781, -0.007076, 0.999936, 604.143555,
          0.000000, 0.000000, 0.000000, 1.000000
        ),
      [
        ["Units", ["GCol3BTR1"]],
        ["Path", ["GRetrPath_0", "GRetrPath_1", "GRetrPath_2", "GRetrPath_3", "GRetrPath_4", "GRetrPath_5", "GRetrPath_5_6", "GRetrPath_6", "GRetrPath_7"]],
        ["DelayedOrder", true],
        ["Formation", "Column"],
        ["FormationDistance", 20],
        ["MovingSpeed", 4.600000],
        ["FirstOrder", "Patrol"],
        ["CyclePath", false]
      ]
    ],

    [
      "GSoldGroup",
      "UnitGroup",
      "GSoldGroup",
      new Matrix(
          0.867144, 0.498058, 0.000000, 4675.627930,
          -0.498058, 0.867144, 0.000000, 3894.916260,
          0.000000, 0.000000, 1.000000, 603.404236,
          0.000000, 0.000000, 0.000000, 1.000000
        ),
      [
        ["Units", ["gsold_1", "gsold_2", "gsold_3", "gsold_4"]],
        ["Path", ["GSPath_0", "GSPath_1", "GSPath_2", "GSPath_3", "GSPath_4"]],
        ["DelayedOrder", true],
        ["Formation", "Column"],
        ["FormationDistance", 3],
        ["MovingSpeed", 3.500000],
        ["FirstOrder", "Patrol"],
        ["CyclePath", false]
      ]
    ],

    [
      "GCol1Group",
      "UnitGroup",
      "GCol1Group",
      new Matrix(
          0.999712, -0.014632, 0.019027, 4706.099121,
          0.016556, 0.994311, -0.105220, 4337.611328,
          -0.017379, 0.105505, 0.994267, 605.573608,
          0.000000, 0.000000, 0.000000, 1.000000
        ),
      [
        ["Units", ["GCol_T43", "GCol_T44"]],
        ["Path", ["RetreatPath_2", "RetreatPath_1", "RightPath_1"]],
        ["DelayedOrder", true],
        ["Formation", "CWedgeFormation"],
        ["FormationDistance", 20],
        ["MovingSpeed", 3.000000],
        ["FirstOrder", "Patrol"],
        ["CyclePath", false]
      ]
    ],

    [
      "RetreatForce_2",
      "GameObject",
      "CTruckOpelBlitzUnit",
      new Matrix(
          0.349900, -0.936689, 0.013520, 4071.666016,
          0.936584, 0.350089, 0.015782, 4082.238281,
          -0.019517, 0.007141, 0.999784, 592.144958,
          0.000000, 0.000000, 0.000000, 1.000000
        ),
      [
        ["Affiliation", "FRIEND"],
        ["SurfaceControl", "PutonGroundLandingJoints"],
        ["Task", "CBaseAITask"]
      ]
    ],

    [
      "RetreatPathObj",
      "ObjectsGroup",
      "CObjectsGroup",
      new Matrix(
          0.673028, 0.739599, -0.005235, 3973.313232,
          -0.739492, 0.673027, 0.013643, 4065.203369,
          0.013613, -0.005310, 0.999893, 550.468079,
          0.000000, 0.000000, 0.000000, 1.000000
        ),
      [
        ["Contents", ["CenterPoint_1", "DuckBlind", "GRetrPath_0", "GRetrPath_5_6", "GSPath_0", "GSPath_1", "GSPath_2", "GSPath_3", "GSPath_4", "LastLeftPath_1", "LastLeftPath_2", "LastLeftPath_3", "LastLeftPath_4", "LastLeftPath_5", "LastLeftPath_6", "LastLeftPath_7", "LastLeftPath_8", "LastLeftPath_9", "LastLeftPath_91", "LeftPath_1", "LeftPath_2", "RearAttackPath_1", "RearAttackPath_2", "RearAttackPath_3", "RightPath_3", "RightPath_4", "RightPath_5", "RightPath_6", "RightPath_7", "SecureZone", "SecureZone_01", "SecureZone_02", "SecureZone_03", "SecureZone_04", "TakeGround1_SAU1_1", "TakeGround1_SAU1_2", "TakeGround1_SAU1_3", "TakeGround1_SAU1_4", "TakeGround1_SAU2_1", "TakeGround1_SAU2_2", "TakeGround1_SAU2_3", "TakeGround1_SAU2_4", "TakeGround2_SAU1_1", "TakeGround2_SAU1_2", "TakeGround2_SAU2_1", "TakeGround2_SAU2_2", "WarZone", "WarZone1", "WatcherPoint"]]
      ]
    ],

    [
      "CenterPoint_1",
      "NavPoint",
      "CZAxisCylNavPoint",
      new Matrix(
          0.662027, 0.749480, 0.000000, 4498.146484,
          -0.749480, 0.662027, 0.000000, 4501.249512,
          0.000000, 0.000000, 1.000000, 539.481812,
          0.000000, 0.000000, 0.000000, 1.000000
        ),
      [
        ["Range", 25.000000],
        ["Detect", false],
        ["Name", ""],
        ["Mask", [[], []]],
        ["IsVisible", true],
        ["PositionType", ""],
        ["BehaviorHeight", 0.000000],
        ["MapCompass", false],
        ["IsMain", false]
      ]
    ],

    [
      "RetreatPath_1",
      "NavPoint",
      "CZAxisCylNavPoint",
      new Matrix(
          0.999385, -0.035065, 0.000000, 4430.806641,
          0.035065, 0.999385, 0.000000, 4082.345215,
          0.000000, 0.000000, 1.000000, 594.737671,
          0.000000, 0.000000, 0.000000, 1.000000
        ),
      [
        ["Range", 2.000000],
        ["PositionType", "Ground"]
      ]
    ],

    [
      "RetreatPath_2",
      "NavPoint",
      "CZAxisCylNavPoint",
      new Matrix(
          0.999385, -0.035065, 0.000000, 4607.163086,
          0.035065, 0.999385, 0.000000, 4081.750488,
          0.000000, 0.000000, 1.000000, 602.946472,
          0.000000, 0.000000, 0.000000, 1.000000
        ),
      [
        ["Range", 2.000000],
        ["PositionType", "Ground"]
      ]
    ],

    [
      "RetreatPath_3",
      "NavPoint",
      "CZAxisCylNavPoint",
      new Matrix(
          0.999385, -0.035065, 0.000000, 4896.224609,
          0.035065, 0.999385, 0.000000, 4086.771484,
          0.000000, 0.000000, 1.000000, 618.764160,
          0.000000, 0.000000, 0.000000, 1.000000
        ),
      [
        ["Range", 2.000000],
        ["PositionType", "Ground"]
      ]
    ],

    [
      "RetreatPath_4",
      "NavPoint",
      "CZAxisCylNavPoint",
      new Matrix(
          0.999385, -0.035065, 0.000000, 5076.658203,
          0.035065, 0.999385, 0.000000, 4078.127930,
          0.000000, 0.000000, 1.000000, 623.956421,
          0.000000, 0.000000, 0.000000, 1.000000
        ),
      [
        ["Range", 2.000000],
        ["PositionType", "Ground"]
      ]
    ],

    [
      "SAU_1",
      "GameObject",
      "CSAUStuG40Unit",
      new Matrix(
          -0.710548, -0.703577, -0.010086, 4113.565918,
          0.703611, -0.710585, 0.000221, 4069.084961,
          -0.007323, -0.006940, 0.999949, 591.710815,
          0.000000, 0.000000, 0.000000, 1.000000
        ),
      [
        ["Affiliation", "FRIEND"],
        ["Task", "CBaseAISAUTask"],
        ["Number", "323"]
      ]
    ],

    [
      "SAU_2",
      "GameObject",
      "CSAUStuG40Unit",
      new Matrix(
          -0.620218, -0.784360, 0.010452, 4126.864258,
          0.784404, -0.620034, 0.016373, 4076.202637,
          -0.006362, 0.018353, 0.999811, 591.715210,
          0.000000, 0.000000, 0.000000, 1.000000
        ),
      [
        ["Affiliation", "FRIEND"],
        ["Task", "CBaseAISAUTask"],
        ["Number", "324"]
      ]
    ],

    [
      "TakeGround1_SAU1_1",
      "NavPoint",
      "CZAxisCylNavPoint",
      new Matrix(
          0.980531, -0.196362, 0.000000, 4181.277832,
          0.196362, 0.980531, 0.000000, 4083.418945,
          0.000000, 0.000000, 1.000000, 590.412964,
          0.000000, 0.000000, 0.000000, 1.000000
        ),
      [
        ["Range", 2.000000],
        ["PositionType", "Ground"]
      ]
    ],

    [
      "TakeGround1_SAU1_2",
      "NavPoint",
      "CZAxisCylNavPoint",
      new Matrix(
          0.980531, -0.196362, 0.000000, 4510.172363,
          0.196362, 0.980531, 0.000000, 4084.910889,
          0.000000, 0.000000, 1.000000, 597.779968,
          0.000000, 0.000000, 0.000000, 1.000000
        ),
      [
        ["Range", 2.000000],
        ["PositionType", "Ground"]
      ]
    ],

    [
      "TakeGround1_SAU1_3",
      "NavPoint",
      "CZAxisCylNavPoint",
      new Matrix(
          0.980531, -0.196362, 0.000000, 4674.898438,
          0.196362, 0.980531, 0.000000, 4082.655273,
          0.000000, 0.000000, 1.000000, 608.047729,
          0.000000, 0.000000, 0.000000, 1.000000
        ),
      [
        ["Range", 2.000000],
        ["PositionType", "Ground"]
      ]
    ],

    [
      "TakeGround1_SAU1_4",
      "NavPoint",
      "CZAxisCylNavPoint",
      new Matrix(
          0.980531, -0.196362, 0.000000, 4609.713867,
          0.196362, 0.980531, 0.000000, 3983.926514,
          0.000000, 0.000000, 1.000000, 605.933716,
          0.000000, 0.000000, 0.000000, 1.000000
        ),
      [
        ["Range", 4.000000],
        ["PositionType", "Ground"],
        ["Detect", true],
        ["Mask", [["MainMesh"], []]]
      ]
    ],

    [
      "TakeGround1_SAU2_1",
      "NavPoint",
      "CZAxisCylNavPoint",
      new Matrix(
          0.980531, -0.196362, 0.000000, 4235.041504,
          0.196362, 0.980531, 0.000000, 4055.784912,
          0.000000, 0.000000, 1.000000, 590.082764,
          0.000000, 0.000000, 0.000000, 1.000000
        ),
      [
        ["Range", 2.000000],
        ["PositionType", "Ground"]
      ]
    ],

    [
      "TakeGround1_SAU2_2",
      "NavPoint",
      "CZAxisCylNavPoint",
      new Matrix(
          0.980531, -0.196362, 0.000000, 4481.050781,
          0.196362, 0.980531, 0.000000, 4034.901611,
          0.000000, 0.000000, 1.000000, 597.081360,
          0.000000, 0.000000, 0.000000, 1.000000
        ),
      [
        ["Range", 2.000000],
        ["PositionType", "Ground"]
      ]
    ],

    [
      "TakeGround1_SAU2_3",
      "NavPoint",
      "CZAxisCylNavPoint",
      new Matrix(
          0.980531, -0.196362, 0.000000, 4651.215820,
          0.196362, 0.980531, 0.000000, 3943.715820,
          0.000000, 0.000000, 1.000000, 604.804626,
          0.000000, 0.000000, 0.000000, 1.000000
        ),
      [
        ["Range", 2.000000],
        ["PositionType", "Ground"]
      ]
    ],

    [
      "TakeGround1_SAU2_4",
      "NavPoint",
      "CZAxisCylNavPoint",
      new Matrix(
          0.980531, -0.196362, 0.000000, 4544.394043,
          0.196362, 0.980531, 0.000000, 3857.451660,
          0.000000, 0.000000, 1.000000, 601.750061,
          0.000000, 0.000000, 0.000000, 1.000000
        ),
      [
        ["Range", 4.000000],
        ["PositionType", "Ground"],
        ["Detect", true],
        ["Mask", [["MainMesh"], []]]
      ]
    ],

    [
      "TakeGround2_SAU1_1",
      "NavPoint",
      "CZAxisCylNavPoint",
      new Matrix(
          0.980531, -0.196362, 0.000000, 4477.642578,
          0.196362, 0.980531, 0.000000, 4108.118652,
          0.000000, 0.000000, 1.000000, 596.043762,
          0.000000, 0.000000, 0.000000, 1.000000
        ),
      [
        ["Range", 2.000000],
        ["PositionType", "Ground"]
      ]
    ],

    [
      "TakeGround2_SAU1_2",
      "NavPoint",
      "CZAxisCylNavPoint",
      new Matrix(
          0.980531, -0.196362, 0.000000, 4453.761719,
          0.196362, 0.980531, 0.000000, 4104.321777,
          0.000000, 0.000000, 1.000000, 595.486877,
          0.000000, 0.000000, 0.000000, 1.000000
        ),
      [
        ["Range", 4.000000],
        ["PositionType", "Ground"],
        ["Detect", true],
        ["Mask", [["MainMesh"], []]]
      ]
    ],

    [
      "TakeGround2_SAU2_1",
      "NavPoint",
      "CZAxisCylNavPoint",
      new Matrix(
          0.980531, -0.196362, 0.000000, 4484.789063,
          0.196362, 0.980531, 0.000000, 4068.123047,
          0.000000, 0.000000, 1.000000, 596.265320,
          0.000000, 0.000000, 0.000000, 1.000000
        ),
      [
        ["Range", 2.000000],
        ["PositionType", "Ground"]
      ]
    ],

    [
      "TakeGround2_SAU2_2",
      "NavPoint",
      "CZAxisCylNavPoint",
      new Matrix(
          0.980531, -0.196362, 0.000000, 4461.180664,
          0.196362, 0.980531, 0.000000, 4063.822266,
          0.000000, 0.000000, 1.000000, 595.594910,
          0.000000, 0.000000, 0.000000, 1.000000
        ),
      [
        ["Range", 4.000000],
        ["PositionType", "Ground"],
        ["Detect", true],
        ["Mask", [["MainMesh"], []]]
      ]
    ],

    [
      "AvantGuard76_1",
      "GameObject",
      "CTankT34_76_42AIUnit",
      new Matrix(
          0.934346, -0.351292, -0.059929, 3804.426270,
          0.351961, 0.936014, 0.000662, 4079.469238,
          0.055862, -0.021711, 0.998202, 586.604797,
          0.000000, 0.000000, 0.000000, 1.000000
        ),
      [
        ["Affiliation", "ENEMY"],
        ["Task", "CC2M7Tsk_AvantGuard76"],
        ["Number", "01_02"],
        ["BehRadarMask", [["FRIEND", "MainMesh"], ["NEUTRAL", "INVISIBLE_ON_RADAR"]]]
      ]
    ],

    [
      "AvantGuard76_2",
      "GameObject",
      "CTankT34_76_42AIUnit",
      new Matrix(
          0.998401, -0.028491, -0.048819, 3782.219238,
          0.028568, 0.999591, 0.000880, 4079.564941,
          0.048774, -0.002273, 0.998807, 585.289368,
          0.000000, 0.000000, 0.000000, 1.000000
        ),
      [
        ["Affiliation", "ENEMY"],
        ["Task", "CC2M7Tsk_AvantGuard76"],
        ["Number", "01_03"],
        ["BehRadarMask", [["FRIEND", "MainMesh"], ["NEUTRAL", "INVISIBLE_ON_RADAR"]]]
      ]
    ],

    [
      "AvantGuardPointsObj",
      "ObjectsGroup",
      "CObjectsGroup",
      new Matrix(
          0.494761, -0.869029, 0.000000, 4920.079590,
          0.869029, 0.494761, 0.000000, 4555.915039,
          0.000000, 0.000000, 1.000000, 630.671753,
          0.000000, 0.000000, 0.000000, 1.000000
        ),
      [
        ["Contents", ["AvantGuard_AttackPoint"]]
      ]
    ],

    [
      "AvantGuard_AttackPoint",
      "NavPoint",
      "CZAxisCylNavPoint",
      new Matrix(
          -0.029926, -0.999552, 0.000000, 4920.079590,
          0.999552, -0.029926, 0.000000, 4555.915039,
          0.000000, 0.000000, 1.000000, 630.671814,
          0.000000, 0.000000, 0.000000, 1.000000
        ),
      [
        ["Range", 2.000000],
        ["PositionType", "Ground"]
      ]
    ],

    [
      "BaseForce_1",
      "GameObject",
      "CTankT34_76_42AIUnit",
      new Matrix(
          0.959089, 0.280084, -0.041233, 3655.052246,
          -0.281468, 0.959013, -0.032702, 4090.139893,
          0.030383, 0.042970, 0.998614, 581.527283,
          0.000000, 0.000000, 0.000000, 1.000000
        ),
      [
        ["Affiliation", "ENEMY"],
        ["Task", "CC2M7Tsk_BaseForce_Tank"],
        ["Number", "22_13"],
        ["BehRadarMask", [["FRIEND", "MainMesh"], ["NEUTRAL", "INVISIBLE_ON_RADAR"]]]
      ]
    ],

    [
      "BaseForce_2",
      "GameObject",
      "CTankT34_76_42AIUnit",
      new Matrix(
          0.946131, 0.319895, -0.050030, 3654.669434,
          -0.321254, 0.946742, -0.021797, 4062.239746,
          0.040393, 0.036695, 0.998510, 581.183777,
          0.000000, 0.000000, 0.000000, 1.000000
        ),
      [
        ["Affiliation", "ENEMY"],
        ["Task", "CC2M7Tsk_BaseForce_Tank"],
        ["Number", "22_14"],
        ["BehRadarMask", [["FRIEND", "MainMesh"], ["NEUTRAL", "INVISIBLE_ON_RADAR"]]]
      ]
    ],

    [
      "BaseForce_3",
      "GameObject",
      "CTankT34Slave_2Unit",
      new Matrix(
          0.147752, -0.988707, -0.025047, 3610.430664,
          0.988904, 0.148082, -0.011874, 4091.290283,
          0.015449, -0.023014, 0.999616, 579.876343,
          0.000000, 0.000000, 0.000000, 1.000000
        ),
      [
        ["Affiliation", "ENEMY"],
        ["Task", "CC2M7Tsk_BaseForce_Tank"],
        ["Number", "22_18"],
        ["BehRadarMask", [["FRIEND", "MainMesh"], ["NEUTRAL", "INVISIBLE_ON_RADAR"]]]
      ]
    ],

    [
      "BaseForce_4",
      "GameObject",
      "CTankT34Slave_2Unit",
      new Matrix(
          0.650289, 0.759359, -0.022302, 3622.294922,
          -0.759598, 0.650381, -0.003844, 4049.460449,
          0.011586, 0.019440, 0.999744, 579.666809,
          0.000000, 0.000000, 0.000000, 1.000000
        ),
      [
        ["Affiliation", "ENEMY"],
        ["Task", "CC2M7Tsk_BaseForce_Tank"],
        ["Number", "22_22"],
        ["BehRadarMask", [["FRIEND", "MainMesh"], ["NEUTRAL", "INVISIBLE_ON_RADAR"]]]
      ]
    ],

    [
      "BaseForce_5SAU",
      "GameObject",
      "CSAUSU85Unit",
      new Matrix(
          0.946423, 0.322042, -0.023909, 3570.530273,
          -0.321945, 0.946725, 0.007921, 4089.213135,
          0.025186, 0.000201, 0.999683, 578.689209,
          0.000000, 0.000000, 0.000000, 1.000000
        ),
      [
        ["Affiliation", "ENEMY"],
        ["Task", "CC2M7Tsk_BaseForce_SAU"],
        ["Number", "SAU_303"],
        ["BehRadarMask", [["FRIEND", "MainMesh"], ["NEUTRAL", "INVISIBLE_ON_RADAR"]]]
      ]
    ],

    [
      "BaseForce_6SAU",
      "GameObject",
      "CSAUSU85Unit",
      new Matrix(
          0.973530, 0.228022, -0.015672, 3579.554688,
          -0.227775, 0.973580, 0.016131, 4052.427490,
          0.018936, -0.012134, 0.999747, 579.052734,
          0.000000, 0.000000, 0.000000, 1.000000
        ),
      [
        ["Affiliation", "ENEMY"],
        ["Task", "CC2M7Tsk_BaseForce_SAU"],
        ["Number", "SAU_305"],
        ["BehRadarMask", [["FRIEND", "MainMesh"], ["NEUTRAL", "INVISIBLE_ON_RADAR"]]]
      ]
    ],

    [
      "Truck_1",
      "GameObject",
      "CTruckZis5Unit",
      new Matrix(
          0.935811, 0.352501, -0.000019, 3535.019043,
          -0.352322, 0.935337, 0.031852, 4050.026855,
          0.011246, -0.029801, 0.999493, 578.928040,
          0.000000, 0.000000, 0.000000, 1.000000
        ),
      [
        ["Affiliation", "ENEMY"],
        ["Task", "CBaseAITask"]
      ]
    ],

    [
      "Truck_2",
      "GameObject",
      "CTruckZis5Unit",
      new Matrix(
          0.969573, 0.244610, -0.009697, 3538.307617,
          -0.244428, 0.969521, 0.016868, 4091.160400,
          0.013527, -0.013984, 0.999811, 578.059753,
          0.000000, 0.000000, 0.000000, 1.000000
        ),
      [
        ["Affiliation", "ENEMY"],
        ["Task", "CBaseAITask"]
      ]
    ],

    [
      "BaseForcePointsObj",
      "ObjectsGroup",
      "CObjectsGroup",
      new Matrix(
          0.494761, -0.869029, 0.000000, 4889.616699,
          0.869029, 0.494761, 0.000000, 3704.340576,
          0.000000, 0.000000, 1.000000, 622.532166,
          0.000000, 0.000000, 0.000000, 1.000000
        ),
      [
        ["Contents", ["Home"]]
      ]
    ],

    [
      "Home",
      "NavPoint",
      "CZAxisCylNavPoint",
      new Matrix(
          -0.029926, -0.999552, 0.000000, 4889.616699,
          0.999552, -0.029926, 0.000000, 3704.340576,
          0.000000, 0.000000, 1.000000, 622.532227,
          0.000000, 0.000000, 0.000000, 1.000000
        ),
      [
        ["Range", 2.000000],
        ["PositionType", "Ground"]
      ]
    ],

    [
      "RearGuard_1",
      "GameObject",
      "CTankT34Slave_2Unit",
      new Matrix(
          -0.084967, -0.996258, 0.015803, 3525.233398,
          0.991990, -0.083093, 0.095139, 3959.175293,
          -0.093470, 0.023760, 0.995338, 584.252991,
          0.000000, 0.000000, 0.000000, 1.000000
        ),
      [
        ["Affiliation", "ENEMY"],
        ["Task", "CC2M7Tsk_RearGuard"],
        ["Number", "22_24"],
        ["BehRadarMask", [["FRIEND", "MainMesh"], ["NEUTRAL", "INVISIBLE_ON_RADAR"]]]
      ]
    ],

    [
      "RearGuard_2",
      "GameObject",
      "CTankT34Slave_2Unit",
      new Matrix(
          0.205099, -0.978607, -0.016217, 3504.863281,
          0.971848, 0.201664, 0.121827, 3977.635742,
          -0.115951, -0.040747, 0.992419, 582.593140,
          0.000000, 0.000000, 0.000000, 1.000000
        ),
      [
        ["Affiliation", "ENEMY"],
        ["Task", "CC2M7Tsk_RearGuard"],
        ["Number", "22_25"],
        ["BehRadarMask", [["FRIEND", "MainMesh"], ["NEUTRAL", "INVISIBLE_ON_RADAR"]]]
      ]
    ],

    [
      "RearGuard_3",
      "GameObject",
      "CTankT34Slave_2Unit",
      new Matrix(
          0.389386, -0.921075, -0.000023, 3477.177734,
          0.913686, 0.386259, 0.126418, 3961.746582,
          -0.116431, -0.049247, 0.991977, 583.872864,
          0.000000, 0.000000, 0.000000, 1.000000
        ),
      [
        ["Affiliation", "ENEMY"],
        ["Task", "CC2M7Tsk_RearGuard"],
        ["Number", "22_26"],
        ["BehRadarMask", [["FRIEND", "MainMesh"], ["NEUTRAL", "INVISIBLE_ON_RADAR"]]]
      ]
    ],

    [
      "LeftPath_1",
      "NavPoint",
      "CZAxisCylNavPoint",
      new Matrix(
          0.980531, -0.196362, 0.000000, 3894.746826,
          0.196362, 0.980531, 0.000000, 4060.038086,
          0.000000, 0.000000, 1.000000, 590.496338,
          0.000000, 0.000000, 0.000000, 1.000000
        ),
      [
        ["Range", 2.000000],
        ["PositionType", "Ground"]
      ]
    ],

    [
      "LeftPath_2",
      "NavPoint",
      "CZAxisCylNavPoint",
      new Matrix(
          0.205627, 0.978630, 0.000000, 4074.708008,
          -0.978630, 0.205627, 0.000000, 4930.795410,
          0.000000, 0.000000, 1.000000, 574.660339,
          0.000000, 0.000000, 0.000000, 1.000000
        ),
      [
        ["Range", 2.000000],
        ["PositionType", "Ground"]
      ]
    ],

    [
      "RightPath_1",
      "NavPoint",
      "CZAxisCylNavPoint",
      new Matrix(
          0.999385, -0.035065, 0.000000, 3719.906738,
          0.035065, 0.999385, 0.000000, 3937.084961,
          0.000000, 0.000000, 1.000000, 578.707458,
          0.000000, 0.000000, 0.000000, 1.000000
        ),
      [
        ["Range", 2.000000],
        ["PositionType", "Ground"]
      ]
    ],

    [
      "RightPath_2",
      "NavPoint",
      "CZAxisCylNavPoint",
      new Matrix(
          0.999385, -0.035065, 0.000000, 3795.509277,
          0.035065, 0.999385, 0.000000, 3883.983887,
          0.000000, 0.000000, 1.000000, 578.007141,
          0.000000, 0.000000, 0.000000, 1.000000
        ),
      [
        ["Range", 2.000000],
        ["PositionType", "Ground"]
      ]
    ],

    [
      "RightPath_3",
      "NavPoint",
      "CZAxisCylNavPoint",
      new Matrix(
          0.980531, -0.196362, 0.000000, 3973.883057,
          0.196362, 0.980531, 0.000000, 3749.562012,
          0.000000, 0.000000, 1.000000, 588.956116,
          0.000000, 0.000000, 0.000000, 1.000000
        ),
      [
        ["Range", 2.000000],
        ["PositionType", "Ground"]
      ]
    ],

    [
      "RightPath_4",
      "NavPoint",
      "CZAxisCylNavPoint",
      new Matrix(
          0.980531, -0.196362, 0.000000, 4024.641113,
          0.196362, 0.980531, 0.000000, 3758.805176,
          0.000000, 0.000000, 1.000000, 590.100952,
          0.000000, 0.000000, 0.000000, 1.000000
        ),
      [
        ["Range", 2.000000],
        ["PositionType", "Ground"]
      ]
    ],

    [
      "RightPath_5",
      "NavPoint",
      "CZAxisCylNavPoint",
      new Matrix(
          0.980531, -0.196362, 0.000000, 4097.971680,
          0.196362, 0.980531, 0.000000, 3783.172363,
          0.000000, 0.000000, 1.000000, 587.039490,
          0.000000, 0.000000, 0.000000, 1.000000
        ),
      [
        ["Range", 2.000000],
        ["PositionType", "Ground"]
      ]
    ],

    [
      "RightPath_6",
      "NavPoint",
      "CZAxisCylNavPoint",
      new Matrix(
          0.980531, -0.196362, 0.000000, 4162.034180,
          0.196362, 0.980531, 0.000000, 3774.089844,
          0.000000, 0.000000, 1.000000, 588.699829,
          0.000000, 0.000000, 0.000000, 1.000000
        ),
      [
        ["Range", 2.000000],
        ["PositionType", "Ground"]
      ]
    ],

    [
      "RightPath_7",
      "NavPoint",
      "CZAxisCylNavPoint",
      new Matrix(
          0.980531, -0.196362, 0.000000, 4205.938477,
          0.196362, 0.980531, 0.000000, 3746.138428,
          0.000000, 0.000000, 1.000000, 590.628052,
          0.000000, 0.000000, 0.000000, 1.000000
        ),
      [
        ["Range", 2.000000],
        ["PositionType", "Ground"]
      ]
    ],

    [
      "WarZone",
      "NavPoint",
      "CZAxisCylNavPoint",
      new Matrix(
          0.980531, -0.196362, 0.000000, 4300.857422,
          0.196362, 0.980531, 0.000000, 4054.965576,
          0.000000, 0.000000, 1.000000, 591.337769,
          0.000000, 0.000000, 0.000000, 1.000000
        ),
      [
        ["Range", 160.000000],
        ["PositionType", "Ground"]
      ]
    ],

    [
      "DuckBlind",
      "NavPoint",
      "CZAxisCylNavPoint",
      new Matrix(
          0.980531, -0.196362, 0.000000, 4606.713867,
          0.196362, 0.980531, 0.000000, 3851.979248,
          0.000000, 0.000000, 1.000000, 603.945313,
          0.000000, 0.000000, 0.000000, 1.000000
        ),
      [
        ["Range", 50.000000],
        ["PositionType", "Ground"],
        ["Detect", true],
        ["Mask", [["MainMesh"], []]]
      ]
    ],

    [
      "SingleVillageShed1",
      "InteriorObject",
      "CUSRShedWood02Unit",
      new Matrix(
          -0.003354, -0.999994, 0.000000, 4072.632324,
          0.999994, -0.003354, 0.000000, 3877.146484,
          0.000000, 0.000000, 1.000000, 587.284546,
          0.000000, 0.000000, 0.000000, 1.000000
        ),
      [
        ["SurfaceControl", "None"],
        ["HitPoints", 100.000000],
        ["Affiliation", "NEUTRAL"],
        ["Route", []]
      ]
    ],

    [
      "SingleVillageFence_01",
      "InteriorObject",
      "CFencePoleUnit",
      new Matrix(
          0.999756, -0.022076, 0.000000, 4067.204834,
          0.022076, 0.999756, 0.000000, 3884.611328,
          0.000000, 0.000000, 1.000000, 587.415466,
          0.000000, 0.000000, 0.000000, 1.000000
        ),
      [
        ["SurfaceControl", "PutonGround"],
        ["Length", 4]
      ]
    ],

    [
      "SingleVillageFence_02",
      "InteriorObject",
      "CFencePoleUnit",
      new Matrix(
          -0.017502, 0.999847, 0.000000, 4067.270752,
          -0.999847, -0.017502, 0.000000, 3884.678955,
          0.000000, 0.000000, 1.000000, 587.415405,
          0.000000, 0.000000, 0.000000, 1.000000
        ),
      [
        ["SurfaceControl", "PutonGround"],
        ["Length", 6]
      ]
    ],

    [
      "SingleVillageFence_03",
      "InteriorObject",
      "CFencePoleUnit",
      new Matrix(
          0.999996, -0.002679, 0.000000, 4066.274902,
          0.002679, 0.999996, 0.000000, 3868.864258,
          0.000000, 0.000000, 1.000000, 587.509888,
          0.000000, 0.000000, 0.000000, 1.000000
        ),
      [
        ["SurfaceControl", "PutonGround"],
        ["Length", 9]
      ]
    ],

    [
      "SingleVillageWell11",
      "InteriorObject",
      "CWaterWell_1Unit",
      new Matrix(
          -0.999468, -0.032627, -0.000020, 4090.899414,
          0.032627, -0.999468, 0.000000, 3872.944580,
          -0.000020, -0.000001, 1.000000, 587.513977,
          0.000000, 0.000000, 0.000000, 1.000000
        ),
      [
        ["HitPoints", 100.000000],
        ["SurfaceControl", "PutonGround"],
        ["Affiliation", "NEUTRAL"],
        ["Route", []]
      ]
    ],

    [
      "SingleVillageWell12",
      "InteriorObject",
      "CWaterWell_2Unit",
      new Matrix(
          0.093014, -0.995665, 0.000000, 4090.374268,
          0.995665, 0.093014, 0.000000, 3872.861328,
          0.000000, 0.000000, 1.000000, 587.509949,
          0.000000, 0.000000, 0.000000, 1.000000
        ),
      [
        ["SurfaceControl", "PutonGroundLandingJoints"],
        ["HitPoints", 100.000000],
        ["Affiliation", "NEUTRAL"],
        ["Route", []]
      ]
    ],

    [
      "HiddenForce_01",
      "GameObject",
      "CTankT34Slave_2Unit",
      new Matrix(
          0.979105, 0.197754, -0.047390, 3862.003906,
          -0.197994, 0.980203, -0.000375, 4211.652344,
          0.046377, 0.009750, 0.998876, 589.125732,
          0.000000, 0.000000, 0.000000, 1.000000
        ),
      [
        ["Affiliation", "ENEMY"],
        ["Task", "CBaseAITankTask"],
        ["Number", "22_32"]
      ]
    ],

    [
      "HiddenForce_02",
      "GameObject",
      "CTankT34Slave_2Unit",
      new Matrix(
          0.945052, 0.317969, -0.075977, 3827.703613,
          -0.321334, 0.946249, -0.036843, 4212.363281,
          0.060179, 0.059233, 0.996429, 588.986206,
          0.000000, 0.000000, 0.000000, 1.000000
        ),
      [
        ["Affiliation", "ENEMY"],
        ["Task", "CBaseAITankTask"],
        ["Number", "22_33"]
      ]
    ],

    [
      "HiddenForce_03",
      "GameObject",
      "CTankT34Slave_2Unit",
      new Matrix(
          0.503266, -0.855045, -0.124983, 3804.199219,
          0.863228, 0.504066, 0.027479, 4207.258789,
          0.039504, -0.121718, 0.991778, 589.487915,
          0.000000, 0.000000, 0.000000, 1.000000
        ),
      [
        ["Affiliation", "ENEMY"],
        ["Task", "CBaseAITankTask"],
        ["Number", "22_34"]
      ]
    ],

    [
      "HiddenForce_NP01",
      "NavPoint",
      "CZAxisCylNavPoint",
      new Matrix(
          0.998369, 0.057098, 0.000000, 4121.722656,
          -0.057098, 0.998369, 0.000000, 4151.677734,
          0.000000, 0.000000, 1.000000, 593.642700,
          0.000000, 0.000000, 0.000000, 1.000000
        ),
      [
        ["Detect", false],
        ["Name", ""],
        ["Mask", [[], []]],
        ["IsVisible", true],
        ["PositionType", ""],
        ["BehaviorHeight", 0.000000],
        ["MapCompass", false],
        ["IsMain", false],
        ["Range", 10.000000]
      ]
    ],

    [
      "HiddenForce_NP02",
      "NavPoint",
      "CZAxisCylNavPoint",
      new Matrix(
          0.988429, -0.151683, 0.000000, 4282.515137,
          0.151683, 0.988429, 0.000000, 4158.845703,
          0.000000, 0.000000, 1.000000, 613.052368,
          0.000000, 0.000000, 0.000000, 1.000000
        ),
      [
        ["Detect", false],
        ["Name", ""],
        ["Mask", [[], []]],
        ["IsVisible", true],
        ["PositionType", ""],
        ["BehaviorHeight", 0.000000],
        ["MapCompass", false],
        ["IsMain", false],
        ["Range", 10.000000]
      ]
    ],

    [
      "HiddenForce_NP03",
      "NavPoint",
      "CZAxisCylNavPoint",
      new Matrix(
          -0.139508, -0.990221, 0.000000, 5005.110840,
          0.990221, -0.139508, 0.000000, 3769.251465,
          0.000000, 0.000000, 1.000000, 544.680359,
          0.000000, 0.000000, 0.000000, 1.000000
        ),
      [
        ["Detect", false],
        ["Name", ""],
        ["Mask", [[], []]],
        ["IsVisible", true],
        ["PositionType", ""],
        ["BehaviorHeight", 0.000000],
        ["MapCompass", false],
