//-------------------------------------------------------------------
//                                                                   
//  This code is copyright 2001 by G5 Software.                      
//  Any unauthorized usage, either in part or in whole of this code  
//  is strictly prohibited. Violators WILL be prosecuted to the      
//  maximum extent allowed by law.                                   
//                                                                   
//-------------------------------------------------------------------
//                                                                   
//  Automatically-generated mission script file                      
//  DO NOT EDIT!                                                     
//                                                                   
//-------------------------------------------------------------------


class CC1M2Content
{
  static String m_ObjectListClassFile = "Missions/Campaign_1/Mission_2/Content.script";
  static String m_ObjectListClassName = "CC1M2Content";

  static Array  m_MissionObjectList   = [
    [
      "Atmosphere",
      "",
      "",
      new Matrix(
          1.000000, 0.000000, 0.000000, 0.000000,
          0.000000, 1.000000, 0.000000, 0.000000,
          0.000000, 0.000000, 1.000000, 0.000000,
          0.000000, 0.000000, 0.000000, 1.000000
        ),
      [
        ["AmbientLight", new Color(0.156863, 0.203922, 0.243137, 1.000000)],
        ["AntiSunAngle", 60.000000],
        ["AntiSunColor", new Color(0.584314, 0.584314, 0.784314, 1.000000)],
        ["AntiSunEnabled", true],
        ["AntiSunIntensity", 0.300000],
        ["EnableHorizontAdjustment", true],
        ["FogColorXPos", new Color(0.952941, 0.952941, 0.870588, 1.000000)],
        ["FogColorXNeg", new Color(0.549020, 0.623529, 0.572549, 1.000000)],
        ["FogColorYPos", new Color(0.407843, 0.411765, 0.533333, 1.000000)],
        ["FogColorYNeg", new Color(0.356863, 0.525490, 0.556863, 1.000000)],
        ["FogDensity", 0.003000],
        ["FogNear", 1.000000],
        ["FogFar", 3.000000],
        ["FogFarMax", 3000.000000],
        ["FogMode", "Exp"],
        ["ShadowColor", new Color(0.403922, 0.494118, 0.545098, 1.000000)],
        ["SunColor", new Color(0.988235, 0.937255, 0.780392, 1.000000)],
        ["SunDirection", new Vector(-0.690000, 0.870000, -0.450000)],
        ["SunIntensity", 0.700000],
        ["TreeShadowLodDistance", 35.000000],
        ["AntiSunHorAngle", 105.000000],
        ["StencilShadowColor", new Color(0.403922, 0.494118, 0.545098, 1.000000)],
        ["TreeLightKoef", 0.600000],
        ["SunShines", 0.100000]
      ]
    ],

    [
      "Terrain",
      "",
      "",
      new Matrix(
          1.000000, 0.000000, 0.000000, 0.000000,
          0.000000, 1.000000, 0.000000, 0.000000,
          0.000000, 0.000000, 1.000000, 0.000000,
          0.000000, 0.000000, 0.000000, 1.000000
        ),
      [
        ["ForestTextureScale", 1.000000],
        ["ForestShadowBorderScale", 0.400000],
        ["ForestShadowAlphaScale", 1.000000],
        ["ForestBeginFadeDist", [250.000000, 480.000000]],
        ["IsAntiLighting", true],
        ["TerrainShadowPower", 2.000000],
        ["VertForestDistMin", 800.000000],
        ["VertForestDistMax", 8000.000000],
        ["VertForestAngleMin", 0.000000],
        ["VertForestAngleMax", 45.000000],
        ["VertForestBeginFadeDist", [250.000000, 410.000000]],
        ["WaterBorderColor", new Color(0.556863, 0.521569, 0.443137, 1.000000)]
      ]
    ],

    [
      "MainPlayerUnit",
      "GameObject",
      "CTankT34_85_44Unit",
      new Matrix(
          -0.919503, -0.393081, 0.000000, 4723.333496,
          0.393082, -0.919504, 0.000000, 3247.819336,
          0.000000, 0.000000, 1.000000, 588.331543,
          0.000000, 0.000000, 0.000000, 1.000000
        ),
      [
        ["IsPlayer", true],
        ["IsManual", true],
        ["Affiliation", "FRIEND"],
        ["Number", "22_18"]
      ]
    ],

    [
      "CC1M2Gr_NUSSR_Tanks",
      "UnitGroup",
      "CBaseUnitGroup",
      new Matrix(
          -0.800185, -0.599686, 0.008981, 4689.003906,
          0.599606, -0.799567, 0.034134, 3226.140869,
          -0.013288, 0.032699, 0.999377, 586.947205,
          0.000000, 0.000000, 0.000000, 1.000000
        ),
      [
        ["Units", ["NUSSR_Tank_1"]],
        ["Path", ["NP_NUSSR_Tanks_PP_1"]],
        ["DelayedOrder", true],
        ["Formation", "Column"],
        ["FormationDistance", 10],
        ["MovingSpeed", 5.500000],
        ["FirstOrder", "Patrol"],
        ["CyclePath", false]
      ]
    ],

    [
      "NUSSR_Tank_1",
      "GameObject",
      "CTankT34_76_42AIUnit",
      new Matrix(
          -0.800213, -0.599707, 0.003127, 4689.003906,
          0.599473, -0.799730, 0.032617, 3226.140869,
          -0.017060, 0.027975, 0.999463, 586.954285,
          0.000000, 0.000000, 0.000000, 1.000000
        ),
      [
        ["Task", "CBaseAITankTask"],
        ["Affiliation", "FRIEND"],
        ["Number", "22_30"]
      ]
    ],

    [
      "NP_NUSSR_Tanks_PP_1",
      "NavPoint",
      "CZAxisCylNavPoint",
      new Matrix(
          -0.799976, -0.600032, 0.000000, 4578.397949,
          0.600032, -0.799976, 0.000000, 3348.164551,
          0.000000, 0.000000, 1.000000, 586.557373,
          0.000000, 0.000000, 0.000000, 1.000000
        ),
      [
        ["Range", 3.000000]
      ]
    ],

    [
      "EUSSR_Tank_1",
      "GameObject",
      "CTankT34Slave_2Unit",
      new Matrix(
          -0.801041, -0.598590, -0.004737, 4718.712402,
          0.598200, -0.800762, 0.030609, 3139.723877,
          -0.022116, 0.021685, 0.999520, 588.727722,
          0.000000, 0.000000, 0.000000, 1.000000
        ),
      [
        ["Task", "CC1M2Tsk_EUSSR_Tank"],
        ["Affiliation", "FRIEND"],
        ["Number", "22_31"]
      ]
    ],

    [
      "EUSSR_Tank_2",
      "GameObject",
      "CTankT34_76_42AIUnit",
      new Matrix(
          -0.800998, -0.598534, -0.012596, 4731.185547,
          0.598031, -0.800940, 0.029243, 3165.158447,
          -0.027592, 0.015891, 0.999493, 588.042786,
          0.000000, 0.000000, 0.000000, 1.000000
        ),
      [
        ["Task", "CC1M2Tsk_EUSSR_Tank"],
        ["Affiliation", "FRIEND"],
        ["Number", "22_32"]
      ]
    ],

    [
      "NP_EUSSR_Tanks_NorthPoint",
      "NavPoint",
      "CZAxisCylNavPoint",
      new Matrix(
          -0.799976, -0.600032, 0.000000, 4532.685547,
          0.600032, -0.799976, 0.000000, 3270.642822,
          0.000000, 0.000000, 1.000000, 587.024841,
          0.000000, 0.000000, 0.000000, 1.000000
        ),
      [
        ["Range", 3.000000]
      ]
    ],

    [
      "NP_EUSSR_Tanks_EastPoint",
      "NavPoint",
      "CZAxisCylNavPoint",
      new Matrix(
          -0.800856, -0.598857, 0.000000, 4862.614746,
          0.598857, -0.800856, 0.000000, 3263.796631,
          0.000000, 0.000000, 1.000000, 592.366089,
          0.000000, 0.000000, 0.000000, 1.000000
        ),
      [
        ["Range", 3.000000]
      ]
    ],

    [
      "CC1M2Gr_NUSSR_Infantry1",
      "UnitGroup",
      "CC1M2Gr_NUSSR_Infantry1",
      new Matrix(
          -0.988077, -0.153960, 0.000000, 4633.330566,
          0.153960, -0.988077, 0.000000, 3165.037842,
          0.000000, 0.000000, 1.000000, 587.968933,
          0.000000, 0.000000, 0.000000, 1.000000
        ),
      [
        ["Units", ["NUSSR_Infantryman1_1", "NUSSR_Infantryman1_2", "NUSSR_Infantryman1_3", "NUSSR_Infantryman1_4", "NUSSR_Infantryman1_5", "NUSSR_Infantryman1_6"]],
        ["Formation", "CFrontFormation"]
      ]
    ],

    [
      "NUSSR_Infantryman1_1",
      "GameObject",
      "CSovietSoldierRifleUnit",
      new Matrix(
          -0.988077, -0.153960, 0.000000, 4633.330566,
          0.153960, -0.988077, 0.000000, 3165.037842,
          0.000000, 0.000000, 1.000000, 587.955078,
          0.000000, 0.000000, 0.000000, 1.000000
        ),
      [
        ["Task", "CBaseAITask"],
        ["Affiliation", "FRIEND"]
      ]
    ],

    [
      "NUSSR_Infantryman1_2",
      "GameObject",
      "CSovietSoldierRifleUnit",
      new Matrix(
          -0.988077, -0.153960, 0.000000, 4638.556641,
          0.153960, -0.988077, 0.000000, 3178.240234,
          0.000000, 0.000000, 1.000000, 587.607117,
          0.000000, 0.000000, 0.000000, 1.000000
        ),
      [
        ["Task", "CBaseAITask"],
        ["Affiliation", "FRIEND"]
      ]
    ],

    [
      "NUSSR_Infantryman1_3",
      "GameObject",
      "CSovietSoldierRifleUnit",
      new Matrix(
          -0.673826, -0.738890, 0.000000, 4591.716797,
          0.738890, -0.673826, 0.000000, 3256.409912,
          0.000000, 0.000000, 1.000000, 587.729919,
          0.000000, 0.000000, 0.000000, 1.000000
        ),
      [
        ["Task", "CBaseAITask"],
        ["Affiliation", "FRIEND"]
      ]
    ],

    [
      "NUSSR_Infantryman1_4",
      "GameObject",
      "CSovietSoldierRifleUnit",
      new Matrix(
          -0.988077, -0.153960, 0.000000, 4711.782227,
          0.153960, -0.988077, 0.000000, 3161.949463,
          0.000000, 0.000000, 1.000000, 587.447266,
          0.000000, 0.000000, 0.000000, 1.000000
        ),
      [
        ["Task", "CBaseAITask"],
        ["Affiliation", "FRIEND"]
      ]
    ],

    [
      "NUSSR_Infantryman1_5",
      "GameObject",
      "CSovietSoldierRifleUnit",
      new Matrix(
          -0.988077, -0.153960, 0.000000, 4719.435059,
          0.153960, -0.988077, 0.000000, 3161.557861,
          0.000000, 0.000000, 1.000000, 587.459778,
          0.000000, 0.000000, 0.000000, 1.000000
        ),
      [
        ["Task", "CBaseAITask"],
        ["Affiliation", "FRIEND"]
      ]
    ],

    [
      "NUSSR_Infantryman1_6",
      "GameObject",
      "CSovietSoldierRifleUnit",
      new Matrix(
          -0.988077, -0.153960, 0.000000, 4784.853516,
          0.153960, -0.988077, 0.000000, 3325.643799,
          0.000000, 0.000000, 1.000000, 590.431030,
          0.000000, 0.000000, 0.000000, 1.000000
        ),
      [
        ["Task", "CBaseAITask"],
        ["Affiliation", "FRIEND"]
      ]
    ],

    [
      "NP_NUSSR_Infantry1_TakeGround",
      "NavPoint",
      "CZAxisCylNavPoint",
      new Matrix(
          -0.988077, -0.153960, 0.000000, 4632.250977,
          0.153960, -0.988077, 0.000000, 3319.544434,
          0.000000, 0.000000, 1.000000, 586.895081,
          0.000000, 0.000000, 0.000000, 1.000000
        ),
      [
        ["Range", 3.000000]
      ]
    ],

    [
      "NP_NUSSR_Infantry1_Retreat",
      "NavPoint",
      "CZAxisCylNavPoint",
      new Matrix(
          -0.988077, -0.153960, 0.000000, 4612.822266,
          0.153960, -0.988077, 0.000000, 3220.755127,
          0.000000, 0.000000, 1.000000, 586.895081,
          0.000000, 0.000000, 0.000000, 1.000000
        ),
      [
        ["Range", 3.000000],
        ["Detect", false],
        ["Name", ""],
        ["Mask", [[], []]],
        ["IsVisible", true],
        ["PositionType", ""],
        ["BehaviorHeight", 0.000000],
        ["MapCompass", false],
        ["IsMain", false]
      ]
    ],

    [
      "CC1M2Gr_NUSSR_Infantry2",
      "UnitGroup",
      "CC1M2Gr_NUSSR_Infantry2",
      new Matrix(
          -0.794749, -0.606939, 0.000000, 4710.149414,
          0.606939, -0.794749, 0.000000, 3358.884521,
          0.000000, 0.000000, 1.000000, 588.782837,
          0.000000, 0.000000, 0.000000, 1.000000
        ),
      [
        ["Units", ["NUSSR_Infantryman2_1", "NUSSR_Infantryman2_2", "NUSSR_Infantryman2_3", "NUSSR_Infantryman2_4", "NUSSR_Infantryman2_5", "NUSSR_Infantryman2_6", "NUSSR_Infantryman2_7", "NUSSR_Infantryman2_8", "NUSSR_Infantryman2_9"]],
        ["Formation", "CFrontFormation"]
      ]
    ],

    [
      "NUSSR_Infantryman2_1",
      "GameObject",
      "CSovietSoldierRifleUnit",
      new Matrix(
          -0.794749, -0.606939, 0.000000, 4710.149414,
          0.606939, -0.794749, 0.000000, 3358.884521,
          0.000000, 0.000000, 1.000000, 588.768921,
          0.000000, 0.000000, 0.000000, 1.000000
        ),
      [
        ["Task", "CBaseAITask"],
        ["Affiliation", "FRIEND"]
      ]
    ],

    [
      "NUSSR_Infantryman2_2",
      "GameObject",
      "CSovietSoldierRifleUnit",
      new Matrix(
          -0.828486, -0.560010, 0.000000, 4707.363281,
          0.560010, -0.828486, 0.000000, 3356.209473,
          0.000000, 0.000000, 1.000000, 588.638977,
          0.000000, 0.000000, 0.000000, 1.000000
        ),
      [
        ["Task", "CBaseAITask"],
        ["Affiliation", "FRIEND"]
      ]
    ],

    [
      "NUSSR_Infantryman2_3",
      "GameObject",
      "CSovietSoldierRifleUnit",
      new Matrix(
          -0.988077, -0.153960, 0.000000, 4614.421387,
          0.153960, -0.988077, 0.000000, 3237.938232,
          0.000000, 0.000000, 1.000000, 587.783997,
          0.000000, 0.000000, 0.000000, 1.000000
        ),
      [
        ["Task", "CBaseAITask"],
        ["Affiliation", "FRIEND"]
      ]
    ],

    [
      "NUSSR_Infantryman2_4",
      "GameObject",
      "CSovietSoldierRifleUnit",
      new Matrix(
          -0.988077, -0.153960, 0.000000, 4613.238281,
          0.153960, -0.988077, 0.000000, 3230.847168,
          0.000000, 0.000000, 1.000000, 587.673828,
          0.000000, 0.000000, 0.000000, 1.000000
        ),
      [
        ["Task", "CBaseAITask"],
        ["Affiliation", "FRIEND"]
      ]
    ],

    [
      "NUSSR_Infantryman2_5",
      "GameObject",
      "CSovietSoldierRifleUnit",
      new Matrix(
          -0.980755, -0.195240, 0.000000, 4627.298340,
          0.195240, -0.980755, 0.000000, 3277.156738,
          0.000000, 0.000000, 1.000000, 587.613525,
          0.000000, 0.000000, 0.000000, 1.000000
        ),
      [
        ["Task", "CBaseAITask"],
        ["Affiliation", "FRIEND"]
      ]
    ],

    [
      "NUSSR_Infantryman2_6",
      "GameObject",
      "CSovietSoldierRifleUnit",
      new Matrix(
          -0.988077, -0.153960, 0.000000, 4633.042480,
          0.153960, -0.988077, 0.000000, 3278.910400,
          0.000000, 0.000000, 1.000000, 587.331299,
          0.000000, 0.000000, 0.000000, 1.000000
        ),
      [
        ["Task", "CBaseAITask"],
        ["Affiliation", "FRIEND"]
      ]
    ],

    [
      "NUSSR_Infantryman2_7",
      "GameObject",
      "CSovietSoldierRifleUnit",
      new Matrix(
          -0.988077, -0.153960, 0.000000, 4640.545898,
          0.153960, -0.988077, 0.000000, 3299.669189,
          0.000000, 0.000000, 1.000000, 587.716309,
          0.000000, 0.000000, 0.000000, 1.000000
        ),
      [
        ["Task", "CBaseAITask"],
        ["Affiliation", "FRIEND"]
      ]
    ],

    [
      "NUSSR_Infantryman2_8",
      "GameObject",
      "CSovietSoldierRifleUnit",
      new Matrix(
          -0.858267, -0.513203, 0.000000, 4636.460449,
          0.513203, -0.858267, 0.000000, 3305.848877,
          0.000000, 0.000000, 1.000000, 588.179626,
          0.000000, 0.000000, 0.000000, 1.000000
        ),
      [
        ["Task", "CBaseAITask"],
        ["Affiliation", "FRIEND"]
      ]
    ],

    [
      "NUSSR_Infantryman2_9",
      "GameObject",
      "CSovietSoldierRifleUnit",
      new Matrix(
          -0.988077, -0.153960, 0.000000, 4640.620605,
          0.153960, -0.988077, 0.000000, 3309.702881,
          0.000000, 0.000000, 1.000000, 588.169922,
          0.000000, 0.000000, 0.000000, 1.000000
        ),
      [
        ["Task", "CBaseAITask"],
        ["Affiliation", "FRIEND"]
      ]
    ],

    [
      "NP_NUSSR_Infantry2_TakeGround",
      "NavPoint",
      "CZAxisCylNavPoint",
      new Matrix(
          -0.988077, -0.153960, 0.000000, 4542.389160,
          0.153960, -0.988077, 0.000000, 3457.599854,
          0.000000, 0.000000, 1.000000, 588.656311,
          0.000000, 0.000000, 0.000000, 1.000000
        ),
      [
        ["Range", 3.000000]
      ]
    ],

    [
      "NP_NUSSR_Infantry2_Retreat",
      "NavPoint",
      "CZAxisCylNavPoint",
      new Matrix(
          -0.988077, -0.153960, 0.000000, 4700.206055,
          0.153960, -0.988077, 0.000000, 3356.937988,
          0.000000, 0.000000, 1.000000, 588.656311,
          0.000000, 0.000000, 0.000000, 1.000000
        ),
      [
        ["Range", 3.000000]
      ]
    ],

    [
      "CC1M2Gr_NGerman_Tanks1",
      "UnitGroup",
      "CC1M2Gr_NGerman_Tanks1",
      new Matrix(
          -0.200676, 0.977857, -0.059373, 4618.526855,
          -0.979136, -0.198223, 0.044715, 3986.065430,
          0.031956, 0.067107, 0.997234, 591.016174,
          0.000000, 0.000000, 0.000000, 1.000000
        ),
      [
        ["Units", ["NGerman_Tank1_1", "NGerman_Tank1_2"]],
        ["Path", ["NP_NGerman_Tanks1_PP_1", "NP_NGerman_Tanks1_PP_2"]],
        ["DelayedOrder", true],
        ["Formation", "CFrontFormation"],
        ["FormationDistance", 13],
        ["MovingSpeed", 3.500000],
        ["FirstOrder", "Patrol"],
        ["CyclePath", false]
      ]
    ],

    [
      "NGerman_Tank1_1",
      "GameObject",
      "CTankPnzIV_G_AIUnit",
      new Matrix(
          -0.200687, 0.978741, -0.042316, 4618.526855,
          -0.979128, -0.198974, 0.041444, 3986.065430,
          0.032143, 0.049750, 0.998244, 591.000000,
          0.000000, 0.000000, 0.000000, 1.000000
        ),
      [
        ["Task", "CC1M2Tsk_NGerman_Tank1"],
        ["Affiliation", "ENEMY"],
        ["Number", "w212"],
        ["HitPoints", 1000.000000],
        ["SurfaceControl", "PutonGroundLandingJoints"],
        ["Route", []],
        ["ShadowPlaneOffset", 0.050000]
      ]
    ],

    [
      "NGerman_Tank1_2",
      "GameObject",
      "CTankPnzIV_G_AIUnit",
      new Matrix(
          -0.218030, 0.974450, -0.053949, 4610.257324,
          -0.975927, -0.217998, 0.006556, 4021.293457,
          -0.005373, 0.054080, 0.998522, 589.714783,
          0.000000, 0.000000, 0.000000, 1.000000
        ),
      [
        ["Task", "CC1M2Tsk_NGerman_Tank1"],
        ["Affiliation", "ENEMY"],
        ["Number", "w213"],
        ["SurfaceControl", "PutonGroundLandingJoints"],
        ["Route", []],
        ["ShadowPlaneOffset", 0.050000]
      ]
    ],

    [
      "NP_NGerman_Tanks1_PP_1",
      "NavPoint",
      "CZAxisCylNavPoint",
      new Matrix(
          -0.767048, -0.641589, 0.000000, 4569.616699,
          0.641589, -0.767048, 0.000000, 3739.601318,
          0.000000, 0.000000, 1.000000, 591.986084,
          0.000000, 0.000000, 0.000000, 1.000000
        ),
      [
        ["Range", 3.000000]
      ]
    ],

    [
      "NP_NGerman_Tanks1_PP_2",
      "NavPoint",
      "CZAxisCylNavPoint",
      new Matrix(
          -0.767048, -0.641589, 0.000000, 4587.289063,
          0.641589, -0.767048, 0.000000, 3617.798584,
          0.000000, 0.000000, 1.000000, 591.665527,
          0.000000, 0.000000, 0.000000, 1.000000
        ),
      [
        ["Range", 3.000000]
      ]
    ],

    [
      "CC1M2Gr_NGerman_Tanks2",
      "UnitGroup",
      "CC1M2Gr_NGerman_Tanks2",
      new Matrix(
          -0.714883, 0.698567, -0.030769, 4499.566406,
          -0.698115, -0.715537, -0.025345, 3810.122559,
          -0.039722, 0.003362, 0.999205, 589.350952,
          0.000000, 0.000000, 0.000000, 1.000000
        ),
      [
        ["Units", ["NGerman_Tank2_1", "NGerman_Tank2_2"]],
        ["Path", ["NP_NGerman_Tanks2_PP_1", "NP_NGerman_Tanks2_PP_2"]],
        ["DelayedOrder", true],
        ["Formation", "CFrontFormation"],
        ["FormationDistance", 10],
        ["MovingSpeed", 3.500000],
        ["FirstOrder", "Patrol"],
        ["CyclePath", false]
      ]
    ],

    [
      "NGerman_Tank2_1",
      "GameObject",
      "CTankPnzIV_G_AIUnit",
      new Matrix(
          -0.715541, 0.698571, 0.000000, 4499.566406,
          -0.698571, -0.715541, 0.000000, 3810.122559,
          0.000000, 0.000000, 1.000000, 590.043884,
          0.000000, 0.000000, 0.000000, 1.000000
        ),
      [
        ["Task", "CBaseAITankTask"],
        ["Affiliation", "ENEMY"],
        ["Number", "w222"],
        ["SurfaceControl", "PutonGroundLandingJoints"],
        ["Route", []],
        ["ShadowPlaneOffset", 0.050000]
      ]
    ],

    [
      "NGerman_Tank2_2",
      "GameObject",
      "CTankPnzIV_G_AIUnit",
      new Matrix(
          -0.721382, 0.691804, -0.031853, 4512.525391,
          -0.692536, -0.720680, 0.031836, 3821.413330,
          -0.000932, 0.045025, 0.998985, 590.432495,
          0.000000, 0.000000, 0.000000, 1.000000
        ),
      [
        ["Task", "CBaseAITankTask"],
        ["Affiliation", "ENEMY"],
        ["Number", "w223"],
        ["SurfaceControl", "PutonGroundLandingJoints"],
        ["Route", []],
        ["ShadowPlaneOffset", 0.050000]
      ]
    ],

    [
      "NP_NGerman_Tanks2_PP_1",
      "NavPoint",
      "CZAxisCylNavPoint",
      new Matrix(
          -0.767048, -0.641589, 0.000000, 4499.764648,
          0.641589, -0.767048, 0.000000, 3602.286621,
          0.000000, 0.000000, 1.000000, 585.171326,
          0.000000, 0.000000, 0.000000, 1.000000
        ),
      [
        ["Range", 3.000000]
      ]
    ],

    [
      "NP_NGerman_Tanks2_PP_2",
      "NavPoint",
      "CZAxisCylNavPoint",
      new Matrix(
          -0.767048, -0.641589, 0.000000, 4494.362793,
          0.641589, -0.767048, 0.000000, 3315.922363,
          0.000000, 0.000000, 1.000000, 586.231934,
          0.000000, 0.000000, 0.000000, 1.000000
        ),
      [
        ["Range", 3.000000]
      ]
    ],

    [
      "NP_NGerman_Tanks_AttackVillage",
      "NavPoint",
      "CZAxisCylNavPoint",
      new Matrix(
          -0.767048, -0.641589, 0.000000, 4683.420898,
          0.641589, -0.767048, 0.000000, 3189.066895,
          0.000000, 0.000000, 1.000000, 587.786682,
          0.000000, 0.000000, 0.000000, 1.000000
        ),
      [
        ["Range", 1.000000]
      ]
    ],

    [
      "NGerman_BTR",
      "GameObject",
      "CBtrHanomag251AusfCUnit",
      new Matrix(
          -0.685652, 0.725774, -0.055974, 4603.381348,
          -0.727607, -0.685607, 0.023045, 3914.218994,
          -0.021651, 0.056528, 0.998166, 591.896423,
          0.000000, 0.000000, 0.000000, 1.000000
        ),
      [
        ["Task", "CC1M2Tsk_NGerman_BTR"],
        ["Affiliation", "ENEMY"]
      ]
    ],

    [
      "NP_NGerman_BTR_PP",
      "NavPoint",
      "CZAxisCylNavPoint",
      new Matrix(
          -0.767048, -0.641589, 0.000000, 4583.837402,
          0.641589, -0.767048, 0.000000, 3588.090088,
          0.000000, 0.000000, 1.000000, 590.562805,
          0.000000, 0.000000, 0.000000, 1.000000
        ),
      [
        ["Range", 3.000000]
      ]
    ],

    [
      "CC1M2Gr_NGerman_Infantry1",
      "UnitGroup",
      "CC1M2Gr_NGerman_Infantry1",
      new Matrix(
          -0.765160, -0.643840, 0.000000, 4631.519043,
          0.643840, -0.765160, 0.000000, 3968.956299,
          0.000000, 0.000000, 1.000000, 591.346558,
          0.000000, 0.000000, 0.000000, 1.000000
        ),
      [
        ["Units", ["NGerman_Infantryman1_1", "NGerman_Infantryman1_2", "NGerman_Infantryman1_3", "NGerman_Infantryman1_4"]],
        ["Path", ["NP_NGerman_Infantry1_PP_1", "NP_NGerman_Infantry1_PP_2"]],
        ["DelayedOrder", true],
        ["Formation", "CFrontFormation"],
        ["FormationDistance", 20],
        ["MovingSpeed", 2.700000],
        ["FirstOrder", "Patrol"],
        ["CyclePath", false]
      ]
    ],

    [
      "NGerman_Infantryman1_1",
      "GameObject",
      "CGermanSoldierRifleUnit",
      new Matrix(
          -0.765160, -0.643840, 0.000000, 4631.519043,
          0.643840, -0.765160, 0.000000, 3968.956299,
          0.000000, 0.000000, 1.000000, 591.351624,
          0.000000, 0.000000, 0.000000, 1.000000
        ),
      [
        ["Task", "CBaseAITask"],
        ["Affiliation", "ENEMY"]
      ]
    ],

    [
      "NGerman_Infantryman1_2",
      "GameObject",
      "CGermanSoldierRifleUnit",
      new Matrix(
          -0.765160, -0.643840, 0.000000, 4628.319824,
          0.643840, -0.765160, 0.000000, 3947.650146,
          0.000000, 0.000000, 1.000000, 591.768066,
          0.000000, 0.000000, 0.000000, 1.000000
        ),
      [
        ["Task", "CBaseAITask"],
        ["Affiliation", "ENEMY"]
      ]
    ],

    [
      "NGerman_Infantryman1_3",
      "GameObject",
      "CGermanSoldierRifleUnit",
      new Matrix(
          -0.765160, -0.643840, 0.000000, 4628.951660,
          0.643840, -0.765160, 0.000000, 3942.756348,
          0.000000, 0.000000, 1.000000, 591.918579,
          0.000000, 0.000000, 0.000000, 1.000000
        ),
      [
        ["Task", "CBaseAITask"],
        ["Affiliation", "ENEMY"]
      ]
    ],

    [
      "NGerman_Infantryman1_4",
      "GameObject",
      "CGermanSoldierRifleUnit",
      new Matrix(
          -0.765160, -0.643840, 0.000000, 4626.136230,
          0.643840, -0.765160, 0.000000, 3961.972168,
          0.000000, 0.000000, 1.000000, 591.321289,
          0.000000, 0.000000, 0.000000, 1.000000
        ),
      [
        ["Task", "CBaseAITask"],
        ["Affiliation", "ENEMY"]
      ]
    ],

    [
      "NP_NGerman_Infantry1_PP_1",
      "NavPoint",
      "CZAxisCylNavPoint",
      new Matrix(
          -0.767048, -0.641589, 0.000000, 4572.137207,
          0.641589, -0.767048, 0.000000, 3740.266846,
          0.000000, 0.000000, 1.000000, 591.126221,
          0.000000, 0.000000, 0.000000, 1.000000
        ),
      [
        ["Range", 1.000000]
      ]
    ],

    [
      "NP_NGerman_Infantry1_PP_2",
      "NavPoint",
      "CZAxisCylNavPoint",
      new Matrix(
          -0.767048, -0.641589, 0.000000, 4630.410156,
          0.641589, -0.767048, 0.000000, 3601.294922,
          0.000000, 0.000000, 1.000000, 587.431763,
          0.000000, 0.000000, 0.000000, 1.000000
        ),
      [
        ["Range", 1.000000]
      ]
    ],

    [
      "CC1M2Gr_NGerman_Infantry2",
      "UnitGroup",
      "CC1M2Gr_NGerman_Infantry2",
      new Matrix(
          -0.765160, -0.643840, 0.000000, 4586.468750,
          0.643840, -0.765160, 0.000000, 3952.877197,
          0.000000, 0.000000, 1.000000, 589.588562,
          0.000000, 0.000000, 0.000000, 1.000000
        ),
      [
        ["Units", ["NGerman_Infantryman2_1", "NGerman_Infantryman2_2", "NGerman_Infantryman2_3", "NGerman_Infantryman2_4"]],
        ["Path", ["NP_NGerman_Infantry2_PP_1", "NP_NGerman_Infantry2_PP_2", "NP_NGerman_Infantry2_PP_3"]],
        ["DelayedOrder", true],
        ["Formation", "CFrontFormation"],
        ["FormationDistance", 20],
        ["MovingSpeed", 2.700000],
        ["FirstOrder", "Patrol"],
        ["CyclePath", false]
      ]
    ],

    [
      "NGerman_Infantryman2_1",
      "GameObject",
      "CGermanSoldierRifleUnit",
      new Matrix(
          -0.765160, -0.643840, 0.000000, 4586.468750,
          0.643840, -0.765160, 0.000000, 3952.877197,
          0.000000, 0.000000, 1.000000, 589.588501,
          0.000000, 0.000000, 0.000000, 1.000000
        ),
      [
        ["Task", "CBaseAITask"],
        ["Affiliation", "ENEMY"]
      ]
    ],

    [
      "NGerman_Infantryman2_2",
      "GameObject",
      "CGermanSoldierRifleUnit",
      new Matrix(
          -0.765160, -0.643840, 0.000000, 4590.035156,
          0.643840, -0.765160, 0.000000, 3981.588135,
          0.000000, 0.000000, 1.000000, 589.036316,
          0.000000, 0.000000, 0.000000, 1.000000
        ),
      [
        ["Task", "CBaseAITask"],
        ["Affiliation", "ENEMY"]
      ]
    ],

    [
      "NGerman_Infantryman2_3",
      "GameObject",
      "CGermanSoldierRifleUnit",
      new Matrix(
          -0.765160, -0.643840, 0.000000, 4598.185547,
          0.643840, -0.765160, 0.000000, 3977.205322,
          0.000000, 0.000000, 1.000000, 589.488892,
          0.000000, 0.000000, 0.000000, 1.000000
        ),
      [
        ["Task", "CBaseAITask"],
        ["Affiliation", "ENEMY"]
      ]
    ],

    [
      "NGerman_Infantryman2_4",
      "GameObject",
      "CGermanSoldierRifleUnit",
      new Matrix(
          -0.765160, -0.643840, 0.000000, 4594.204102,
          0.643840, -0.765160, 0.000000, 3968.254883,
          0.000000, 0.000000, 1.000000, 589.616150,
          0.000000, 0.000000, 0.000000, 1.000000
        ),
      [
        ["Task", "CBaseAITask"],
        ["Affiliation", "ENEMY"]
      ]
    ],

    [
      "NP_NGerman_Infantry2_PP_1",
      "NavPoint",
      "CZAxisCylNavPoint",
      new Matrix(
          -0.767048, -0.641589, 0.000000, 4556.270020,
          0.641589, -0.767048, 0.000000, 3744.561768,
          0.000000, 0.000000, 1.000000, 592.766296,
          0.000000, 0.000000, 0.000000, 1.000000
        ),
      [
        ["Range", 1.000000]
      ]
    ],

    [
      "NP_NGerman_Infantry2_PP_2",
      "NavPoint",
      "CZAxisCylNavPoint",
      new Matrix(
          -0.767048, -0.641589, 0.000000, 4537.758789,
          0.641589, -0.767048, 0.000000, 3544.385742,
          0.000000, 0.000000, 1.000000, 590.447083,
          0.000000, 0.000000, 0.000000, 1.000000
        ),
      [
        ["Range", 1.000000]
      ]
    ],

    [
      "NP_NGerman_Infantry2_PP_3",
      "NavPoint",
      "CZAxisCylNavPoint",
      new Matrix(
          -0.767048, -0.641589, 0.000000, 4537.632813,
          0.641589, -0.767048, 0.000000, 3538.617188,
          0.000000, 0.000000, 1.000000, 588.996948,
          0.000000, 0.000000, 0.000000, 1.000000
        ),
      [
        ["Range", 1.000000]
      ]
    ],

    [
      "CC1M2Gr_EGerman_Tanks1",
      "UnitGroup",
      "CC1M2Gr_EGerman_Tanks1",
      new Matrix(
          -0.948896, 0.315589, -0.000039, 5499.491699,
          -0.315589, -0.948896, 0.000000, 3245.500732,
          -0.000037, 0.000012, 1.000000, 602.010010,
          0.000000, 0.000000, 0.000000, 1.000000
        ),
      [
        ["Units", ["EGerman_Tank1_1", "EGerman_Tank1_2"]],
        ["Path", ["NP_EGerman_Tanks1_PP_1", "NP_EGerman_Tanks1_PP_2", "NP_T1"]],
        ["GroupEnemyReaction", "ERT_PASSIVE"],
        ["DelayedOrder", true],
        ["Formation", "CFrontFormation"],
        ["FormationDistance", 100],
        ["MovingSpeed", 3.500000],
        ["FirstOrder", "Patrol"],
        ["CyclePath", false]
      ]
    ],

    [
      "EGerman_Tank1_1",
      "GameObject",
      "CTankPnzIV_G_AIUnit",
      new Matrix(
          -0.948896, 0.315589, -0.000013, 5499.491699,
          -0.315589, -0.948896, 0.000000, 3245.500732,
          -0.000013, 0.000004, 1.000000, 601.959229,
          0.000000, 0.000000, 0.000000, 1.000000
        ),
      [
        ["Task", "CC1M2Tsk_EGerman_Tank"],
        ["Affiliation", "ENEMY"],
        ["Number", "w232"]
      ]
    ],

    [
      "EGerman_Tank1_2",
      "GameObject",
      "CTankPnzIV_G_AIUnit",
      new Matrix(
          -0.943370, 0.327107, 0.055260, 5562.498047,
          -0.327565, -0.944828, 0.000812, 3211.025146,
          0.052477, -0.017335, 0.998472, 601.470642,
          0.000000, 0.000000, 0.000000, 1.000000
        ),
      [
        ["Task", "CC1M2Tsk_EGerman_Tank"],
        ["Affiliation", "ENEMY"],
        ["Number", "w233"]
      ]
    ],

    [
      "NP_EGerman_Tanks1_PP_1",
      "NavPoint",
      "CZAxisCylNavPoint",
      new Matrix(
          -0.767048, -0.641589, 0.000000, 5229.807129,
          0.641589, -0.767048, 0.000000, 3255.817627,
          0.000000, 0.000000, 1.000000, 601.308716,
          0.000000, 0.000000, 0.000000, 1.000000
        ),
      [
        ["Range", 3.000000]
      ]
    ],

    [
      "NP_EGerman_Tanks1_PP_2",
      "NavPoint",
      "CZAxisCylNavPoint",
      new Matrix(
          -0.767048, -0.641589, 0.000000, 5081.176270,
          0.641589, -0.767048, 0.000000, 3300.906250,
          0.000000, 0.000000, 1.000000, 598.075867,
          0.000000, 0.000000, 0.000000, 1.000000
        ),
      [
        ["Range", 3.000000]
      ]
    ],

    [
      "CC1M2Gr_EGerman_Tanks2",
      "UnitGroup",
      "CC1M2Gr_EGerman_Tanks2",
      new Matrix(
          -0.376901, 0.925434, 0.038950, 5617.772461,
          -0.925934, -0.377542, 0.010387, 3372.875488,
          0.024317, -0.032150, 0.999187, 605.939697,
          0.000000, 0.000000, 0.000000, 1.000000
        ),
      [
        ["Units", ["EGerman_Tank2_1", "EGerman_Tank2_2"]],
        ["Path", ["NP_EGerman_Tigers_PP_1", "NP_EGerman_Tanks2_TigerPoint"]],
        ["GroupEnemyReaction", "ERT_PASSIVE"],
        ["DelayedOrder", true],
        ["Formation", "CFrontFormation"],
        ["FormationDistance", 60],
        ["MovingSpeed", 6.500000],
        ["FirstOrder", "Patrol"],
        ["CyclePath", false]
      ]
    ],

    [
      "EGerman_Tank2_1",
      "GameObject",
      "CTankPzVI_E1_AI_Unit",
      new Matrix(
          -0.376923, 0.925445, 0.038475, 5617.772461,
          -0.925940, -0.377539, 0.009968, 3372.875488,
          0.023751, -0.031868, 0.999210, 605.860474,
          0.000000, 0.000000, 0.000000, 1.000000
        ),
      [
        ["Task", "CC1M2Tsk_EGerman_Tank"],
        ["Affiliation", "ENEMY"],
        ["Number", "131"],
        ["HitPoints", 1000.000000],
        ["SurfaceControl", "PutonGroundLandingJoints"],
        ["Route", []],
        ["ShadowPlaneOffset", 0.050000]
      ]
    ],

    [
      "EGerman_Tank2_2",
      "GameObject",
      "CTankPzVI_E1_AI_Unit",
      new Matrix(
          -0.748931, 0.661749, 0.034508, 5642.928711,
          -0.661841, -0.749573, 0.010331, 3305.613525,
          0.032703, -0.015102, 0.999351, 605.863831,
          0.000000, 0.000000, 0.000000, 1.000000
        ),
      [
        ["Task", "CC1M2Tsk_EGerman_Tank"],
        ["Affiliation", "ENEMY"],
        ["Number", "132"],
        ["HitPoints", 1000.000000],
        ["SurfaceControl", "PutonGroundLandingJoints"],
        ["Route", []],
        ["ShadowPlaneOffset", 0.050000]
      ]
    ],

    [
      "NP_EGerman_Tanks2_TigerPoint",
      "NavPoint",
      "CZAxisCylNavPoint",
      new Matrix(
          -0.767048, -0.641589, 0.000000, 4766.018066,
          0.641589, -0.767048, 0.000000, 3198.902344,
          0.000000, 0.000000, 1.000000, 590.156433,
          0.000000, 0.000000, 0.000000, 1.000000
        ),
      [
        ["Range", 3.000000]
      ]
    ],

    [
      "CC1M2Gr_EGerman_BTRs",
      "UnitGroup",
      "CC1M2Gr_EGerman_BTRs",
      new Matrix(
          -0.655904, 0.753093, -0.051394, 5649.379883,
          -0.753668, -0.657162, -0.011097, 3412.791016,
          -0.042132, 0.031456, 0.998617, 606.424866,
          0.000000, 0.000000, 0.000000, 1.000000
        ),
      [
        ["Units", ["EGerman_BTR_1", "EGerman_BTR_2"]],
        ["Path", ["NP_EGerman_BTR_PP_1", "NP_EGerman_BTR_PP_2", "NP_EGerman_BTR_PP_3", "NavPointKrin"]],
        ["GroupEnemyReaction", "ERT_PASSIVE"],
        ["DelayedOrder", true],
        ["Formation", "CFrontFormation"],
        ["FormationDistance", 150],
        ["MovingSpeed", 3.500000],
        ["FirstOrder", "Patrol"],
        ["CyclePath", false]
      ]
    ],

    [
      "EGerman_BTR_1",
      "GameObject",
      "CBtrHanomag251AusfCUnit",
      new Matrix(
          -0.657914, 0.752870, 0.018340, 5649.379883,
          -0.752234, -0.658131, 0.031733, 3412.791016,
          0.035961, 0.007082, 0.999328, 603.921265,
          0.000000, 0.000000, 0.000000, 1.000000
        ),
      [
        ["Task", "CC1M2Tsk_EGerman_BTR"],
        ["Affiliation", "ENEMY"]
      ]
    ],

    [
      "EGerman_BTR_2",
      "GameObject",
      "CBtrHanomag251AusfCUnit",
      new Matrix(
          -0.506954, 0.861115, -0.038461, 5690.479004,
          -0.860799, -0.508087, -0.029526, 3376.478027,
          -0.044967, 0.018139, 0.998824, 607.554321,
          0.000000, 0.000000, 0.000000, 1.000000
        ),
      [
        ["Task", "CC1M2Tsk_EGerman_BTR"],
        ["Affiliation", "ENEMY"]
      ]
    ],

    [
      "NP_EGerman_BTR_PP_1",
      "NavPoint",
      "CZAxisCylNavPoint",
      new Matrix(
          -0.767048, -0.641589, 0.000000, 5238.690430,
          0.641589, -0.767048, 0.000000, 3168.451660,
          0.000000, 0.000000, 1.000000, 606.014038,
          0.000000, 0.000000, 0.000000, 1.000000
        ),
      [
        ["Range", 3.000000]
      ]
    ],

    [
      "NP_EGerman_BTR_PP_2",
      "NavPoint",
      "CZAxisCylNavPoint",
      new Matrix(
          -0.767048, -0.641589, 0.000000, 5109.211914,
          0.641589, -0.767048, 0.000000, 3205.723145,
          0.000000, 0.000000, 1.000000, 599.718506,
          0.000000, 0.000000, 0.000000, 1.000000
        ),
      [
        ["Range", 3.000000]
      ]
    ],

    [
      "NP_EGerman_BTR_PP_3",
      "NavPoint",
      "CZAxisCylNavPoint",
      new Matrix(
          -0.767048, -0.641589, 0.000000, 4854.130859,
          0.641589, -0.767048, 0.000000, 3185.963623,
          0.000000, 0.000000, 1.000000, 592.136841,
          0.000000, 0.000000, 0.000000, 1.000000
        ),
      [
        ["Range", 3.000000]
      ]
    ],

    [
      "NP_ArtilleryPoint_1",
      "NavPoint",
      "CZAxisCylNavPoint",
      new Matrix(
          -0.767048, -0.641589, 0.000000, 4640.678711,
          0.641589, -0.767048, 0.000000, 3419.863770,
          0.000000, 0.000000, 1.000000, 603.274658,
          0.000000, 0.000000, 0.000000, 1.000000
        ),
      [
        ["Range", 1.000000],
        ["PositionType", "Ground"]
      ]
    ],

    [
      "NP_ArtilleryPoint_2",
      "NavPoint",
      "CZAxisCylNavPoint",
      new Matrix(
          -0.767048, -0.641589, 0.000000, 4651.491699,
          0.641589, -0.767048, 0.000000, 3401.910400,
          0.000000, 0.000000, 1.000000, 587.303650,
          0.000000, 0.000000, 0.000000, 1.000000
        ),
      [
        ["Range", 1.000000],
        ["PositionType", "Ground"]
      ]
    ],

    [
      "NP_ArtilleryPoint_3",
      "NavPoint",
      "CZAxisCylNavPoint",
      new Matrix(
          -0.767048, -0.641589, 0.000000, 4641.304688,
          0.641589, -0.767048, 0.000000, 3384.619629,
          0.000000, 0.000000, 1.000000, 587.308838,
          0.000000, 0.000000, 0.000000, 1.000000
        ),
      [
        ["Range", 1.000000],
        ["PositionType", "Ground"]
      ]
    ],

    [
      "Village",
      "ObjectsGroup",
      "CObjectsGroup",
      new Matrix(
          0.841173, 0.540767, 0.000000, 4689.604492,
          -0.540767, 0.841173, 0.000000, 3129.253174,
          0.000000, 0.000000, 1.000000, 590.558960,
          0.000000, 0.000000, 0.000000, 1.000000
        ),
      [
        ["Contents", ["AdministrativeBuilding", "Village_Group1", "Village_Group2", "Village_Group3", "Village_Group4", "Village_Group6", "Village_Group7", "Village_Group8", "Village_Group9", "Village_Micro", "Village_Shed", "Village_Well1"]]
      ]
    ],

    [
      "NavPointKrin",
      "NavPoint",
      "CZAxisCylNavPoint",
      new Matrix(
          -0.531176, 0.847262, 0.000000, 4690.286621,
          -0.847262, -0.531176, 0.000000, 3154.692139,
          0.000000, 0.000000, 1.000000, 586.889160,
          0.000000, 0.000000, 0.000000, 1.000000
        ),
      [
        ["Range", 7.000000],
        ["IsVisible", true],
        ["IsMain", true],
        ["Name", "CC1M2Mission_Strings::str_NavPointKrin"]
      ]
    ],

    [
      "Village_Micro",
      "Locator",
      "CTerrainPatch",
      new Matrix(
          -0.531176, 0.847262, 0.000000, 4690.286621,
          -0.847262, -0.531176, 0.000000, 3154.692139,
          0.000000, 0.000000, 1.000000, 586.889160,
          0.000000, 0.000000, 0.000000, 1.000000
        ),
      [
        ["Dimensions", new Vector(160.000000, 160.000000, 5.914368)],
        ["TextureName", "Textures/C1M1_Populated01_micro.tex"],
        ["ZoneName", "Textures/C1M1_Populated01_zone.bmp"],
        ["BorderSize", 140.000000],
        ["MaterialID", "Field"]
      ]
    ],

    [
      "AdministrativeBuilding",
      "InteriorObject",
      "CUSRHouseWoodUnit",
      new Matrix(
          0.842008, 0.539419, 0.007101, 4703.979004,
