//-------------------------------------------------------------------
//                                                                   
//  This code is copyright 2001 by G5 Software.                      
//  Any unauthorized usage, either in part or in whole of this code  
//  is strictly prohibited. Violators WILL be prosecuted to the      
//  maximum extent allowed by law.                                   
//                                                                   
//-------------------------------------------------------------------
//                                                                   
//  Automatically-generated mission script file                      
//  DO NOT EDIT!                                                     
//                                                                   
//-------------------------------------------------------------------


class DM5Content
{
  static String m_ObjectListClassFile = "Missions/Missions/DM5Mission/Content.script";
  static String m_ObjectListClassName = "DM5Content";

  static Array  m_MissionObjectList   = [
    [
      "Atmosphere",
      "",
      "",
      new Matrix(
          1.000000, 0.000000, 0.000000, 0.000000,
          0.000000, 1.000000, 0.000000, 0.000000,
          0.000000, 0.000000, 1.000000, 0.000000,
          0.000000, 0.000000, 0.000000, 1.000000
        ),
      [
        ["AmbientLight", new Color(0.156863, 0.203922, 0.243137, 1.000000)],
        ["AntiSunAngle", 10.000000],
        ["AntiSunColor", new Color(0.584314, 0.584314, 0.784314, 1.000000)],
        ["AntiSunEnabled", true],
        ["AntiSunIntensity", 0.300000],
        ["EnableHorizontAdjustment", true],
        ["FogColorXPos", new Color(0.917647, 0.905882, 0.858824, 1.000000)],
        ["FogColorXNeg", new Color(0.549020, 0.619608, 0.568627, 1.000000)],
        ["FogColorYPos", new Color(0.658824, 0.701961, 0.701961, 1.000000)],
        ["FogColorYNeg", new Color(0.721569, 0.772549, 0.772549, 1.000000)],
        ["FogDensity", 0.001300],
        ["FogNear", 1.000000],
        ["FogFar", 3000.000000],
        ["FogFarMax", 3000.000000],
        ["FogMode", "Exp"],
        ["ShadowFar", 1100.000000],
        ["ShadowColor", new Color(0.403922, 0.494118, 0.545098, 1.000000)],
        ["SunColor", new Color(0.988235, 0.937255, 0.780392, 1.000000)],
        ["SunDirection", new Vector(-0.990000, 0.670000, -0.350000)],
        ["SunIntensity", 0.800000],
        ["TreeShadowLodDistance", 35.000000],
        ["AntiSunHorAngle", 105.000000],
        ["StencilShadowColor", new Color(0.403922, 0.494118, 0.545098, 1.000000)],
        ["TreeLightKoef", 0.600000],
        ["SunShines", 0.100000]
      ]
    ],

    [
      "Terrain",
      "",
      "",
      new Matrix(
          1.000000, 0.000000, 0.000000, 0.000000,
          0.000000, 1.000000, 0.000000, 0.000000,
          0.000000, 0.000000, 1.000000, 0.000000,
          0.000000, 0.000000, 0.000000, 1.000000
        ),
      [
        ["ForestTextureScale", 0.500000],
        ["ForestShadowBorderScale", 0.400000],
        ["ForestShadowAlphaScale", 0.500000],
        ["ForestBeginFadeDist", [250.000000, 480.000000]],
        ["IsAntiLighting", true],
        ["TerrainShadowPower", 3.000000],
        ["VertForestDistMin", 800.000000],
        ["VertForestDistMax", 8000.000000],
        ["VertForestAngleMin", 0.000000],
        ["VertForestAngleMax", 45.000000],
        ["VertForestBeginFadeDist", [250.000000, 410.000000]],
        ["WaterBorderColor", new Color(0.556863, 0.521569, 0.443137, 1.000000)]
      ]
    ],

    [
      "Village",
      "ObjectsGroup",
      "CObjectsGroup",
      new Matrix(
          0.841173, 0.540767, 0.000000, 4689.604492,
          -0.540767, 0.841173, 0.000000, 3129.253174,
          0.000000, 0.000000, 1.000000, 590.559021,
          0.000000, 0.000000, 0.000000, 1.000000
        ),
      [
        ["Contents", ["AdministrativeBuilding", "Village_Group1", "Village_Group2", "Village_Group3", "Village_Group4", "Village_Group6", "Village_Group7", "Village_Group8", "Village_Group9", "Village_Micro", "Village_Shed", "Village_Well1"]]
      ]
    ],

    [
      "NavPointKrin",
      "NavPoint",
      "CZAxisCylNavPoint",
      new Matrix(
          -0.531176, 0.847262, 0.000000, 4690.286621,
          -0.847262, -0.531176, 0.000000, 3154.692139,
          0.000000, 0.000000, 1.000000, 586.889160,
          0.000000, 0.000000, 0.000000, 1.000000
        ),
      [
        ["Range", 7.000000],
        ["IsVisible", true],
        ["IsMain", true],
        ["Name", "CC1M2Mission_Strings::str_NavPointKrin"]
      ]
    ],

    [
      "Village_Micro",
      "Locator",
      "CTerrainPatch",
      new Matrix(
          -0.531176, 0.847262, 0.000000, 4690.286621,
          -0.847262, -0.531176, 0.000000, 3154.692139,
          0.000000, 0.000000, 1.000000, 586.889160,
          0.000000, 0.000000, 0.000000, 1.000000
        ),
      [
        ["Dimensions", new Vector(160.000000, 160.000000, 5.914368)],
        ["TextureName", "Textures/C1M1_Populated01_micro.tex"],
        ["ZoneName", "Textures/C1M1_Populated01_zone.bmp"],
        ["BorderSize", 40.000000]
      ]
    ],

    [
      "AdministrativeBuilding",
      "InteriorObject",
      "CUSRHouseWoodUnit",
      new Matrix(
          0.842008, 0.539419, 0.007095, 4703.979004,
          -0.539365, 0.841524, 0.030390, 3163.054932,
          0.010422, -0.029416, 0.999513, 586.579529,
          0.000000, 0.000000, 0.000000, 1.000000
        ),
      [
        ["SurfaceControl", "PutonGround"]
      ]
    ],

    [
      "Village_Shed",
      "InteriorObject",
      "CUSRShedWoodUnit",
      new Matrix(
          0.529205, -0.847077, -0.049007, 4776.969238,
          0.848477, 0.527949, 0.036822, 3124.872314,
          -0.005318, -0.061068, 0.998119, 589.442627,
          0.000000, 0.000000, 0.000000, 1.000000
        ),
      [
        ["SurfaceControl", "None"]
      ]
    ],

    [
      "Village_Well1",
      "ObjectsGroup",
      "CObjectsGroup",
      new Matrix(
          0.841173, 0.540767, 0.000000, 4705.764648,
          -0.540767, 0.841173, 0.000000, 3176.486084,
          0.000000, 0.000000, 1.000000, 589.830017,
          0.000000, 0.000000, 0.000000, 1.000000
        ),
      [
        ["Contents", ["Village_Well1_1", "Village_Well1_2"]]
      ]
    ],

    [
      "Village_Well1_1",
      "InteriorObject",
      "CWaterWell_1Unit",
      new Matrix(
          -0.983374, 0.181589, 0.000000, 4703.536621,
          -0.181589, -0.983374, 0.000000, 3176.077637,
          0.000000, 0.000000, 1.000000, 586.273071,
          0.000000, 0.000000, 0.000000, 1.000000
        ),
      [
      ]
    ],

    [
      "Village_Well1_2",
      "InteriorObject",
      "CWaterWell_2Unit",
      new Matrix(
          0.986971, -0.160658, 0.008803, 4703.796875,
          0.160458, 0.986840, 0.019980, 3176.202881,
          -0.011897, -0.018307, 0.999762, 586.271240,
          0.000000, 0.000000, 0.000000, 1.000000
        ),
      [
        ["SurfaceControl", "PutonGround"]
      ]
    ],

    [
      "Village_Group1",
      "ObjectsGroup",
      "CObjectsGroup",
      new Matrix(
          0.841173, 0.540767, 0.000000, 4615.926758,
          -0.540767, 0.841173, 0.000000, 3131.476563,
          0.000000, 0.000000, 1.000000, 591.776917,
          0.000000, 0.000000, 0.000000, 1.000000
        ),
      [
        ["Contents", ["Village_FensesGroup1", "Village_House_1", "Village_Shed_1"]]
      ]
    ],

    [
      "Village_House_1",
      "InteriorObject",
      "CUSRHouseWoodUnit",
      new Matrix(
          -0.503854, 0.863789, 0.000000, 4615.081543,
          -0.863789, -0.503854, 0.000000, 3119.820801,
          0.000000, 0.000000, 1.000000, 590.454712,
          0.000000, 0.000000, 0.000000, 1.000000
        ),
      [
        ["SurfaceControl", "None"]
      ]
    ],

    [
      "Village_Shed_1",
      "InteriorObject",
      "CUSRShedWoodUnit",
      new Matrix(
          0.892741, 0.450571, 0.000000, 4612.496094,
          -0.450571, 0.892741, 0.000000, 3145.685547,
          0.000000, 0.000000, 1.000000, 588.801636,
          0.000000, 0.000000, 0.000000, 1.000000
        ),
      [
        ["SurfaceControl", "None"]
      ]
    ],

    [
      "Village_FensesGroup1",
      "ObjectsGroup",
      "CObjectsGroup",
      new Matrix(
          0.841173, 0.540767, 0.000000, 4616.779785,
          -0.540767, 0.841173, 0.000000, 3131.439209,
          0.000000, 0.000000, 1.000000, 590.191162,
          0.000000, 0.000000, 0.000000, 1.000000
        ),
      [
        ["Contents", ["FensesGroup1_1", "FensesGroup1_2", "FensesGroup1_3", "FensesGroup1_4", "FensesGroup1_5", "FensesGroup1_6"]]
      ]
    ],

    [
      "FensesGroup1_1",
      "InteriorObject",
      "CFenceWickerUnit",
      new Matrix(
          0.843273, 0.537260, 0.015581, 4617.975098,
          -0.537472, 0.842686, 0.031676, 3116.272705,
          0.003888, -0.035085, 0.999377, 590.512756,
          0.000000, 0.000000, 0.000000, 1.000000
        ),
      [
        ["SurfaceControl", "PutonGround"],
        ["Length", 3]
      ]
    ],

    [
      "FensesGroup1_2",
      "InteriorObject",
      "CFenceWickerUnit",
      new Matrix(
          -0.834296, -0.551085, 0.015983, 4610.829102,
          0.551298, -0.833678, 0.032410, 3118.919189,
          -0.004536, 0.035851, 0.999347, 590.543640,
          0.000000, 0.000000, 0.000000, 1.000000
        ),
      [
        ["Length", 3],
        ["SurfaceControl", "PutonGround"]
      ]
    ],

    [
      "FensesGroup1_3",
      "InteriorObject",
      "CFenceWickerUnit",
      new Matrix(
          0.557426, -0.829722, 0.028940, 4622.934082,
          0.828225, 0.558163, 0.049981, 3113.045898,
          -0.057624, -0.003892, 0.998331, 590.531982,
          0.000000, 0.000000, 0.000000, 1.000000
        ),
      [
        ["SurfaceControl", "PutonGround"],
        ["Length", 8]
      ]
    ],

    [
      "FensesGroup1_4",
      "InteriorObject",
      "CFenceWickerUnit",
      new Matrix(
          0.519426, -0.854246, 0.021472, 4596.924316,
          0.852222, 0.519708, 0.060170, 3128.279785,
          -0.062559, -0.012955, 0.997957, 590.324890,
          0.000000, 0.000000, 0.000000, 1.000000
        ),
      [
        ["SurfaceControl", "PutonGround"],
        ["Length", 10]
      ]
    ],

    [
      "FensesGroup1_5",
      "InteriorObject",
      "CFenceWickerUnit",
      new Matrix(
          -0.840496, -0.541818, -0.000387, 4603.632324,
          0.541537, -0.840081, 0.031645, 3123.903320,
          -0.017471, 0.026388, 0.999499, 590.470337,
          0.000000, 0.000000, 0.000000, 1.000000
        ),
      [
        ["SurfaceControl", "PutonGround"],
        ["Length", 4]
      ]
    ],

    [
      "FensesGroup1_6",
      "InteriorObject",
      "CFenceWickerUnit",
      new Matrix(
          -0.868506, -0.493929, 0.041619, 4637.092285,
          0.495657, -0.864616, 0.082232, 3134.688721,
          -0.004633, 0.092048, 0.995744, 588.621155,
          0.000000, 0.000000, 0.000000, 1.000000
        ),
      [
        ["SurfaceControl", "PutonGround"],
        ["Length", 11]
      ]
    ],

    [
      "Village_Group2",
      "ObjectsGroup",
      "CObjectsGroup",
      new Matrix(
          -0.526331, 0.850280, 0.000000, 4641.982910,
          -0.850280, -0.526331, 0.000000, 3119.916016,
          0.000000, 0.000000, 1.000000, 591.255920,
          0.000000, 0.000000, 0.000000, 1.000000
        ),
      [
        ["Contents", ["Village_Corral_2", "Village_FensesGroup2"]]
      ]
    ],

    [
      "Village_Corral_2",
      "InteriorObject",
      "CUSRCorralWoodUnit",
      new Matrix(
          0.829487, 0.558526, 0.000000, 4629.240234,
          -0.558526, 0.829487, 0.000000, 3113.861572,
          0.000000, 0.000000, 1.000000, 590.455261,
          0.000000, 0.000000, 0.000000, 1.000000
        ),
      [
      ]
    ],

    [
      "Village_FensesGroup2",
      "ObjectsGroup",
      "CObjectsGroup",
      new Matrix(
          -0.526331, 0.850280, 0.000000, 4642.099121,
          -0.850280, -0.526331, 0.000000, 3120.103027,
          0.000000, 0.000000, 1.000000, 589.989380,
          0.000000, 0.000000, 0.000000, 1.000000
        ),
      [
        ["Contents", ["FensesGroup2_1", "FensesGroup2_2", "FensesGroup2_3", "FensesGroup2_4"]]
      ]
    ],

    [
      "FensesGroup2_1",
      "InteriorObject",
      "CFenceWickerUnit",
      new Matrix(
          0.843465, 0.536955, 0.015698, 4630.335449,
          -0.537171, 0.842868, 0.031958, 3108.298340,
          0.003929, -0.035388, 0.999366, 590.639832,
          0.000000, 0.000000, 0.000000, 1.000000
        ),
      [
        ["SurfaceControl", "PutonGround"],
        ["Length", 3]
      ]
    ],

    [
      "FensesGroup2_2",
      "InteriorObject",
      "CFenceWickerUnit",
      new Matrix(
          0.559426, -0.828197, 0.033641, 4643.634277,
          0.825655, 0.560367, 0.065442, 3100.792725,
          -0.073050, -0.008834, 0.997289, 590.654541,
          0.000000, 0.000000, 0.000000, 1.000000
        ),
      [
        ["SurfaceControl", "PutonGround"],
        ["Length", 16]
      ]
    ],

    [
      "FensesGroup2_3",
      "InteriorObject",
      "CFenceWickerUnit",
      new Matrix(
          -0.861804, -0.507241, 0.000000, 4661.211914,
          0.507241, -0.861804, 0.000000, 3127.421143,
          0.000000, 0.000000, 1.000000, 588.324341,
          0.000000, 0.000000, 0.000000, 1.000000
        ),
      [
        ["SurfaceControl", "None"],
        ["Length", 12]
      ]
    ],

    [
      "FensesGroup2_4",
      "InteriorObject",
      "CFenceWickerUnit",
      new Matrix(
          -0.580197, 0.813408, 0.041691, 4640.445801,
          -0.809095, -0.581483, 0.085108, 3139.671875,
          0.093470, 0.015648, 0.995499, 588.097961,
          0.000000, 0.000000, 0.000000, 1.000000
        ),
      [
        ["SurfaceControl", "PutonGround"],
        ["Length", 8]
      ]
    ],

    [
      "Village_Group3",
      "ObjectsGroup",
      "CObjectsGroup",
      new Matrix(
          0.655267, -0.755397, 0.000000, 4644.446289,
          0.755397, 0.655267, 0.000000, 3170.690674,
          0.000000, 0.000000, 1.000000, 588.931885,
          0.000000, 0.000000, 0.000000, 1.000000
        ),
      [
        ["Contents", ["Village_FensesGroup3", "Village_House_3", "Village_Shed_3"]]
      ]
    ],

    [
      "Village_House_3",
      "InteriorObject",
      "CUSRHouseWoodUnit",
      new Matrix(
          0.624988, -0.780453, 0.016812, 4643.399902,
          0.780230, 0.625213, 0.018712, 3180.790527,
          -0.025114, 0.001422, 0.999683, 586.739868,
          0.000000, 0.000000, 0.000000, 1.000000
        ),
      [
        ["SurfaceControl", "None"]
      ]
    ],

    [
      "Village_Shed_3",
      "InteriorObject",
      "CUSRShedWoodUnit",
      new Matrix(
          -0.720383, -0.693461, 0.012652, 4640.565430,
          0.693465, -0.719820, 0.031051, 3159.395996,
          -0.012425, 0.031142, 0.999438, 587.300415,
          0.000000, 0.000000, 0.000000, 1.000000
        ),
      [
        ["SurfaceControl", "None"]
      ]
    ],

    [
      "Village_FensesGroup3",
      "ObjectsGroup",
      "CObjectsGroup",
      new Matrix(
          0.655267, -0.755397, 0.000000, 4644.823242,
          0.755397, 0.655267, 0.000000, 3170.363770,
          0.000000, 0.000000, 1.000000, 587.596741,
          0.000000, 0.000000, 0.000000, 1.000000
        ),
      [
        ["Contents", ["FensesGroup3_1", "FensesGroup3_2", "FensesGroup3_3", "FensesGroup3_4", "FensesGroup3_5", "FensesGroup3_6"]]
      ]
    ],

    [
      "FensesGroup3_1",
      "InteriorObject",
      "CFenceWickerUnit",
      new Matrix(
          0.656393, -0.754352, 0.010113, 4626.302734,
          0.754164, 0.656460, 0.017235, 3166.901611,
          -0.019640, -0.003686, 0.999800, 587.084900,
          0.000000, 0.000000, 0.000000, 1.000000
        ),
      [
        ["SurfaceControl", "PutonGround"],
        ["Length", 9]
      ]
    ],

    [
      "FensesGroup3_2",
      "InteriorObject",
      "CFenceWickerUnit",
      new Matrix(
          -0.782373, -0.622610, 0.015784, 4652.537598,
          0.622806, -0.782209, 0.016168, 3177.678711,
          0.002280, 0.022480, 0.999745, 586.544189,
          0.000000, 0.000000, 0.000000, 1.000000
        ),
      [
        ["Length", 3],
        ["SurfaceControl", "PutonGround"]
      ]
    ],

    [
      "FensesGroup3_3",
      "InteriorObject",
      "CFenceWickerUnit",
      new Matrix(
          0.695586, -0.718349, 0.011562, 4653.727539,
          0.717878, 0.695588, 0.028445, 3163.959229,
          -0.028475, -0.011486, 0.999529, 586.949890,
          0.000000, 0.000000, 0.000000, 1.000000
        ),
      [
        ["SurfaceControl", "PutonGround"],
        ["Length", 7]
      ]
    ],

    [
      "FensesGroup3_4",
      "InteriorObject",
      "CFenceWickerUnit",
      new Matrix(
          -0.790978, -0.611802, 0.007231, 4660.669434,
          0.611688, -0.790453, 0.031973, 3171.136719,
          -0.013845, 0.029713, 0.999462, 586.655823,
          0.000000, 0.000000, 0.000000, 1.000000
        ),
      [
        ["Length", 3],
        ["SurfaceControl", "PutonGround"]
      ]
    ],

    [
      "FensesGroup3_5",
      "InteriorObject",
      "CFenceWickerUnit",
      new Matrix(
          0.695058, -0.718773, 0.016112, 4642.698242,
          0.718347, 0.695217, 0.025495, 3152.386475,
          -0.029527, -0.006147, 0.999545, 587.427063,
          0.000000, 0.000000, 0.000000, 1.000000
        ),
      [
        ["SurfaceControl", "PutonGround"],
        ["Length", 8]
      ]
    ],

    [
      "FensesGroup3_6",
      "InteriorObject",
      "CFenceWickerUnit",
      new Matrix(
          0.750662, 0.660603, 0.010508, 4626.484375,
          -0.660489, 0.749955, 0.036349, 3167.030518,
          0.016132, -0.034226, 0.999284, 587.073486,
          0.000000, 0.000000, 0.000000, 1.000000
        ),
      [
        ["SurfaceControl", "PutonGround"],
        ["Length", 11]
      ]
    ],

    [
      "Village_Group4",
      "ObjectsGroup",
      "CObjectsGroup",
      new Matrix(
          -0.775474, -0.631380, 0.000000, 4663.839355,
          0.631380, -0.775474, 0.000000, 3158.238525,
          0.000000, 0.000000, 1.000000, 589.020447,
          0.000000, 0.000000, 0.000000, 1.000000
        ),
      [
        ["Contents", ["Village_FensesGroup4", "Village_House_4", "Village_Shed_4"]]
      ]
    ],

    [
      "Village_House_4",
      "InteriorObject",
      "CUSRHouseWoodUnit",
      new Matrix(
          -0.648445, 0.761239, 0.005842, 4672.929688,
          -0.760983, -0.648396, 0.022058, 3159.856445,
          0.020579, 0.009858, 0.999740, 586.862244,
          0.000000, 0.000000, 0.000000, 1.000000
        ),
      [
        ["SurfaceControl", "None"]
      ]
    ],

    [
      "Village_Shed_4",
      "InteriorObject",
      "CUSRShedWoodUnit",
      new Matrix(
          0.674131, -0.738531, 0.010947, 4662.200684,
          0.738115, 0.674147, 0.026667, 3167.329102,
          -0.027074, -0.009897, 0.999584, 586.752869,
          0.000000, 0.000000, 0.000000, 1.000000
        ),
      [
        ["SurfaceControl", "None"]
      ]
    ],

    [
      "Village_FensesGroup4",
      "ObjectsGroup",
      "CObjectsGroup",
      new Matrix(
          -0.775474, -0.631380, 0.000000, 4663.839844,
          0.631380, -0.775474, 0.000000, 3158.238525,
          0.000000, 0.000000, 1.000000, 587.736328,
          0.000000, 0.000000, 0.000000, 1.000000
        ),
      [
        ["Contents", ["FensesGroup4_1", "FensesGroup4_2", "FensesGroup4_3", "FensesGroup4_4"]]
      ]
    ],

    [
      "FensesGroup4_1",
      "InteriorObject",
      "CFenceWickerUnit",
      new Matrix(
          -0.782664, -0.622386, 0.008486, 4669.591797,
          0.622310, -0.782141, 0.031378, 3169.020264,
          -0.012892, 0.029839, 0.999472, 586.653564,
          0.000000, 0.000000, 0.000000, 1.000000
        ),
      [
        ["Length", 4],
        ["SurfaceControl", "PutonGround"]
      ]
    ],

    [
      "FensesGroup4_2",
      "InteriorObject",
      "CFenceWickerUnit",
      new Matrix(
          0.761140, 0.648560, 0.005930, 4647.345215,
          -0.648365, 0.760608, 0.033160, 3157.254883,
          0.016996, -0.029084, 0.999433, 587.192505,
          0.000000, 0.000000, 0.000000, 1.000000
        ),
      [
        ["SurfaceControl", "PutonGround"],
        ["Length", 12]
      ]
    ],

    [
      "FensesGroup4_3",
      "InteriorObject",
      "CFenceWickerUnit",
      new Matrix(
          0.644416, -0.764659, 0.004994, 4665.304688,
          0.763982, 0.644096, 0.038362, 3141.482666,
          -0.032551, -0.020906, 0.999251, 587.592651,
          0.000000, 0.000000, 0.000000, 1.000000
        ),
      [
        ["SurfaceControl", "PutonGround"],
        ["Length", 12]
      ]
    ],

    [
      "FensesGroup4_4",
      "InteriorObject",
      "CFenceWickerUnit",
      new Matrix(
          -0.769645, -0.638358, 0.012063, 4680.419922,
          0.638412, -0.769175, 0.028277, 3160.112549,
          -0.008772, 0.029465, 0.999527, 586.797485,
          0.000000, 0.000000, 0.000000, 1.000000
        ),
      [
        ["Length", 5],
        ["SurfaceControl", "PutonGround"]
      ]
    ],

    [
      "Village_Group6",
      "ObjectsGroup",
      "CObjectsGroup",
      new Matrix(
          0.816739, 0.577008, 0.000000, 4748.981934,
          -0.577008, 0.816739, 0.000000, 3137.480225,
          0.000000, 0.000000, 1.000000, 589.402893,
          0.000000, 0.000000, 0.000000, 1.000000
        ),
      [
        ["Contents", ["Village_FensesGroup6", "Village_Shed_6"]]
      ]
    ],

    [
      "Village_Shed_6",
      "InteriorObject",
      "CUSRShedWoodUnit",
      new Matrix(
          0.822149, 0.569272, 0.000000, 4759.464844,
          -0.569272, 0.822149, 0.000000, 3140.759033,
          0.000000, 0.000000, 1.000000, 588.276733,
          0.000000, 0.000000, 0.000000, 1.000000
        ),
      [
        ["SurfaceControl", "None"]
      ]
    ],

    [
      "Village_FensesGroup6",
      "ObjectsGroup",
      "CObjectsGroup",
      new Matrix(
          0.816739, 0.577008, 0.000000, 4748.813965,
          -0.577008, 0.816739, 0.000000, 3137.241943,
          0.000000, 0.000000, 1.000000, 588.859436,
          0.000000, 0.000000, 0.000000, 1.000000
        ),
      [
        ["Contents", ["FensesGroup6_2", "FensesGroup6_3", "FensesGroup6_4"]]
      ]
    ],

    [
      "FensesGroup6_2",
      "InteriorObject",
      "CFenceWickerUnit",
      new Matrix(
          0.816959, 0.576267, -0.022227, 4747.220215,
          -0.574944, 0.816874, 0.046434, 3124.213379,
          0.044915, -0.025155, 0.998674, 588.312256,
          0.000000, 0.000000, 0.000000, 1.000000
        ),
      [
        ["SurfaceControl", "PutonGround"],
        ["Length", 3]
      ]
    ],

    [
      "FensesGroup6_3",
      "InteriorObject",
      "CFenceWickerUnit",
      new Matrix(
          0.562792, -0.825416, -0.044207, 4751.916016,
          0.826529, 0.561246, 0.043043, 3120.615479,
          -0.010718, -0.060762, 0.998095, 588.575684,
          0.000000, 0.000000, 0.000000, 1.000000
        ),
      [
        ["SurfaceControl", "PutonGround"],
        ["Length", 9]
      ]
    ],

    [
      "FensesGroup6_4",
      "InteriorObject",
      "CFenceWickerUnit",
      new Matrix(
          -0.838696, -0.543817, -0.029205, 4757.036133,
          0.542636, -0.839019, 0.039923, 3145.802490,
          -0.046214, 0.017636, 0.998776, 587.919800,
          0.000000, 0.000000, 0.000000, 1.000000
        ),
      [
        ["SurfaceControl", "PutonGround"],
        ["Length", 7]
      ]
    ],

    [
      "Village_Group7",
      "ObjectsGroup",
      "CObjectsGroup",
      new Matrix(
          0.582300, -0.812974, 0.000000, 4707.006348,
          0.812974, 0.582300, 0.000000, 3125.833984,
          0.000000, 0.000000, 1.000000, 589.748596,
          0.000000, 0.000000, 0.000000, 1.000000
        ),
      [
        ["Contents", ["Village_FensesGroup7", "Village_House_7"]]
      ]
    ],

    [
      "Village_House_7",
      "InteriorObject",
      "CUSRHouseWoodUnit",
      new Matrix(
          0.581052, -0.813807, 0.009790, 4697.907227,
          0.813275, 0.581047, 0.031119, 3141.602051,
          -0.031014, -0.010119, 0.999468, 587.652466,
          0.000000, 0.000000, 0.000000, 1.000000
        ),
      [
        ["SurfaceControl", "None"]
      ]
    ],

    [
      "Village_FensesGroup7",
      "ObjectsGroup",
      "CObjectsGroup",
      new Matrix(
          0.582300, -0.812974, 0.000000, 4707.006836,
          0.812974, 0.582300, 0.000000, 3125.834229,
          0.000000, 0.000000, 1.000000, 588.272827,
          0.000000, 0.000000, 0.000000, 1.000000
        ),
      [
        ["Contents", ["FensesGroup7_1", "FensesGroup7_2", "FensesGroup7_3", "FensesGroup7_4", "FensesGroup7_5", "FensesGroup7_6"]]
      ]
    ],

    [
      "FensesGroup7_1",
      "InteriorObject",
      "CFenceWickerUnit",
      new Matrix(
          0.591399, -0.806331, 0.008798, 4682.136719,
          0.805715, 0.591319, 0.034138, 3128.850098,
          -0.032729, -0.013100, 0.999379, 587.825745,
          0.000000, 0.000000, 0.000000, 1.000000
        ),
      [
        ["SurfaceControl", "PutonGround"],
        ["Length", 12]
      ]
    ],

    [
      "FensesGroup7_2",
      "InteriorObject",
      "CFenceWickerUnit",
      new Matrix(
          -0.823059, -0.567955, -0.000138, 4704.364258,
          0.567663, -0.822644, 0.031866, 3142.656494,
          -0.018212, 0.026149, 0.999492, 587.212646,
          0.000000, 0.000000, 0.000000, 1.000000
        ),
      [
        ["SurfaceControl", "PutonGround"],
        ["Length", 5]
      ]
    ],

    [
      "FensesGroup7_3",
      "InteriorObject",
      "CFenceWickerUnit",
      new Matrix(
          -0.824736, -0.565504, 0.003812, 4720.538086,
          0.565238, -0.824098, 0.036988, 3131.051514,
          -0.017775, 0.032660, 0.999308, 587.595642,
          0.000000, 0.000000, 0.000000, 1.000000
        ),
      [
        ["SurfaceControl", "PutonGround"],
        ["Length", 8]
      ]
    ],

    [
      "FensesGroup7_4",
      "InteriorObject",
      "CFenceWickerUnit",
      new Matrix(
          -0.821133, -0.570734, 0.001934, 4696.754395,
          0.570550, -0.820772, 0.028395, 3118.518066,
          -0.014619, 0.024419, 0.999595, 588.096863,
          0.000000, 0.000000, 0.000000, 1.000000
        ),
      [
        ["SurfaceControl", "PutonGround"],
        ["Length", 9]
      ]
    ],

    [
      "FensesGroup7_5",
      "InteriorObject",
      "CFenceWickerUnit",
      new Matrix(
          -0.559425, 0.828858, 0.006217, 4712.016602,
          -0.828330, -0.559311, 0.032260, 3137.169922,
          0.030216, 0.012898, 0.999460, 587.388550,
          0.000000, 0.000000, 0.000000, 1.000000
        ),
      [
        ["SurfaceControl", "PutonGround"],
        ["Length", 12]
      ]
    ],

    [
      "FensesGroup7_6",
      "InteriorObject",
      "CFenceWickerUnit",
      new Matrix(
          0.816355, 0.577541, 0.003372, 4698.629395,
          -0.577242, 0.815715, 0.037413, 3117.444336,
          0.018857, -0.032489, 0.999294, 588.112061,
          0.000000, 0.000000, 0.000000, 1.000000
        ),
      [
        ["SurfaceControl", "PutonGround"],
        ["Length", 12]
      ]
    ],

    [
      "Village_Group8",
      "ObjectsGroup",
      "CObjectsGroup",
      new Matrix(
          -0.823523, -0.567282, 0.000000, 4717.594238,
          0.567282, -0.823523, 0.000000, 3113.812012,
          0.000000, 0.000000, 1.000000, 589.983887,
          0.000000, 0.000000, 0.000000, 1.000000
        ),
      [
        ["Contents", ["Village_Corral_8", "Village_FensesGroup8"]]
      ]
    ],

    [
      "Village_Corral_8",
      "InteriorObject",
      "CUSRCorralWoodUnit",
      new Matrix(
          0.824187, 0.566318, 0.000000, 4712.645996,
          -0.566318, 0.824187, 0.000000, 3130.060303,
          0.000000, 0.000000, 1.000000, 588.007935,
          0.000000, 0.000000, 0.000000, 1.000000
        ),
      [
        ["SurfaceControl", "None"]
      ]
    ],

    [
      "Village_FensesGroup8",
      "ObjectsGroup",
      "CObjectsGroup",
      new Matrix(
          -0.823523, -0.567282, 0.000000, 4723.016113,
          0.567282, -0.823523, 0.000000, 3110.077393,
          0.000000, 0.000000, 1.000000, 589.275024,
          0.000000, 0.000000, 0.000000, 1.000000
        ),
      [
        ["Contents", ["FensesGroup8_1", "FensesGroup8_2", "FensesGroup8_3"]]
      ]
    ],

    [
      "FensesGroup8_1",
      "InteriorObject",
      "CFenceWickerUnit",
      new Matrix(
          -0.835328, -0.549291, -0.022484, 4741.129395,
          0.548287, -0.835390, 0.038799, 3116.984863,
          -0.040095, 0.020083, 0.998994, 588.526001,
          0.000000, 0.000000, 0.000000, 1.000000
        ),
      [
        ["SurfaceControl", "PutonGround"],
        ["Length", 11]
      ]
    ],

    [
      "FensesGroup8_2",
      "InteriorObject",
      "CFenceWickerUnit",
      new Matrix(
          0.576843, -0.816360, -0.028435, 4722.873047,
          0.816671, 0.575624, 0.041297, 3110.141113,
          -0.017345, -0.047044, 0.998742, 588.245178,
          0.000000, 0.000000, 0.000000, 1.000000
        ),
      [
        ["SurfaceControl", "PutonGround"],
        ["Length", 8]
      ]
    ],

    [
      "FensesGroup8_3",
      "InteriorObject",
      "CFenceWickerUnit",
      new Matrix(
          0.615053, -0.788380, -0.012934, 4713.436523,
          0.786868, 0.612658, 0.074088, 3097.229980,
          -0.050485, -0.055745, 0.997168, 589.078003,
          0.000000, 0.000000, 0.000000, 1.000000
        ),
      [
        ["SurfaceControl", "PutonGround"],
        ["Length", 8]
      ]
    ],

    [
      "Village_Group9",
      "ObjectsGroup",
      "CObjectsGroup",
      new Matrix(
          -0.874027, -0.485877, 0.000000, 4732.570313,
          0.485877, -0.874027, 0.000000, 3104.091797,
          0.000000, 0.000000, 1.000000, 590.629089,
          0.000000, 0.000000, 0.000000, 1.000000
        ),
      [
        ["Contents", ["Village_FensesGroup9", "Village_House_9", "Village_Shed_9"]]
      ]
    ],

    [
      "Village_House_9",
      "InteriorObject",
      "CUSRHouseWoodUnit",
      new Matrix(
          0.526161, -0.850385, 0.000000, 4734.208008,
          0.850385, 0.526161, 0.000000, 3116.988037,
          0.000000, 0.000000, 1.000000, 588.393860,
          0.000000, 0.000000, 0.000000, 1.000000
        ),
      [
        ["SurfaceControl", "None"]
      ]
    ],

    [
      "Village_Shed_9",
      "InteriorObject",
      "CUSRShedWoodUnit",
      new Matrix(
          -0.524784, 0.851235, 0.000000, 4734.290039,
          -0.851235, -0.524784, 0.000000, 3092.207764,
          0.000000, 0.000000, 1.000000, 589.380615,
          0.000000, 0.000000, 0.000000, 1.000000
        ),
      [
        ["SurfaceControl", "None"]
      ]
    ],

    [
      "Village_FensesGroup9",
      "ObjectsGroup",
      "CObjectsGroup",
      new Matrix(
          -0.874027, -0.485877, 0.000000, 4732.327637,
          0.485877, -0.874027, 0.000000, 3103.654785,
          0.000000, 0.000000, 1.000000, 590.400818,
          0.000000, 0.000000, 0.000000, 1.000000
        ),
      [
        ["Contents", ["FensesGroup9_1", "FensesGroup9_2", "FensesGroup9_3", "FensesGroup9_4"]]
      ]
    ],

    [
      "FensesGroup9_1",
      "InteriorObject",
      "CFenceWickerUnit",
      new Matrix(
          -0.886639, -0.462428, -0.005619, 4734.298828,
          0.459113, -0.881612, 0.109429, 3085.444336,
          -0.055557, 0.094444, 0.993979, 590.487366,
          0.000000, 0.000000, 0.000000, 1.000000
        ),
      [
        ["SurfaceControl", "PutonGround"],
        ["Length", 12]
      ]
    ],

    [
      "FensesGroup9_2",
      "InteriorObject",
      "CFenceWickerUnit",
      new Matrix(
          0.610424, -0.791552, -0.028783, 4734.212891,
          0.790142, 0.605994, 0.091907, 3085.718262,
          -0.055307, -0.078845, 0.995351, 590.450317,
          0.000000, 0.000000, 0.000000, 1.000000
        ),
      [
        ["SurfaceControl", "PutonGround"],
        ["Length", 8]
      ]
    ],

    [
      "FensesGroup9_3",
      "InteriorObject",
      "CFenceWickerUnit",
      new Matrix(
          0.569078, -0.821411, -0.037857, 4743.396973,
          0.821837, 0.566649, 0.059102, 3098.829590,
          -0.027096, -0.064746, 0.997534, 589.505432,
          0.000000, 0.000000, 0.000000, 1.000000
        ),
      [
        ["SurfaceControl", "PutonGround"],
        ["Length", 7]
      ]
    ],

    [
      "FensesGroup9_4",
      "InteriorObject",
      "CFenceWickerUnit",
      new Matrix(
          -0.843971, -0.535469, -0.031395, 4750.760742,
          0.534042, -0.844307, 0.044096, 3110.624268,
          -0.050119, 0.020450, 0.998534, 589.093018,
          0.000000, 0.000000, 0.000000, 1.000000
        ),
      [
        ["SurfaceControl", "PutonGround"],
        ["Length", 4]
      ]
    ],

    [
      "_2",
      "InteriorObject",
      "CAntiTankSingleUnit",
      new Matrix(
          -0.977133, 0.212629, 0.000000, 4756.117676,
          -0.212629, -0.977133, 0.000000, 3048.261719,
          0.000000, 0.000000, 1.000000, 593.982605,
          0.000000, 0.000000, 0.000000, 1.000000
        ),
      [
        ["SurfaceControl", "PutonGround"]
      ]
    ],

    [
      "_3",
      "InteriorObject",
      "CAntiTankSingleUnit",
      new Matrix(
          -0.986900, -0.161330, 0.000000, 4752.416504,
          0.161330, -0.986900, 0.000000, 3041.037842,
          0.000000, 0.000000, 1.000000, 595.079407,
          0.000000, 0.000000, 0.000000, 1.000000
        ),
      [
        ["SurfaceControl", "PutonGround"]
      ]
    ],

    [
      "_4",
      "InteriorObject",
      "CAntiTankSingleUnit",
      new Matrix(
          -0.986900, -0.161330, 0.000000, 4754.652344,
          0.161330, -0.986900, 0.000000, 3042.684326,
          0.000000, 0.000000, 1.000000, 595.079407,
          0.000000, 0.000000, 0.000000, 1.000000
        ),
      [
        ["SurfaceControl", "PutonGround"]
      ]
    ],

    [
      "_5",
      "InteriorObject",
      "CAntiTankSingleUnit",
      new Matrix(
          -0.986900, -0.161330, 0.000000, 4754.568359,
          0.161330, -0.986900, 0.000000, 3045.862793,
          0.000000, 0.000000, 1.000000, 595.079407,
          0.000000, 0.000000, 0.000000, 1.000000
        ),
      [
        ["SurfaceControl", "PutonGround"]
      ]
    ],

    [
      "_6",
      "InteriorObject",
      "CAntiTankSingleUnit",
      new Matrix(
          -0.986900, -0.161330, 0.000000, 4560.348633,
          0.161330, -0.986900, 0.000000, 3162.171143,
          0.000000, 0.000000, 1.000000, 589.204163,
          0.000000, 0.000000, 0.000000, 1.000000
        ),
      [
        ["SurfaceControl", "PutonGround"]
      ]
    ],

    [
      "_7",
      "InteriorObject",
      "CAntiTankSingleUnit",
      new Matrix(
          -0.986900, -0.161330, 0.000000, 4556.251953,
          0.161330, -0.986900, 0.000000, 3160.125488,
          0.000000, 0.000000, 1.000000, 589.212585,
          0.000000, 0.000000, 0.000000, 1.000000
        ),
      [
        ["SurfaceControl", "PutonGround"]
      ]
    ],

    [
      "_8",
      "InteriorObject",
      "CAntiTankSingleUnit",
      new Matrix(
          -0.986900, -0.161330, 0.000000, 4547.421387,
          0.161330, -0.986900, 0.000000, 3149.187256,
          0.000000, 0.000000, 1.000000, 588.720581,
          0.000000, 0.000000, 0.000000, 1.000000
        ),
      [
        ["SurfaceControl", "PutonGround"]
      ]
    ],

    [
      "_9",
      "InteriorObject",
      "CAntiTankSingleUnit",
      new Matrix(
          -0.986900, -0.161330, 0.000000, 4548.223145,
          0.161330, -0.986900, 0.000000, 3154.077393,
          0.000000, 0.000000, 1.000000, 588.720581,
          0.000000, 0.000000, 0.000000, 1.000000
        ),
      [
        ["SurfaceControl", "PutonGround"]
      ]
    ],

    [
      "fence_10",
      "InteriorObject",
      "CFencePalisadeUnit",
      new Matrix(
          -0.881796, -0.471631, 0.000000, 4598.811035,
          0.471631, -0.881796, 0.000000, 3109.062988,
          0.000000, 0.000000, 1.000000, 590.045776,
          0.000000, 0.000000, 0.000000, 1.000000
        ),
      [
        ["SurfaceControl", "PutonGroundUpright"],
        ["Length", 6]
      ]
    ],

    [
      "fence_11",
      "InteriorObject",
      "CFencePalisadeUnit",
      new Matrix(
          -0.678697, -0.734069, -0.022643, 4576.971191,
          0.733956, -0.679042, 0.014540, 3121.241699,
          -0.026049, -0.006751, 0.999638, 590.401733,
          0.000000, 0.000000, 0.000000, 1.000000
        ),
      [
        ["SurfaceControl", "PutonGround"],
        ["Length", 6]
      ]
    ],

    [
      "fence_12",
      "InteriorObject",
      "CFencePalisadeUnit",
      new Matrix(
          -0.140730, 0.989842, 0.020203, 4603.309570,
          -0.988430, -0.141637, 0.054273, 3174.167480,
          0.056583, -0.012331, 0.998322, 587.626770,
          0.000000, 0.000000, 0.000000, 1.000000
        ),
      [
        ["SurfaceControl", "PutonGround"],
        ["Length", 6]
      ]
    ],

    [
      "fence_13",
      "InteriorObject",
      "CFencePalisadeUnit",
      new Matrix(
          -0.983519, 0.180100, 0.015917, 4627.941406,
          -0.179245, -0.982793, 0.044604, 3182.298340,
          0.023676, 0.041016, 0.998878, 586.879211,
          0.000000, 0.000000, 0.000000, 1.000000
        ),
      [
        ["SurfaceControl", "PutonGround"],
        ["Length", 6]
      ]
    ],

    [
      "fence_14",
      "InteriorObject",
      "CFencePalisadeUnit",
      new Matrix(
          0.185198, 0.982680, -0.006484, 4599.682617,
          -0.982613, 0.185089, -0.014583, 3108.602051,
          -0.013131, 0.009072, 0.999873, 590.787476,
          0.000000, 0.000000, 0.000000, 1.000000
        ),
      [
        ["SurfaceControl", "PutonGround"],
        ["Length", 6]
      ]
    ],

    [
      "fence_15",
      "InteriorObject",
      "CFencePalisadeUnit",
      new Matrix(
          -0.877990, 0.466472, -0.107414, 4751.910156,
          -0.461787, -0.884492, -0.066535, 3038.390625,
          -0.126044, -0.008814, 0.991985, 595.443909,
          0.000000, 0.000000, 0.000000, 1.000000
        ),
      [
        ["SurfaceControl", "PutonGround"],
        ["Length", 6]
      ]
    ],

    [
      "fence_16",
      "InteriorObject",
      "CFencePalisadeUnit",
      new Matrix(
          -0.843254, -0.537494, -0.004810, 4753.118652,
          0.534784, -0.839835, 0.093185, 3052.636475,
          -0.054126, 0.076006, 0.995637, 594.311707,
          0.000000, 0.000000, 0.000000, 1.000000
        ),
      [
        ["SurfaceControl", "PutonGround"],
        ["Length", 6]
      ]
    ],

    [
      "Spawn1",
      "NavPoint",
      "CPlayerSpawnPoint",
      new Matrix(
          -0.157222, 0.987563, 0.000000, 3899.715576,
          -0.987563, -0.157222, 0.000000, 4056.127197,
          0.000000, 0.000000, 1.000000, 565.314575,
          0.000000, 0.000000, 0.000000, 1.000000
        ),
      [
        ["Range", 5.000000],
        ["Detect", true],
        ["Name", ""],
        ["Mask", [[], []]],
        ["IsVisible", true],
        ["PositionType", ""],
        ["BehaviorHeight", 0.000000],
        ["MapCompass", false],
        ["IsMain", false],
        ["IsLoadOnClient", true]
      ]
    ],

    [
      "sb1",
      "GameObject",
      "CSandBagsUnit",
      new Matrix(
          0.547497, -0.836807, 0.000000, 4719.512207,
          0.836807, 0.547497, 0.000000, 4845.992676,
          0.000000, 0.000000, 1.000000, 632.532959,
          0.000000, 0.000000, 0.000000, 1.000000
        ),
      [
      ]
