//-------------------------------------------------------------------
//                                                                   
//  This code is copyright 2001 by G5 Software.                      
//  Any unauthorized usage, either in part or in whole of this code  
//  is strictly prohibited. Violators WILL be prosecuted to the      
//  maximum extent allowed by law.                                   
//                                                                   
//-------------------------------------------------------------------
//                                                                   
//  Automatically-generated mission script file                      
//  DO NOT EDIT!                                                     
//                                                                   
//-------------------------------------------------------------------


class CCF5Content
{
  static String m_ObjectListClassFile = "Missions/MISSIONS/CF5Mission/Content.script";
  static String m_ObjectListClassName = "CCF5Content";

  static Array  m_MissionObjectList   = [
    [
      "Atmosphere",
      "",
      "",
      new Matrix(
          1.000000, 0.000000, 0.000000, 0.000000,
          0.000000, 1.000000, 0.000000, 0.000000,
          0.000000, 0.000000, 1.000000, 0.000000,
          0.000000, 0.000000, 0.000000, 1.000000
        ),
      [
        ["AmbientLight", new Color(0.117647, 0.117647, 0.125490, 1.000000)],
        ["AntiSunAngle", 10.000000],
        ["AntiSunColor", new Color(0.811765, 0.819608, 0.854902, 1.000000)],
        ["AntiSunIntensity", 0.400000],
        ["EnableHorizontAdjustment", true],
        ["FogColorXPos", new Color(0.976471, 0.988235, 1.000000, 1.000000)],
        ["FogColorXNeg", new Color(0.976471, 0.988235, 1.000000, 1.000000)],
        ["FogColorYPos", new Color(0.976471, 0.988235, 1.000000, 1.000000)],
        ["FogColorYNeg", new Color(0.976471, 0.988235, 1.000000, 1.000000)],
        ["FogDensity", 0.000500],
        ["FogNear", 10.000000],
        ["FogFar", 800.000000],
        ["FogFarMax", 3500.000000],
        ["FogMode", "Exp"],
        ["ShadowColor", new Color(0.325490, 0.325490, 0.325490, 1.000000)],
        ["SunColor", new Color(1.000000, 1.000000, 1.000000, 1.000000)],
        ["SunDirection", new Vector(-0.005952, -0.155542, -0.305348)],
        ["SunIntensity", 1.000000],
        ["TreeLightKoef", 0.400000],
        ["TreeNormalRelax", 0.000000],
        ["TreeShadowLodDistance", 25.000000],
        ["AntiSunHorAngle", 105.000000]
      ]
    ],

    [
      "Terrain",
      "",
      "",
      new Matrix(
          1.000000, 0.000000, 0.000000, 0.000000,
          0.000000, 1.000000, 0.000000, 0.000000,
          0.000000, 0.000000, 1.000000, 0.000000,
          0.000000, 0.000000, 0.000000, 1.000000
        ),
      [
        ["ForestTextureScale", 0.500000],
        ["ForestShadowBorderScale", 0.400000],
        ["ForestShadowAlphaScale", 0.500000],
        ["ForestBeginFadeDist", [250.000000, 480.000000]],
        ["IsAntiLighting", true],
        ["TerrainShadowPower", 1.000000],
        ["VertForestDistMin", 800.000000],
        ["VertForestDistMax", 8000.000000],
        ["VertForestAngleMin", 0.000000],
        ["VertForestAngleMax", 45.000000],
        ["VertForestBeginFadeDist", [250.000000, 410.000000]],
        ["WaterBorderColor", new Color(0.556863, 0.521569, 0.443137, 1.000000)],
        ["WaterFresnelPower", 2.000000],
        ["NormalNoise", 0.300000]
      ]
    ],

    [
      "Village",
      "ObjectsGroup",
      "CObjectsGroup",
      new Matrix(
          0.841173, 0.540767, 0.000000, 4690.683105,
          -0.540767, 0.841173, 0.000000, 3129.103271,
          0.000000, 0.000000, 1.000000, 590.644043,
          0.000000, 0.000000, 0.000000, 1.000000
        ),
      [
        ["Contents", ["AdministrativeBuilding", "Village_Group1", "Village_Group2", "Village_Group3", "Village_Group4", "Village_Group5", "Village_Group6", "Village_Group7", "Village_Group8", "Village_Group9", "Village_Micro", "Village_Shed", "Village_Well1"]]
      ]
    ],

    [
      "Village_Micro",
      "Locator",
      "CTerrainPatch",
      new Matrix(
          -0.531176, 0.847262, 0.000000, 4690.286621,
          -0.847262, -0.531176, 0.000000, 3154.692139,
          0.000000, 0.000000, 1.000000, 586.889160,
          0.000000, 0.000000, 0.000000, 1.000000
        ),
      [
        ["Dimensions", new Vector(160.000000, 160.000000, 5.940674)],
        ["TextureName", "Textures/C1M1_Populated01_micro.tex"],
        ["ZoneName", "Textures/C1M1_Populated01_zone.bmp"],
        ["BorderSize", 80.000000],
        ["MaterialID", "Village"]
      ]
    ],

    [
      "AdministrativeBuilding",
      "InteriorObject",
      "CUSRHouseWoodUnit",
      new Matrix(
          0.842173, 0.539161, 0.007107, 4703.979004,
          -0.539107, 0.841689, 0.030390, 3163.054932,
          0.010403, -0.029425, 0.999513, 586.579529,
          0.000000, 0.000000, 0.000000, 1.000000
        ),
      [
        ["SurfaceControl", "PutonGround"],
        ["HitPoints", 100.000000],
        ["Affiliation", "NEUTRAL"],
        ["Route", []],
        ["ShadowPlaneOffset", 0.050000],
        ["FakeShadowOffset", 0.090000]
      ]
    ],

    [
      "Village_Shed",
      "InteriorObject",
      "CUSRShedWoodUnit",
      new Matrix(
          0.529213, -0.848489, 0.000000, 4776.969238,
          0.848489, 0.529213, 0.000000, 3124.872314,
          0.000000, 0.000000, 1.000000, 589.464661,
          0.000000, 0.000000, 0.000000, 1.000000
        ),
      [
        ["SurfaceControl", "PutonGroundUpright"],
        ["HitPoints", 100.000000],
        ["Affiliation", "NEUTRAL"],
        ["Route", []],
        ["ShadowPlaneOffset", 0.050000],
        ["FakeShadowOffset", 0.090000]
      ]
    ],

    [
      "Village_Well1",
      "ObjectsGroup",
      "CObjectsGroup",
      new Matrix(
          0.841173, 0.540767, 0.000000, 4705.765137,
          -0.540767, 0.841173, 0.000000, 3176.484863,
          0.000000, 0.000000, 1.000000, 589.829956,
          0.000000, 0.000000, 0.000000, 1.000000
        ),
      [
        ["Contents", ["Village_Well1_1", "Village_Well1_2"]]
      ]
    ],

    [
      "Village_Well1_1",
      "InteriorObject",
      "CWaterWell_1Unit",
      new Matrix(
          -0.983374, 0.181589, 0.000000, 4703.536621,
          -0.181589, -0.983374, 0.000000, 3176.077637,
          0.000000, 0.000000, 1.000000, 586.273132,
          0.000000, 0.000000, 0.000000, 1.000000
        ),
      [
        ["HitPoints", 100.000000],
        ["SurfaceControl", "PutonGroundUpright"],
        ["Affiliation", "NEUTRAL"],
        ["Route", []],
        ["ShadowPlaneOffset", 0.050000]
      ]
    ],

    [
      "Village_Well1_2",
      "InteriorObject",
      "CWaterWell_2Unit",
      new Matrix(
          0.987035, -0.160265, 0.008805, 4703.796875,
          0.160065, 0.986904, 0.020009, 3176.202881,
          -0.011896, -0.018340, 0.999761, 586.271179,
          0.000000, 0.000000, 0.000000, 1.000000
        ),
      [
        ["SurfaceControl", "PutonGround"]
      ]
    ],

    [
      "Village_Group1",
      "ObjectsGroup",
      "CObjectsGroup",
      new Matrix(
          0.841173, 0.540767, 0.000000, 4616.688477,
          -0.540767, 0.841173, 0.000000, 3130.564941,
          0.000000, 0.000000, 1.000000, 591.815674,
          0.000000, 0.000000, 0.000000, 1.000000
        ),
      [
        ["Contents", ["Village_FensesGroup1", "Village_House_1"]]
      ]
    ],

    [
      "Village_House_1",
      "InteriorObject",
      "CUSRHouseWoodUnit",
      new Matrix(
          -0.503420, 0.863765, 0.021870, 4615.024902,
          -0.863496, -0.503840, 0.022799, 3119.728271,
          0.030712, -0.007407, 0.999501, 590.483521,
          0.000000, 0.000000, 0.000000, 1.000000
        ),
      [
        ["SurfaceControl", "PutonGround"],
        ["HitPoints", 100.000000],
        ["Affiliation", "NEUTRAL"],
        ["Route", []],
        ["ShadowPlaneOffset", 0.050000],
        ["FakeShadowOffset", 0.090000]
      ]
    ],

    [
      "Village_FensesGroup1",
      "ObjectsGroup",
      "CObjectsGroup",
      new Matrix(
          0.841173, 0.540767, 0.000000, 4616.950195,
          -0.540767, 0.841173, 0.000000, 3130.971191,
          0.000000, 0.000000, 1.000000, 590.144836,
          0.000000, 0.000000, 0.000000, 1.000000
        ),
      [
        ["Contents", ["FensesGroup1_1", "FensesGroup1_2", "FensesGroup1_3", "FensesGroup1_4", "FensesGroup1_5", "FensesGroup1_6"]]
      ]
    ],

    [
      "FensesGroup1_1",
      "InteriorObject",
      "CFenceWickerUnit",
      new Matrix(
          0.847486, 0.530617, 0.014598, 4617.975098,
          -0.530806, 0.846963, 0.029989, 3116.272705,
          0.003549, -0.033164, 0.999444, 590.513123,
          0.000000, 0.000000, 0.000000, 1.000000
        ),
      [
        ["SurfaceControl", "PutonGround"],
        ["Length", 3]
      ]
    ],

    [
      "FensesGroup1_2",
      "InteriorObject",
      "CFenceWickerUnit",
      new Matrix(
          -0.839467, -0.543176, 0.015983, 4610.829102,
          0.543395, -0.838853, 0.032365, 3118.919189,
          -0.004173, 0.035854, 0.999348, 590.543640,
          0.000000, 0.000000, 0.000000, 1.000000
        ),
      [
        ["Length", 3],
        ["SurfaceControl", "PutonGround"]
      ]
    ],

    [
      "FensesGroup1_3",
      "InteriorObject",
      "CFenceWickerUnit",
      new Matrix(
          0.572820, -0.819192, 0.028314, 4622.934082,
          0.817655, 0.573491, 0.050478, 3113.045898,
          -0.057589, -0.005764, 0.998324, 590.532471,
          0.000000, 0.000000, 0.000000, 1.000000
        ),
      [
        ["SurfaceControl", "PutonGround"],
        ["Length", 8]
      ]
    ],

    [
      "FensesGroup1_4",
      "InteriorObject",
      "CFenceWickerUnit",
      new Matrix(
          0.552724, -0.832855, 0.029127, 4596.924316,
          0.830442, 0.553374, 0.064377, 3128.279785,
          -0.069735, -0.011394, 0.997501, 590.319641,
          0.000000, 0.000000, 0.000000, 1.000000
        ),
      [
        ["SurfaceControl", "PutonGround"],
        ["Length", 13]
      ]
    ],

    [
      "FensesGroup1_5",
      "InteriorObject",
      "CFenceWickerUnit",
      new Matrix(
          -0.855293, -0.518145, -0.000084, 4603.632324,
          0.517877, -0.854856, 0.031999, 3123.903320,
          -0.016652, 0.027325, 0.999488, 590.470093,
          0.000000, 0.000000, 0.000000, 1.000000
        ),
      [
        ["SurfaceControl", "PutonGround"],
        ["Length", 4]
      ]
    ],

    [
      "FensesGroup1_6",
      "InteriorObject",
      "CFenceWickerUnit",
      new Matrix(
          -0.859724, -0.508931, 0.043184, 4625.028320,
          0.510755, -0.856297, 0.076709, 3141.727295,
          -0.002061, 0.088005, 0.996118, 588.529724,
          0.000000, 0.000000, 0.000000, 1.000000
        ),
      [
        ["SurfaceControl", "PutonGround"],
        ["Length", 8]
      ]
    ],

    [
      "Village_Group2",
      "ObjectsGroup",
      "CObjectsGroup",
      new Matrix(
          -0.526331, 0.850280, 0.000000, 4642.208984,
          -0.850280, -0.526331, 0.000000, 3119.877930,
          0.000000, 0.000000, 1.000000, 591.360718,
          0.000000, 0.000000, 0.000000, 1.000000
        ),
      [
        ["Contents", ["Village_Corral_2", "Village_FensesGroup2"]]
      ]
    ],

    [
      "Village_Corral_2",
      "InteriorObject",
      "CUSRCorralWoodUnit",
      new Matrix(
          0.829712, 0.557929, 0.017115, 4629.240234,
          -0.558093, 0.828601, 0.044179, 3113.861572,
          0.010467, -0.046207, 0.998877, 590.411621,
          0.000000, 0.000000, 0.000000, 1.000000
        ),
      [
        ["HitPoints", 200.000000],
        ["SurfaceControl", "PutonGround"],
        ["Affiliation", "NEUTRAL"],
        ["Route", []],
        ["ShadowPlaneOffset", 0.050000],
        ["FakeShadowOffset", 0.090000]
      ]
    ],

    [
      "Village_FensesGroup2",
      "ObjectsGroup",
      "CObjectsGroup",
      new Matrix(
          -0.526331, 0.850280, 0.000000, 4642.487793,
          -0.850280, -0.526331, 0.000000, 3119.989502,
          0.000000, 0.000000, 1.000000, 589.989197,
          0.000000, 0.000000, 0.000000, 1.000000
        ),
      [
        ["Contents", ["FensesGroup2_1", "FensesGroup2_2", "FensesGroup2_3", "FensesGroup2_4"]]
      ]
    ],

    [
      "FensesGroup2_1",
      "InteriorObject",
      "CFenceWickerUnit",
      new Matrix(
          0.847764, 0.530147, 0.015502, 4630.335449,
          -0.530362, 0.847182, 0.031620, 3108.298340,
          0.003630, -0.035028, 0.999380, 590.639893,
          0.000000, 0.000000, 0.000000, 1.000000
        ),
      [
        ["SurfaceControl", "PutonGround"],
        ["Length", 3]
      ]
    ],

    [
      "FensesGroup2_2",
      "InteriorObject",
      "CFenceWickerUnit",
      new Matrix(
          0.562326, -0.826246, 0.033260, 4643.339844,
          0.823644, 0.563222, 0.066269, 3101.020996,
          -0.073487, -0.009870, 0.997247, 590.657837,
          0.000000, 0.000000, 0.000000, 1.000000
        ),
      [
        ["SurfaceControl", "PutonGround"],
        ["Length", 16]
      ]
    ],

    [
      "FensesGroup2_3",
      "InteriorObject",
      "CFenceWickerUnit",
      new Matrix(
          -0.863361, -0.504007, 0.024182, 4661.242676,
          0.504535, -0.861588, 0.055772, 3127.629150,
          -0.007275, 0.060352, 0.998151, 588.294250,
          0.000000, 0.000000, 0.000000, 1.000000
        ),
      [
        ["SurfaceControl", "PutonGround"],
        ["Length", 6]
      ]
    ],

    [
      "FensesGroup2_4",
      "InteriorObject",
      "CFenceWickerUnit",
      new Matrix(
          -0.535448, 0.843291, 0.046437, 4640.599609,
          -0.839254, -0.537432, 0.082577, 3139.560303,
          0.094593, 0.005243, 0.995502, 588.098511,
          0.000000, 0.000000, 0.000000, 1.000000
        ),
      [
        ["SurfaceControl", "PutonGround"],
        ["Length", 8]
      ]
    ],

    [
      "Village_Group3",
      "ObjectsGroup",
      "CObjectsGroup",
      new Matrix(
          0.655267, -0.755397, 0.000000, 4644.359863,
          0.755397, 0.655267, 0.000000, 3170.720947,
          0.000000, 0.000000, 1.000000, 588.887634,
          0.000000, 0.000000, 0.000000, 1.000000
        ),
      [
        ["Contents", ["Village_FensesGroup3", "Village_House_3", "Village_Shed_3"]]
      ]
    ],

    [
      "Village_House_3",
      "InteriorObject",
      "CUSRHouseWoodUnit",
      new Matrix(
          0.624986, -0.780476, 0.015786, 4643.399902,
          0.780261, 0.625185, 0.018351, 3180.790527,
          -0.024191, 0.000848, 0.999707, 586.657349,
          0.000000, 0.000000, 0.000000, 1.000000
        ),
      [
        ["SurfaceControl", "PutonGround"],
        ["HitPoints", 100.000000],
        ["Affiliation", "NEUTRAL"],
        ["Route", []],
        ["ShadowPlaneOffset", 0.050000],
        ["FakeShadowOffset", 0.090000]
      ]
    ],

    [
      "Village_Shed_3",
      "InteriorObject",
      "CUSRShedWoodUnit",
      new Matrix(
          -0.720676, -0.693194, 0.010417, 4640.565430,
          0.693110, -0.720102, 0.032434, 3159.395996,
          -0.014982, 0.030594, 0.999420, 587.215942,
          0.000000, 0.000000, 0.000000, 1.000000
        ),
      [
        ["SurfaceControl", "PutonGround"],
        ["HitPoints", 100.000000],
        ["Affiliation", "NEUTRAL"],
        ["Route", []],
        ["ShadowPlaneOffset", 0.050000],
        ["FakeShadowOffset", 0.090000]
      ]
    ],

    [
      "Village_FensesGroup3",
      "ObjectsGroup",
      "CObjectsGroup",
      new Matrix(
          0.655267, -0.755397, 0.000000, 4644.737305,
          0.755397, 0.655267, 0.000000, 3170.394043,
          0.000000, 0.000000, 1.000000, 587.596802,
          0.000000, 0.000000, 0.000000, 1.000000
        ),
      [
        ["Contents", ["FensesGroup3_1", "FensesGroup3_2", "FensesGroup3_3", "FensesGroup3_4", "FensesGroup3_5", "FensesGroup3_6"]]
      ]
    ],

    [
      "FensesGroup3_1",
      "InteriorObject",
      "CFenceWickerUnit",
      new Matrix(
          0.659745, -0.751424, 0.009942, 4626.302734,
          0.751232, 0.659807, 0.017483, 3166.901611,
          -0.019697, -0.004066, 0.999798, 587.085449,
          0.000000, 0.000000, 0.000000, 1.000000
        ),
      [
        ["SurfaceControl", "PutonGround"],
        ["Length", 9]
      ]
    ],

    [
      "FensesGroup3_2",
      "InteriorObject",
      "CFenceWickerUnit",
      new Matrix(
          -0.780569, -0.624876, 0.015543, 4652.537598,
          0.625066, -0.780412, 0.015822, 3177.678711,
          0.002244, 0.022065, 0.999754, 586.544128,
          0.000000, 0.000000, 0.000000, 1.000000
        ),
      [
        ["Length", 3],
        ["SurfaceControl", "PutonGround"]
      ]
    ],

    [
      "FensesGroup3_3",
      "InteriorObject",
      "CFenceWickerUnit",
      new Matrix(
          0.675629, -0.737078, 0.015553, 4653.833496,
          0.736690, 0.675789, 0.024409, 3163.758789,
          -0.028501, -0.005034, 0.999581, 586.951782,
          0.000000, 0.000000, 0.000000, 1.000000
        ),
      [
        ["SurfaceControl", "PutonGround"],
        ["Length", 7]
      ]
    ],

    [
      "FensesGroup3_4",
      "InteriorObject",
      "CFenceWickerUnit",
      new Matrix(
          -0.805663, -0.592334, 0.006978, 4660.669434,
          0.592229, -0.805147, 0.031681, 3171.136719,
          -0.013147, 0.029656, 0.999474, 586.656372,
          0.000000, 0.000000, 0.000000, 1.000000
        ),
      [
        ["Length", 3],
        ["SurfaceControl", "PutonGround"]
      ]
    ],

    [
      "FensesGroup3_5",
      "InteriorObject",
      "CFenceWickerUnit",
      new Matrix(
          0.702010, -0.711969, 0.016766, 4642.698242,
          0.711554, 0.702188, 0.024936, 3152.386475,
          -0.029527, -0.005575, 0.999548, 587.427185,
          0.000000, 0.000000, 0.000000, 1.000000
        ),
      [
        ["SurfaceControl", "PutonGround"],
        ["Length", 8]
      ]
    ],

    [
      "FensesGroup3_6",
      "InteriorObject",
      "CFenceWickerUnit",
      new Matrix(
          0.771355, 0.636320, 0.010391, 4626.484375,
          -0.636235, 0.770670, 0.035669, 3167.030518,
          0.014688, -0.034124, 0.999310, 587.077209,
          0.000000, 0.000000, 0.000000, 1.000000
        ),
      [
        ["SurfaceControl", "PutonGround"],
        ["Length", 11]
      ]
    ],

    [
      "Village_Group4",
      "ObjectsGroup",
      "CObjectsGroup",
      new Matrix(
          -0.775474, -0.631380, 0.000000, 4663.852051,
          0.631380, -0.775474, 0.000000, 3158.159180,
          0.000000, 0.000000, 1.000000, 589.062866,
          0.000000, 0.000000, 0.000000, 1.000000
        ),
      [
        ["Contents", ["Village_FensesGroup4", "Village_House_4"]]
      ]
    ],

    [
      "Village_House_4",
      "InteriorObject",
      "CUSRHouseWoodUnit",
      new Matrix(
          -0.648619, 0.761101, 0.004325, 4672.929688,
          -0.760870, -0.648545, 0.021585, 3159.856445,
          0.019234, 0.010710, 0.999758, 586.871033,
          0.000000, 0.000000, 0.000000, 1.000000
        ),
      [
        ["SurfaceControl", "PutonGround"],
        ["HitPoints", 100.000000],
        ["Affiliation", "NEUTRAL"],
        ["Route", []],
        ["ShadowPlaneOffset", 0.050000],
        ["FakeShadowOffset", 0.090000]
      ]
    ],

    [
      "Village_FensesGroup4",
      "ObjectsGroup",
      "CObjectsGroup",
      new Matrix(
          -0.775474, -0.631380, 0.000000, 4663.852539,
          0.631380, -0.775474, 0.000000, 3158.159180,
          0.000000, 0.000000, 1.000000, 587.734314,
          0.000000, 0.000000, 0.000000, 1.000000
        ),
      [
        ["Contents", ["FensesGroup4_1", "FensesGroup4_2", "FensesGroup4_3", "FensesGroup4_4"]]
      ]
    ],

    [
      "FensesGroup4_1",
      "InteriorObject",
      "CFenceWickerUnit",
      new Matrix(
          -0.782885, -0.622111, 0.008339, 4669.591797,
          0.622034, -0.782372, 0.031108, 3169.020264,
          -0.012828, 0.029541, 0.999481, 586.653381,
          0.000000, 0.000000, 0.000000, 1.000000
        ),
      [
        ["Length", 4],
        ["SurfaceControl", "PutonGround"]
      ]
    ],

    [
      "FensesGroup4_2",
      "InteriorObject",
      "CFenceWickerUnit",
      new Matrix(
          0.750873, 0.660419, 0.006003, 4647.345215,
          -0.660220, 0.750346, 0.033019, 3157.254883,
          0.017302, -0.028757, 0.999437, 587.193359,
          0.000000, 0.000000, 0.000000, 1.000000
        ),
      [
        ["SurfaceControl", "PutonGround"],
        ["Length", 12]
      ]
    ],

    [
      "FensesGroup4_3",
      "InteriorObject",
      "CFenceWickerUnit",
      new Matrix(
          0.676677, -0.736195, 0.011162, 4665.153320,
          0.735163, 0.676408, 0.044817, 3141.605713,
          -0.040544, -0.022121, 0.998933, 587.593140,
          0.000000, 0.000000, 0.000000, 1.000000
        ),
      [
        ["SurfaceControl", "PutonGround"],
        ["Length", 6]
      ]
    ],

    [
      "FensesGroup4_4",
      "InteriorObject",
      "CFenceWickerUnit",
      new Matrix(
          -0.779304, -0.626525, 0.012312, 4680.419922,
          0.626592, -0.778829, 0.028425, 3160.112549,
          -0.008219, 0.029866, 0.999520, 586.797302,
          0.000000, 0.000000, 0.000000, 1.000000
        ),
      [
        ["Length", 5],
        ["SurfaceControl", "PutonGround"]
      ]
    ],

    [
      "Village_Group5",
      "ObjectsGroup",
      "CObjectsGroup",
      new Matrix(
          0.548871, -0.835907, 0.000000, 4733.239258,
          0.835907, 0.548871, 0.000000, 3148.537842,
          0.000000, 0.000000, 1.000000, 589.451355,
          0.000000, 0.000000, 0.000000, 1.000000
        ),
      [
        ["Contents", ["Village_Corral_5", "Village_FensesGroup5", "Village_House_5"]]
      ]
    ],

    [
      "Village_House_5",
      "InteriorObject",
      "CUSRHouseWoodUnit",
      new Matrix(
          -0.598641, 0.800822, -0.017702, 4736.521484,
          -0.800950, -0.598158, 0.026188, 3135.406738,
          0.010383, 0.029855, 0.999500, 587.700806,
          0.000000, 0.000000, 0.000000, 1.000000
        ),
      [
        ["SurfaceControl", "PutonGround"],
        ["HitPoints", 100.000000],
        ["Affiliation", "NEUTRAL"],
        ["Route", []],
        ["ShadowPlaneOffset", 0.050000],
        ["FakeShadowOffset", 0.090000]
      ]
    ],

    [
      "Village_Corral_5",
      "InteriorObject",
      "CUSRCorralWoodUnit",
      new Matrix(
          0.826766, 0.562227, -0.018929, 4725.317383,
          -0.561514, 0.826820, 0.032730, 3153.980469,
          0.034053, -0.016431, 0.999285, 586.918152,
          0.000000, 0.000000, 0.000000, 1.000000
        ),
      [
        ["SurfaceControl", "PutonGround"],
        ["HitPoints", 200.000000],
        ["Affiliation", "NEUTRAL"],
        ["Route", []],
        ["ShadowPlaneOffset", 0.050000],
        ["FakeShadowOffset", 0.090000]
      ]
    ],

    [
      "Village_FensesGroup5",
      "ObjectsGroup",
      "CObjectsGroup",
      new Matrix(
          0.548871, -0.835907, 0.000000, 4730.936035,
          0.835907, 0.548871, 0.000000, 3151.520996,
          0.000000, 0.000000, 1.000000, 587.665894,
          0.000000, 0.000000, 0.000000, 1.000000
        ),
      [
        ["Contents", ["FensesGroup5_1", "FensesGroup5_2", "FensesGroup5_3", "FensesGroup5_4"]]
      ]
    ],

    [
      "FensesGroup5_1",
      "InteriorObject",
      "CFenceWickerUnit",
      new Matrix(
          0.569789, -0.821790, 0.000769, 4714.923340,
          0.821528, 0.569631, 0.024736, 3147.674805,
          -0.020766, -0.013463, 0.999694, 587.048767,
          0.000000, 0.000000, 0.000000, 1.000000
        ),
      [
        ["SurfaceControl", "PutonGround"],
        ["Length", 12]
      ]
    ],

    [
      "FensesGroup5_2",
      "InteriorObject",
      "CFenceWickerUnit",
      new Matrix(
          0.845397, 0.534138, -0.000921, 4714.954590,
          -0.533784, 0.844897, 0.034974, 3147.744385,
          0.019459, -0.029075, 0.999388, 587.049133,
          0.000000, 0.000000, 0.000000, 1.000000
        ),
      [
        ["SurfaceControl", "PutonGround"],
        ["Length", 6]
      ]
    ],

    [
      "FensesGroup5_3",
      "InteriorObject",
      "CFenceWickerUnit",
      new Matrix(
          0.535410, -0.844382, -0.018870, 4736.894043,
          0.844408, 0.534693, 0.032833, 3140.113281,
          -0.017633, -0.033513, 0.999283, 587.563477,
          0.000000, 0.000000, 0.000000, 1.000000
        ),
      [
        ["SurfaceControl", "PutonGround"],
        ["Length", 9]
      ]
    ],

    [
      "FensesGroup5_4",
      "InteriorObject",
      "CFenceWickerUnit",
      new Matrix(
          0.830596, 0.556346, -0.024289, 4728.331055,
          -0.555953, 0.830940, 0.021328, 3167.567627,
          0.032049, -0.004212, 0.999477, 586.542358,
          0.000000, 0.000000, 0.000000, 1.000000
        ),
      [
        ["SurfaceControl", "PutonGround"],
        ["Length", 11]
      ]
    ],

    [
      "Village_Group6",
      "ObjectsGroup",
      "CObjectsGroup",
      new Matrix(
          0.816739, 0.577008, 0.000000, 4749.124512,
          -0.577008, 0.816739, 0.000000, 3137.385254,
          0.000000, 0.000000, 1.000000, 589.299500,
          0.000000, 0.000000, 0.000000, 1.000000
        ),
      [
        ["Contents", ["Village_FensesGroup6", "Village_Shed_6"]]
      ]
    ],

    [
      "Village_Shed_6",
      "InteriorObject",
      "CUSRShedWoodUnit",
      new Matrix(
          0.821417, 0.569267, -0.034757, 4759.464844,
          -0.568551, 0.822143, 0.028810, 3140.759033,
          0.044976, -0.003904, 0.998980, 588.162048,
          0.000000, 0.000000, 0.000000, 1.000000
        ),
      [
        ["SurfaceControl", "PutonGround"],
        ["HitPoints", 100.000000],
        ["Affiliation", "NEUTRAL"],
        ["Route", []],
        ["ShadowPlaneOffset", 0.050000],
        ["FakeShadowOffset", 0.090000]
      ]
    ],

    [
      "Village_FensesGroup6",
      "ObjectsGroup",
      "CObjectsGroup",
      new Matrix(
          0.816739, 0.577008, 0.000000, 4748.953613,
          -0.577008, 0.816739, 0.000000, 3137.142822,
          0.000000, 0.000000, 1.000000, 588.687256,
          0.000000, 0.000000, 0.000000, 1.000000
        ),
      [
        ["Contents", ["FensesGroup6_1", "FensesGroup6_2", "FensesGroup6_3", "FensesGroup6_4"]]
      ]
    ],

    [
      "FensesGroup6_1",
      "InteriorObject",
      "CFenceWickerUnit",
      new Matrix(
          0.844610, 0.535135, -0.016255, 4736.923340,
          -0.534513, 0.844579, 0.031348, 3139.963135,
          0.030505, -0.017788, 0.999376, 587.571838,
          0.000000, 0.000000, 0.000000, 1.000000
        ),
      [
        ["SurfaceControl", "PutonGround"],
        ["Length", 3]
      ]
    ],

    [
      "FensesGroup6_2",
      "InteriorObject",
      "CFenceWickerUnit",
      new Matrix(
          0.856206, 0.516138, -0.022660, 4747.220215,
          -0.514810, 0.856044, 0.046475, 3124.213379,
          0.043386, -0.028126, 0.998662, 588.312073,
          0.000000, 0.000000, 0.000000, 1.000000
        ),
      [
        ["SurfaceControl", "PutonGround"],
        ["Length", 3]
      ]
    ],

    [
      "FensesGroup6_3",
      "InteriorObject",
      "CFenceWickerUnit",
      new Matrix(
          0.592319, -0.804483, -0.044325, 4751.916016,
          0.805658, 0.590808, 0.043133, 3120.615479,
          -0.008513, -0.061259, 0.998086, 588.577637,
          0.000000, 0.000000, 0.000000, 1.000000
        ),
      [
        ["SurfaceControl", "PutonGround"],
        ["Length", 9]
      ]
    ],

    [
      "FensesGroup6_4",
      "InteriorObject",
      "CFenceWickerUnit",
      new Matrix(
          -0.865512, -0.500023, -0.029432, 4757.036133,
          0.498852, -0.865797, 0.039275, 3145.802490,
          -0.045121, 0.019311, 0.998795, 587.918884,
          0.000000, 0.000000, 0.000000, 1.000000
        ),
      [
        ["SurfaceControl", "PutonGround"],
        ["Length", 7]
      ]
    ],

    [
      "Village_Group7",
      "ObjectsGroup",
      "CObjectsGroup",
      new Matrix(
          0.582300, -0.812974, 0.000000, 4701.733887,
          0.812974, 0.582300, 0.000000, 3128.723389,
          0.000000, 0.000000, 1.000000, 589.529053,
          0.000000, 0.000000, 0.000000, 1.000000
        ),
      [
        ["Contents", ["Village_FensesGroup7", "Village_House_7", "Village_Shed_7"]]
      ]
    ],

    [
      "Village_House_7",
      "InteriorObject",
      "CUSRHouseWoodUnit",
      new Matrix(
          0.581448, -0.813541, 0.008341, 4697.907227,
          0.812651, 0.581242, 0.041898, 3141.602051,
          -0.038934, -0.017583, 0.999087, 587.304871,
          0.000000, 0.000000, 0.000000, 1.000000
        ),
      [
        ["SurfaceControl", "PutonGround"],
        ["HitPoints", 100.000000],
        ["Affiliation", "NEUTRAL"],
        ["Route", []],
        ["ShadowPlaneOffset", 0.050000],
        ["FakeShadowOffset", 0.090000]
      ]
    ],

    [
      "Village_Shed_7",
      "InteriorObject",
      "CUSRShedWoodUnit",
      new Matrix(
          -0.579280, 0.815072, 0.009592, 4699.026855,
          -0.814649, -0.579302, 0.027496, 3121.166748,
          0.027968, 0.008114, 0.999576, 587.979431,
          0.000000, 0.000000, 0.000000, 1.000000
        ),
      [
        ["SurfaceControl", "PutonGround"],
        ["HitPoints", 100.000000],
        ["Affiliation", "NEUTRAL"],
        ["Route", []],
        ["ShadowPlaneOffset", 0.050000],
        ["FakeShadowOffset", 0.090000]
      ]
    ],

    [
      "Village_FensesGroup7",
      "ObjectsGroup",
      "CObjectsGroup",
      new Matrix(
          0.582300, -0.812974, 0.000000, 4701.733887,
          0.812974, 0.582300, 0.000000, 3128.723633,
          0.000000, 0.000000, 1.000000, 588.276184,
          0.000000, 0.000000, 0.000000, 1.000000
        ),
      [
        ["Contents", ["FensesGroup7_1", "FensesGroup7_2", "FensesGroup7_3", "FensesGroup7_4", "FensesGroup7_5", "FensesGroup7_6"]]
      ]
    ],

    [
      "FensesGroup7_1",
      "InteriorObject",
      "CFenceWickerUnit",
      new Matrix(
          0.612558, -0.790378, 0.008680, 4681.064453,
          0.789773, 0.612462, 0.033901, 3127.371338,
          -0.032110, -0.013911, 0.999388, 587.887085,
          0.000000, 0.000000, 0.000000, 1.000000
        ),
      [
        ["SurfaceControl", "PutonGround"],
        ["Length", 13]
      ]
    ],

    [
      "FensesGroup7_2",
      "InteriorObject",
      "CFenceWickerUnit",
      new Matrix(
          -0.839120, -0.543946, -0.000360, 4705.271973,
          0.543663, -0.838704, 0.031710, 3142.446289,
          -0.017551, 0.026413, 0.999497, 587.219788,
          0.000000, 0.000000, 0.000000, 1.000000
        ),
      [
        ["SurfaceControl", "PutonGround"],
        ["Length", 5]
      ]
    ],

    [
      "FensesGroup7_3",
      "InteriorObject",
      "CFenceWickerUnit",
      new Matrix(
          -0.819024, -0.573752, 0.002877, 4720.824219,
          0.573431, -0.818377, 0.037893, 3131.502197,
          -0.019386, 0.032685, 0.999278, 587.586731,
          0.000000, 0.000000, 0.000000, 1.000000
        ),
      [
        ["SurfaceControl", "PutonGround"],
        ["Length", 8]
      ]
    ],

    [
      "FensesGroup7_4",
      "InteriorObject",
      "CFenceWickerUnit",
      new Matrix(
          -0.832015, -0.554747, 0.002583, 4692.712891,
          0.554602, -0.831670, 0.027237, 3119.267334,
          -0.012961, 0.024095, 0.999626, 588.085266,
          0.000000, 0.000000, 0.000000, 1.000000
        ),
      [
        ["SurfaceControl", "PutonGround"],
        ["Length", 7]
      ]
    ],

    [
      "FensesGroup7_5",
      "InteriorObject",
      "CFenceWickerUnit",
      new Matrix(
          -0.613251, 0.789815, 0.010740, 4712.465332,
          -0.789360, -0.613282, 0.028218, 3137.460205,
          0.028874, 0.008827, 0.999544, 587.381470,
          0.000000, 0.000000, 0.000000, 1.000000
        ),
      [
        ["SurfaceControl", "PutonGround"],
        ["Length", 8]
      ]
    ],

    [
      "FensesGroup7_6",
      "InteriorObject",
      "CFenceWickerUnit",
      new Matrix(
          0.831108, 0.556009, 0.010620, 4698.629395,
          -0.556055, 0.830606, 0.029925, 3117.444336,
          0.007818, -0.030776, 0.999496, 588.111450,
          0.000000, 0.000000, 0.000000, 1.000000
        ),
      [
        ["SurfaceControl", "PutonGround"],
        ["Length", 6]
      ]
    ],

    [
      "Village_Group8",
      "ObjectsGroup",
      "CObjectsGroup",
      new Matrix(
          -0.823523, -0.567282, 0.000000, 4717.748535,
          0.567282, -0.823523, 0.000000, 3114.071289,
          0.000000, 0.000000, 1.000000, 590.094849,
          0.000000, 0.000000, 0.000000, 1.000000
        ),
      [
        ["Contents", ["Village_Corral_8", "Village_FensesGroup8", "Village_House_8"]]
      ]
    ],

    [
      "Village_House_8",
      "InteriorObject",
      "CUSRHouseWoodUnit",
      new Matrix(
          -0.571650, 0.820441, -0.009590, 4723.539063,
          -0.820251, -0.571152, 0.031200, 3121.856445,
          0.020120, 0.025702, 0.999467, 587.901672,
          0.000000, 0.000000, 0.000000, 1.000000
        ),
      [
        ["SurfaceControl", "PutonGround"],
        ["HitPoints", 100.000000],
        ["Affiliation", "NEUTRAL"],
        ["Route", []],
        ["ShadowPlaneOffset", 0.050000],
        ["FakeShadowOffset", 0.090000]
      ]
    ],

    [
      "Village_Corral_8",
      "InteriorObject",
      "CUSRCorralWoodUnit",
      new Matrix(
          0.824187, 0.566318, 0.000000, 4712.645996,
          -0.566318, 0.824187, 0.000000, 3130.060303,
          0.000000, 0.000000, 1.000000, 587.627991,
          0.000000, 0.000000, 0.000000, 1.000000
        ),
      [
        ["SurfaceControl", "PutonGroundUpright"],
        ["HitPoints", 200.000000],
        ["Affiliation", "NEUTRAL"],
        ["Route", []],
        ["ShadowPlaneOffset", 0.050000],
        ["FakeShadowOffset", 0.090000]
      ]
    ],

    [
      "Village_FensesGroup8",
      "ObjectsGroup",
      "CObjectsGroup",
      new Matrix(
          -0.823523, -0.567282, 0.000000, 4723.156738,
          0.567282, -0.823523, 0.000000, 3110.346191,
          0.000000, 0.000000, 1.000000, 589.283569,
          0.000000, 0.000000, 0.000000, 1.000000
        ),
      [
        ["Contents", ["FensesGroup8_1", "FensesGroup8_2", "FensesGroup8_3"]]
      ]
    ],

    [
      "FensesGroup8_1",
      "InteriorObject",
      "CFenceWickerUnit",
      new Matrix(
          -0.803468, -0.594934, -0.022199, 4740.957031,
          0.593955, -0.803580, 0.038416, 3116.807861,
          -0.040694, 0.017681, 0.999015, 588.527527,
          0.000000, 0.000000, 0.000000, 1.000000
        ),
      [
        ["SurfaceControl", "PutonGround"],
        ["Length", 11]
      ]
    ],

    [
      "FensesGroup8_2",
      "InteriorObject",
      "CFenceWickerUnit",
      new Matrix(
          0.614261, -0.788572, -0.028946, 4722.873047,
          0.788964, 0.613049, 0.041315, 3110.141113,
          -0.014834, -0.048216, 0.998727, 588.245300,
          0.000000, 0.000000, 0.000000, 1.000000
        ),
      [
        ["SurfaceControl", "PutonGround"],
        ["Length", 8]
      ]
    ],

    [
      "FensesGroup8_3",
      "InteriorObject",
      "CFenceWickerUnit",
      new Matrix(
          0.566328, -0.824130, -0.009098, 4714.080078,
          0.822494, 0.564429, 0.070169, 3096.898682,
          -0.052693, -0.047222, 0.997494, 589.097473,
          0.000000, 0.000000, 0.000000, 1.000000
        ),
      [
        ["SurfaceControl", "PutonGround"],
        ["Length", 8]
      ]
    ],

    [
      "Village_Group9",
      "ObjectsGroup",
      "CObjectsGroup",
      new Matrix(
          -0.874027, -0.485877, 0.000000, 4733.978027,
          0.485877, -0.874027, 0.000000, 3103.488037,
          0.000000, 0.000000, 1.000000, 590.503418,
          0.000000, 0.000000, 0.000000, 1.000000
        ),
      [
        ["Contents", ["Village_FensesGroup9", "Village_House_9", "Village_Shed_9"]]
      ]
    ],

    [
      "Village_House_9",
      "InteriorObject",
      "CUSRHouseWoodUnit",
      new Matrix(
          0.593047, -0.804627, -0.029511, 4733.963379,
          0.805042, 0.591910, 0.039365, 3116.604248,
          -0.014206, -0.047103, 0.998789, 588.294312,
          0.000000, 0.000000, 0.000000, 1.000000
        ),
      [
        ["SurfaceControl", "PutonGround"],
        ["HitPoints", 100.000000],
        ["Affiliation", "NEUTRAL"],
        ["Route", []],
        ["ShadowPlaneOffset", 0.050000],
        ["FakeShadowOffset", 0.090000]
      ]
    ],

    [
      "Village_Shed_9",
      "InteriorObject",
      "CUSRShedWoodUnit",
      new Matrix(
          -0.525899, 0.849707, -0.037789, 4744.795410,
          -0.850178, -0.523842, 0.052795, 3107.783691,
          0.025065, 0.059892, 0.997890, 589.045166,
          0.000000, 0.000000, 0.000000, 1.000000
        ),
      [
        ["SurfaceControl", "PutonGround"],
        ["HitPoints", 100.000000],
        ["Affiliation", "NEUTRAL"],
        ["Route", []],
        ["ShadowPlaneOffset", 0.050000],
        ["FakeShadowOffset", 0.090000]
      ]
    ],

    [
      "Village_FensesGroup9",
      "ObjectsGroup",
      "CObjectsGroup",
      new Matrix(
          -0.874027, -0.485877, 0.000000, 4736.978027,
          0.485877, -0.874027, 0.000000, 3100.956543,
          0.000000, 0.000000, 1.000000, 590.380920,
          0.000000, 0.000000, 0.000000, 1.000000
        ),
      [
        ["Contents", ["FensesGroup9_1", "FensesGroup9_2", "FensesGroup9_3", "FensesGroup9_4"]]
      ]
    ],

    [
      "FensesGroup9_1",
      "InteriorObject",
      "CFenceWickerUnit",
      new Matrix(
          -0.894273, -0.447383, -0.011131, 4733.486328,
          0.443714, -0.889630, 0.108056, 3086.175293,
          -0.058245, 0.091693, 0.994082, 590.392395,
          0.000000, 0.000000, 0.000000, 1.000000
        ),
      [
        ["SurfaceControl", "PutonGround"],
        ["Length", 6]
      ]
    ],

    [
      "FensesGroup9_2",
      "InteriorObject",
      "CFenceWickerUnit",
      new Matrix(
          0.621760, -0.782862, -0.023266, 4733.718750,
          0.780791, 0.617236, 0.096881, 3085.969238,
          -0.061484, -0.078403, 0.995024, 590.415039,
          0.000000, 0.000000, 0.000000, 1.000000
        ),
      [
        ["SurfaceControl", "PutonGround"],
        ["Length", 6]
      ]
    ],

    [
      "FensesGroup9_3",
      "InteriorObject",
      "CFenceWickerUnit",
      new Matrix(
          0.560228, -0.827460, -0.038136, 4744.438965,
          0.827871, 0.557772, 0.059333, 3100.423828,
          -0.027824, -0.064811, 0.997510, 589.453064,
          0.000000, 0.000000, 0.000000, 1.000000
        ),
      [
        ["SurfaceControl", "PutonGround"],
        ["Length", 6]
      ]
    ],

    [
      "FensesGroup9_4",
      "InteriorObject",
      "CFenceWickerUnit",
      new Matrix(
          -0.877756, -0.477940, -0.033420, 4751.175293,
          0.476431, -0.878090, 0.044408, 3110.318115,
          -0.050570, 0.023057, 0.998454, 589.122131,
          0.000000, 0.000000, 0.000000, 1.000000
        ),
      [
        ["SurfaceControl", "PutonGround"],
        ["Length", 4]
      ]
    ],

    [
      "Palisade_1",
      "InteriorObject",
      "CFencePalisadeUnit",
      new Matrix(
          0.999186, -0.038613, -0.011702, 4583.347656,
          0.038772, 0.999154, 0.013719, 3511.163086,
          0.011162, -0.014162, 0.999837, 587.097778,
          0.000000, 0.000000, 0.000000, 1.000000
        ),
      [
        ["SurfaceControl", "PutonGround"],
        ["Length", 4]
      ]
    ],

    [
      "Palisade_2",
      "InteriorObject",
