//-------------------------------------------------------------------
//                                                                   
//  This code is copyright 2001 by G5 Software.                      
//  Any unauthorized usage, either in part or in whole of this code  
//  is strictly prohibited. Violators WILL be prosecuted to the      
//  maximum extent allowed by law.                                   
//                                                                   
//-------------------------------------------------------------------
//                                                                   
//  Automatically-generated mission script file                      
//  DO NOT EDIT!                                                     
//                                                                   
//-------------------------------------------------------------------


class CLeningrad43M1Content
{
  static String m_ObjectListClassFile = "Missions/CustomMissions/CLeningrad43_M1/Content.script";
  static String m_ObjectListClassName = "CLeningrad43M1Content";

  static Array  m_MissionObjectList   = [
    [
      "Atmosphere",
      "",
      "",
      new Matrix(
          1.000000, 0.000000, 0.000000, 0.000000,
          0.000000, 1.000000, 0.000000, 0.000000,
          0.000000, 0.000000, 1.000000, 0.000000,
          0.000000, 0.000000, 0.000000, 1.000000
        ),
      [
        ["AmbientLight", new Color(0.447059, 0.458824, 0.564706, 1.000000)],
        ["AntiSunAngle", 90.000000],
        ["AntiSunColor", new Color(0.447059, 0.458824, 0.564706, 1.000000)],
        ["AntiSunIntensity", 0.100000],
        ["EnableHorizontAdjustment", true],
        ["FogColorXPos", new Color(0.447059, 0.458824, 0.564706, 1.000000)],
        ["FogColorXNeg", new Color(0.447059, 0.458824, 0.564706, 1.000000)],
        ["FogColorYPos", new Color(0.447059, 0.458824, 0.564706, 1.000000)],
        ["FogColorYNeg", new Color(0.447059, 0.458824, 0.564706, 1.000000)],
        ["FogDensity", 0.000250],
        ["FogNear", 100.000000],
        ["FogFar", 2000.000000],
        ["FogFarMax", 4500.000000],
        ["FogMode", "Exp2"],
        ["ShadowColor", new Color(0.639216, 0.639216, 0.713726, 1.000000)],
        ["SunColor", new Color(1.000000, 1.000000, 1.000000, 0.000000)],
        ["SunDirection", new Vector(-0.005952, -0.155542, -0.305348)],
        ["SunIntensity", 0.700000],
        ["TreeLightKoef", 0.100000],
        ["TreeNormalRelax", 0.200000],
        ["AntiSunHorAngle", 105.000000],
        ["BlindColor", new Color(1.000000, 1.000000, 1.000000, 1.000000)],
        ["DistanceToSun", 50000.000000],
        ["AntiSunEnabled", true],
        ["StencilShadowColor", new Color(0.611765, 0.619608, 0.713726, 1.000000)],
        ["SunSpecularIntensity", 0.500000],
        ["ShadowFar", 559.999939],
        ["IsLightEnabled", true],
        ["IsShadowEnabled", true],
        ["HorizontPos", [0.000000, 100.000000]],
        ["IsSunVisible", true],
        ["CenterHeight", 730.000000],
        ["AntiSunSpecularIntensity", 0.000000]
      ]
    ],

    [
      "Terrain",
      "",
      "",
      new Matrix(
          0.995138, -0.098486, 0.000000, 0.000000,
          0.098486, 0.995138, 0.000000, 0.000000,
          0.000000, 0.000000, 1.000000, 0.000000,
          0.000000, 0.000000, 0.000000, 1.000000
        ),
      [
        ["VertForestAngleMin", 0.000000],
        ["VertForestAngleMax", 45.000000],
        ["VertForestBeginFadeDist", [150.000000, 610.000000]],
        ["VertForestDistMin", 150.000000],
        ["IsAntiLighting", true],
        ["WaterFresnelPower", 30.500000],
        ["WaterColor", new Color(0.219608, 0.349020, 0.541176, 10.000000)],
        ["WaterBorderColor", new Color(0.984314, 0.984314, 0.984314, 1.000000)],
        ["WaterTexScale", 4.000000],
        ["WaterMicroTexScale", 32.000000],
        ["WaterBorderScale", 0.100000],
        ["WaterPenaTexScale", 0.500000],
        ["WaterPenaBorderScale", 1.000000],
        ["WaterClearColor", new Color(0.219608, 0.349020, 0.545098, 10.000000)],
        ["ForestTextureScale", 1.000000],
        ["ForestShadowBorderScale", 0.600000],
        ["ForestAlphaScale", 0.600000],
        ["ForestShadowAlphaScale", 0.600000],
        ["ForestBeginFadeDist", [250.000000, 1010.000000]],
        ["FakeForestBeginFadeDist", [150.000000, 1010.000000]],
        ["AnimationSpeed", 0.060000],
        ["VertForestDistMax", 2000.000000],
        ["TerrainShadowPower", 3.000000],
        ["BumpSlopeness", 0.300000],
        ["NormalNoise", 0.010000],
        ["ReflectDistortion", 0.500000],
        ["ReflectTextureShift", 0.100000],
        ["BorderOffset", 0.000000],
        ["ClipPlaneShift", 0.000000],
        ["ForestLightFadeDist", [300.000000, 600.000000]],
        ["FakeForestLightFadeDist", [400.000000, 800.000000]]
      ]
    ],

    [
      "MainPlayerUnit",
      "GameObject",
      "CTankPzVITigerE1_Early_WUnit",
      new Matrix(
          0.836228, -0.548331, 0.007448, 6680.000488,
          0.547967, 0.836047, 0.027539, 12523.914063,
          -0.021327, -0.018948, 0.999593, 240.633179,
          0.000000, 0.000000, 0.000000, 1.000000
        ),
      [
        ["IsPlayer", true],
        ["IsManual", true],
        ["Affiliation", "FRIEND"],
        ["Number", "111"],
        ["Markings", ""],
        ["K_RINGS", "b19"],
        ["Flag", false],
        ["SurfaceControl", "PutonGroundLandingJoints"]
      ]
    ],

    [
      "NavPointGerman",
      "NavPoint",
      "CZAxisCylNavPoint",
      new Matrix(
          -0.786972, -0.616989, 0.000000, 7189.302246,
          0.616989, -0.786972, 0.000000, 12995.085938,
          0.000000, 0.000000, 1.000000, 229.736084,
          0.000000, 0.000000, 0.000000, 1.000000
        ),
      [
        ["Range", 7.000000],
        ["IsVisible", true],
        ["IsMain", true],
        ["Name", "CLeningrad43M1Mission_Strings::str_NavPointGerman"],
        ["Detect", false],
        ["Mask", [[], []]],
        ["PositionType", ""],
        ["BehaviorHeight", 0.000000],
        ["MapCompass", false]
      ]
    ],

    [
      "NavPointRedArmy",
      "NavPoint",
      "CZAxisCylNavPoint",
      new Matrix(
          -0.574262, -0.818671, 0.000000, 8750.148438,
          0.818671, -0.574262, 0.000000, 14647.954102,
          0.000000, 0.000000, 1.000000, 230.175110,
          0.000000, 0.000000, 0.000000, 1.000000
        ),
      [
        ["Range", 7.000000],
        ["IsVisible", true],
        ["IsMain", true],
        ["Name", "CLeningrad43M1Mission_Strings::str_NavPointRedArmy"],
        ["Detect", false],
        ["Mask", [[], []]],
        ["PositionType", ""],
        ["BehaviorHeight", 0.000000],
        ["MapCompass", false]
      ]
    ],

    [
      "CLM1_PzIIIL24_01",
      "GameObject",
      "CTankPzIII_J_L24_WUnit",
      new Matrix(
          0.789554, -0.613681, -0.000537, 7228.441895,
          0.613570, 0.789428, -0.018306, 13324.723633,
          0.011658, 0.014124, 0.999832, 237.905930,
          0.000000, 0.000000, 0.000000, 1.000000
        ),
      [
        ["Task", "CBaseAITankTask"],
        ["Affiliation", "FRIEND"],
        ["Route", []],
        ["Number", "211"],
        ["Markings", ""],
        ["K_RINGS", ""],
        ["Flag", false]
      ]
    ],

    [
      "CLM1_PzIIIL24_02",
      "GameObject",
      "CTankPzIII_J_L24_WUnit",
      new Matrix(
          0.789608, -0.613612, 0.000000, 7266.552734,
          0.613612, 0.789608, 0.000000, 13288.770508,
          0.000000, 0.000000, 1.000000, 235.360016,
          0.000000, 0.000000, 0.000000, 1.000000
        ),
      [
        ["Task", "CBaseAITankTask"],
        ["Affiliation", "FRIEND"],
        ["Route", []],
        ["Number", "212"],
        ["Markings", ""],
        ["K_RINGS", ""],
        ["Flag", false]
      ]
    ],

    [
      "CLM1_PzIIIL24_03",
      "GameObject",
      "CTankPzIII_J_L24_WUnit",
      new Matrix(
          0.789650, -0.613558, 0.000000, 7310.083008,
          0.613558, 0.789650, 0.000000, 13238.903320,
          0.000000, 0.000000, 1.000000, 234.124863,
          0.000000, 0.000000, 0.000000, 1.000000
        ),
      [
        ["Task", "CBaseAITankTask"],
        ["Affiliation", "FRIEND"],
        ["Route", []],
        ["Number", "213"],
        ["Markings", ""],
        ["K_RINGS", ""],
        ["Flag", false]
      ]
    ],

    [
      "CLM1_PzIIIL24_04",
      "GameObject",
      "CTankPzIII_J_L24_WUnit",
      new Matrix(
          0.789683, -0.613508, -0.003073, 7346.902832,
          0.613445, 0.789658, -0.011245, 13205.416992,
          0.009326, 0.006995, 0.999932, 235.524185,
          0.000000, 0.000000, 0.000000, 1.000000
        ),
      [
        ["Task", "CBaseAITankTask"],
        ["Affiliation", "FRIEND"],
        ["Route", []],
        ["Number", "214"],
        ["Markings", ""],
        ["K_RINGS", ""],
        ["Flag", false]
      ]
    ],

    [
      "CLM1_PzIIIL24_05",
      "GameObject",
      "CTankPzIII_J_L24_WUnit",
      new Matrix(
          0.789717, -0.613471, 0.000000, 7376.388672,
          0.613471, 0.789717, 0.000000, 13172.025391,
          0.000000, 0.000000, 1.000000, 233.599213,
          0.000000, 0.000000, 0.000000, 1.000000
        ),
      [
        ["Task", "CBaseAITankTask"],
        ["Affiliation", "FRIEND"],
        ["Route", []],
        ["Number", "311"],
        ["Markings", ""],
        ["K_RINGS", ""],
        ["Flag", false]
      ]
    ],

    [
      "CLM1_PzIIIL60_01",
      "GameObject",
      "CTankPzIII_J_L60_WUnit",
      new Matrix(
          0.789673, -0.613528, 0.000000, 7412.750977,
          0.613528, 0.789673, 0.000000, 13160.780273,
          0.000000, 0.000000, 1.000000, 233.865540,
          0.000000, 0.000000, 0.000000, 1.000000
        ),
      [
        ["Task", "CBaseAITankTask"],
        ["Affiliation", "FRIEND"],
        ["Route", []],
        ["Number", "312"],
        ["Markings", ""],
        ["K_RINGS", ""],
        ["Flag", false]
      ]
    ],

    [
      "CLM1_PzIIIL60_02",
      "GameObject",
      "CTankPzIII_J_L60_WUnit",
      new Matrix(
          0.789668, -0.613535, 0.000000, 7479.482422,
          0.613535, 0.789668, 0.000000, 13152.863281,
          0.000000, 0.000000, 1.000000, 234.442413,
          0.000000, 0.000000, 0.000000, 1.000000
        ),
      [
        ["Task", "CBaseAITankTask"],
        ["Affiliation", "FRIEND"],
        ["Route", []],
        ["Number", "313"],
        ["Markings", ""],
        ["K_RINGS", ""],
        ["Flag", false]
      ]
    ],

    [
      "CLM1_PzIIIL60_03",
      "GameObject",
      "CTankPzIII_J_L60_WUnit",
      new Matrix(
          0.347603, -0.937619, -0.006537, 7543.971191,
          0.937622, 0.347633, -0.004103, 13142.043945,
          0.006120, -0.004703, 0.999970, 236.249786,
          0.000000, 0.000000, 0.000000, 1.000000
        ),
      [
        ["Task", "CBaseAITankTask"],
        ["Affiliation", "FRIEND"],
        ["Route", []],
        ["Number", "314"],
        ["Markings", ""],
        ["K_RINGS", ""],
        ["Flag", false]
      ]
    ],

    [
      "C502M1_TigerGroup",
      "UnitGroup",
      "C502M1_TigerGroup",
      new Matrix(
          0.836766, -0.547500, -0.008144, 6690.903809,
          0.547539, 0.836511, 0.021219, 12517.734375,
          -0.004805, -0.022215, 0.999742, 241.451111,
          0.000000, 0.000000, 0.000000, 1.000000
        ),
      [
        ["Units", ["CLM1_Tiger_02", "CLM1_Tiger_03"]]
      ]
    ],

    [
      "CLM1_Tiger_01",
      "GameObject",
      "CTankPzVI_E1_AI_W502Unit",
      new Matrix(
          -0.425159, -0.905095, -0.006585, 6705.194824,
          0.904532, -0.425134, 0.032903, 12489.906250,
          -0.032580, 0.008032, 0.999437, 241.406067,
          0.000000, 0.000000, 0.000000, 1.000000
        ),
      [
        ["Task", "C502M1_WingmanTask"],
        ["Affiliation", "FRIEND"],
        ["Number", "112"],
        ["Markings", ""],
        ["K_RINGS", "b40"],
        ["Flag", false],
        ["WingmanRank", 0],
        ["InstantWingman", true],
        ["LeaderID", "MainPlayerUnit"],
        ["HomePoint", "NavPointGerman"]
      ]
    ],

    [
      "CLM1_Tiger_02",
      "GameObject",
      "CTankPzVI_E1_AI_WUnit",
      new Matrix(
          0.464442, 0.885544, -0.010237, 6556.134277,
          -0.884787, 0.464479, 0.037557, 12441.165039,
          0.038013, -0.008385, 0.999242, 243.506226,
          0.000000, 0.000000, 0.000000, 1.000000
        ),
      [
        ["Task", "C502M1_TigerGroupTask"],
        ["Affiliation", "FRIEND"],
        ["Number", "113"],
        ["Markings", ""],
        ["K_RINGS", "b22"],
        ["Flag", false],
        ["Route", ["NAV_Tiger_1"]],
        ["Task", "CBaseAITankTask"]
      ]
    ],

    [
      "CLM1_Tiger_03",
      "GameObject",
      "CTankPzVI_E1_AI_W502Unit",
      new Matrix(
          0.640900, 0.767614, -0.004048, 6555.054199,
          -0.767039, 0.640608, 0.035686, 12459.069336,
          0.029986, -0.019766, 0.999355, 242.983994,
          0.000000, 0.000000, 0.000000, 1.000000
        ),
      [
        ["Affiliation", "FRIEND"],
        ["Number", "114"],
        ["Markings", ""],
        ["K_RINGS", "b17"],
        ["Flag", false],
        ["Route", ["NAV_Tiger_1"]],
        ["Task", "C502M1_TigerGroupTask"]
      ]
    ],

    [
      "CLM1_Pak40_AT_01_1",
      "GameObject",
      "CGunPak40_WUnit",
      new Matrix(
          0.833205, -0.552964, -0.000005, 7223.218750,
          0.552453, 0.832435, -0.042981, 13346.968750,
          0.023771, 0.035809, 0.999076, 238.027954,
          0.000000, 0.000000, 0.000000, 1.000000
        ),
      [
        ["Affiliation", "FRIEND"],
        ["SurfaceControl", "PutonGroundLandingJoints"],
        ["Route", []],
        ["FRIENDReactionType", "ERT_AGGRESSIVE"]
      ]
    ],

    [
      "CLM1_Pak40_AT_01_2",
      "GameObject",
      "CLt_BermPlacement_HL_WUnit",
      new Matrix(
          0.832192, -0.554487, 0.000000, 7221.632813,
          0.554487, 0.832192, 0.000000, 13345.750000,
          0.000000, 0.000000, 1.000000, 236.938980,
          0.000000, 0.000000, 0.000000, 1.000000
        ),
      [
        ["HitPoints", -1.000000],
        ["SurfaceControl", "PutonGroundLandingJoints"],
        ["Affiliation", "NEUTRAL"],
        ["Route", []]
      ]
    ],

    [
      "CLM1_Pak40_AT_01_3",
      "GameObject",
      "CGermanSoldierRifle_WUnit",
      new Matrix(
          0.755598, -0.655035, 0.000000, 7221.298340,
          0.655035, 0.755598, 0.000000, 13346.216797,
          0.000000, 0.000000, 1.000000, 237.870621,
          0.000000, 0.000000, 0.000000, 1.000000
        ),
      [
        ["Task", "CBaseAITask"],
        ["Affiliation", "FRIEND"],
        ["Guncrew", true]
      ]
    ],

    [
      "CLM1_Pak40_AT_01_4",
      "GameObject",
      "CGermanSoldierRifle_WUnit",
      new Matrix(
          0.755598, -0.655035, 0.000000, 7221.833496,
          0.655035, 0.755598, 0.000000, 13345.281250,
          0.000000, 0.000000, 1.000000, 237.830353,
          0.000000, 0.000000, 0.000000, 1.000000
        ),
      [
        ["Task", "CBaseAITask"],
        ["Affiliation", "FRIEND"],
        ["Guncrew", true]
      ]
    ],

    [
      "CLM1_Pak40_AT_01_5",
      "GameObject",
      "CGermanSoldierRifle_WUnit",
      new Matrix(
          0.755598, -0.655035, 0.000000, 7220.430664,
          0.655035, 0.755598, 0.000000, 13344.863281,
          0.000000, 0.000000, 1.000000, 237.812408,
          0.000000, 0.000000, 0.000000, 1.000000
        ),
      [
        ["Task", "CBaseAITask"],
        ["Affiliation", "FRIEND"],
        ["Guncrew", true]
      ]
    ],

    [
      "CLM1_Pak40_AT_01",
      "ObjectsGroup",
      "CObjectsGroup",
      new Matrix(
          -0.822787, -0.568350, 0.000000, 7222.095215,
          0.568350, -0.822787, 0.000000, 13346.057617,
          0.000000, 0.000000, 1.000000, 236.904160,
          0.000000, 0.000000, 0.000000, 1.000000
        ),
      [
        ["Contents", ["CLM1_Pak40_AT_01_1", "CLM1_Pak40_AT_01_2", "CLM1_Pak40_AT_01_3", "CLM1_Pak40_AT_01_4", "CLM1_Pak40_AT_01_5"]]
      ]
    ],

    [
      "CLM1_Pak40_AT_02_GunPak40_W_1",
      "GameObject",
      "CGunPak40_WUnit",
      new Matrix(
          0.578889, -0.815175, 0.019437, 7262.050781,
          0.815367, 0.578461, -0.023652, 13308.004883,
          0.008037, 0.029540, 0.999531, 236.800568,
          0.000000, 0.000000, 0.000000, 1.000000
        ),
      [
        ["Affiliation", "FRIEND"],
        ["SurfaceControl", "PutonGroundLandingJoints"],
        ["Route", []],
        ["FRIENDReactionType", "ERT_AGGRESSIVE"]
      ]
    ],

    [
      "CLM1_Pak40_AT_02_Lt_BermPlacement_HL_W_1",
      "GameObject",
      "CLt_BermPlacement_HL_WUnit",
      new Matrix(
          0.577088, -0.816682, 0.000000, 7261.011719,
          0.816682, 0.577088, 0.000000, 13306.295898,
          0.000000, 0.000000, 1.000000, 235.756912,
          0.000000, 0.000000, 0.000000, 1.000000
        ),
      [
        ["HitPoints", -1.000000],
        ["SurfaceControl", "PutonGroundLandingJoints"],
        ["Affiliation", "NEUTRAL"],
        ["Route", []]
      ]
    ],

    [
      "CLM1_Pak40_AT_02_GermanSoldierRifle_W_1",
      "GameObject",
      "CGermanSoldierRifle_WUnit",
      new Matrix(
          0.469457, -0.882955, 0.000000, 7260.528320,
          0.882955, 0.469457, 0.000000, 13306.614258,
          0.000000, 0.000000, 1.000000, 236.659088,
          0.000000, 0.000000, 0.000000, 1.000000
        ),
      [
        ["Task", "CBaseAITask"],
        ["Affiliation", "FRIEND"],
        ["Guncrew", true]
      ]
    ],

    [
      "CLM1_Pak40_AT_02_GermanSoldierRifle_W_2",
      "GameObject",
      "CGermanSoldierRifle_WUnit",
      new Matrix(
          0.469457, -0.882955, 0.000000, 7261.365723,
          0.882955, 0.469457, 0.000000, 13305.930664,
          0.000000, 0.000000, 1.000000, 236.630203,
          0.000000, 0.000000, 0.000000, 1.000000
        ),
      [
        ["Task", "CBaseAITask"],
        ["Affiliation", "FRIEND"],
        ["Guncrew", true]
      ]
    ],

    [
      "CLM1_Pak40_AT_02_GermanSoldierRifle_W_3",
      "GameObject",
      "CGermanSoldierRifle_WUnit",
      new Matrix(
          0.469457, -0.882955, 0.000000, 7260.207520,
          0.882955, 0.469457, 0.000000, 13305.035156,
          0.000000, 0.000000, 1.000000, 236.624405,
          0.000000, 0.000000, 0.000000, 1.000000
        ),
      [
        ["Task", "CBaseAITask"],
        ["Affiliation", "FRIEND"],
        ["Guncrew", true]
      ]
    ],

    [
      "CLM1_Pak40_AT_02",
      "ObjectsGroup",
      "CObjectsGroup",
      new Matrix(
          -0.972139, -0.234405, 0.000000, 7261.332520,
          0.234406, -0.972139, 0.000000, 13306.749023,
          0.000000, 0.000000, 1.000000, 235.707367,
          0.000000, 0.000000, 0.000000, 1.000000
        ),
      [
        ["Contents", ["CLM1_Pak40_AT_02_GermanSoldierRifle_W_1", "CLM1_Pak40_AT_02_GermanSoldierRifle_W_2", "CLM1_Pak40_AT_02_GermanSoldierRifle_W_3", "CLM1_Pak40_AT_02_GunPak40_W_1", "CLM1_Pak40_AT_02_Lt_BermPlacement_HL_W_1"]]
      ]
    ],

    [
      "CLM1_Pak40_AT_03_GermanSoldierRifle_W_1",
      "GameObject",
      "CGermanSoldierRifle_WUnit",
      new Matrix(
          0.469457, -0.882955, 0.000000, 7288.705078,
          0.882955, 0.469457, 0.000000, 13266.031250,
          0.000000, 0.000000, 1.000000, 235.809235,
          0.000000, 0.000000, 0.000000, 1.000000
        ),
      [
        ["Task", "CBaseAITask"],
        ["Affiliation", "FRIEND"],
        ["Guncrew", true]
      ]
    ],

    [
      "CLM1_Pak40_AT_03_GermanSoldierRifle_W_2",
      "GameObject",
      "CGermanSoldierRifle_WUnit",
      new Matrix(
          0.469457, -0.882955, 0.000000, 7289.542480,
          0.882955, 0.469457, 0.000000, 13265.347656,
          0.000000, 0.000000, 1.000000, 235.790924,
          0.000000, 0.000000, 0.000000, 1.000000
        ),
      [
        ["Task", "CBaseAITask"],
        ["Affiliation", "FRIEND"],
        ["Guncrew", true]
      ]
    ],

    [
      "CLM1_Pak40_AT_03_GermanSoldierRifle_W_3",
      "GameObject",
      "CGermanSoldierRifle_WUnit",
      new Matrix(
          0.469457, -0.882955, 0.000000, 7288.384277,
          0.882955, 0.469457, 0.000000, 13264.452148,
          0.000000, 0.000000, 1.000000, 235.778778,
          0.000000, 0.000000, 0.000000, 1.000000
        ),
      [
        ["Task", "CBaseAITask"],
        ["Affiliation", "FRIEND"],
        ["Guncrew", true]
      ]
    ],

    [
      "CLM1_Pak40_AT_03_GunPak40_W_1",
      "GameObject",
      "CGunPak40_WUnit",
      new Matrix(
          0.578823, -0.815453, 0.001123, 7290.227539,
          0.815316, 0.578699, -0.019172, 13267.421875,
          0.014984, 0.012013, 0.999816, 235.951202,
          0.000000, 0.000000, 0.000000, 1.000000
        ),
      [
        ["Affiliation", "FRIEND"],
        ["SurfaceControl", "PutonGroundLandingJoints"],
        ["Route", []],
        ["FRIENDReactionType", "ERT_AGGRESSIVE"]
      ]
    ],

    [
      "CLM1_Pak40_AT_03_Lt_BermPlacement_HL_W_1",
      "GameObject",
      "CLt_BermPlacement_HL_WUnit",
      new Matrix(
          0.577081, -0.816687, 0.000000, 7289.188477,
          0.816687, 0.577081, 0.000000, 13265.712891,
          0.000000, 0.000000, 1.000000, 234.909042,
          0.000000, 0.000000, 0.000000, 1.000000
        ),
      [
        ["HitPoints", -1.000000],
        ["SurfaceControl", "PutonGroundLandingJoints"],
        ["Affiliation", "NEUTRAL"],
        ["Route", []]
      ]
    ],

    [
      "CLM1_Pak40_AT_03",
      "ObjectsGroup",
      "CObjectsGroup",
      new Matrix(
          -0.972139, -0.234406, 0.000000, 7289.509277,
          0.234406, -0.972139, 0.000000, 13266.166016,
          0.000000, 0.000000, 1.000000, 234.858505,
          0.000000, 0.000000, 0.000000, 1.000000
        ),
      [
        ["Contents", ["CLM1_Pak40_AT_03_GermanSoldierRifle_W_1", "CLM1_Pak40_AT_03_GermanSoldierRifle_W_2", "CLM1_Pak40_AT_03_GermanSoldierRifle_W_3", "CLM1_Pak40_AT_03_GunPak40_W_1", "CLM1_Pak40_AT_03_Lt_BermPlacement_HL_W_1"]]
      ]
    ],

    [
      "CLM1_Pak40_AT_04_GermanSoldierRifle_W_1",
      "GameObject",
      "CGermanSoldierRifle_WUnit",
      new Matrix(
          0.469457, -0.882955, 0.000000, 7328.800293,
          0.882955, 0.469457, 0.000000, 13237.620117,
          0.000000, 0.000000, 1.000000, 234.958893,
          0.000000, 0.000000, 0.000000, 1.000000
        ),
      [
        ["Task", "CBaseAITask"],
        ["Affiliation", "FRIEND"],
        ["Guncrew", true]
      ]
    ],

    [
      "CLM1_Pak40_AT_04_GermanSoldierRifle_W_2",
      "GameObject",
      "CGermanSoldierRifle_WUnit",
      new Matrix(
          0.469457, -0.882955, 0.000000, 7329.637695,
          0.882955, 0.469457, 0.000000, 13236.936523,
          0.000000, 0.000000, 1.000000, 234.956085,
          0.000000, 0.000000, 0.000000, 1.000000
        ),
      [
        ["Task", "CBaseAITask"],
        ["Affiliation", "FRIEND"],
        ["Guncrew", true]
      ]
    ],

    [
      "CLM1_Pak40_AT_04_GermanSoldierRifle_W_3",
      "GameObject",
      "CGermanSoldierRifle_WUnit",
      new Matrix(
          0.469457, -0.882955, 0.000000, 7328.479492,
          0.882955, 0.469457, 0.000000, 13236.041016,
          0.000000, 0.000000, 1.000000, 234.931671,
          0.000000, 0.000000, 0.000000, 1.000000
        ),
      [
        ["Task", "CBaseAITask"],
        ["Affiliation", "FRIEND"],
        ["Guncrew", true]
      ]
    ],

    [
      "CLM1_Pak40_AT_04_GunPak40_W_1",
      "GameObject",
      "CGunPak40_WUnit",
      new Matrix(
          0.578719, -0.815505, -0.006000, 7330.322754,
          0.815412, 0.578745, -0.012529, 13239.010742,
          0.013690, 0.002358, 0.999904, 235.109436,
          0.000000, 0.000000, 0.000000, 1.000000
        ),
      [
        ["Affiliation", "FRIEND"],
        ["SurfaceControl", "PutonGroundLandingJoints"],
        ["Route", []],
        ["FRIENDReactionType", "ERT_AGGRESSIVE"]
      ]
    ],

    [
      "CLM1_Pak40_AT_04_Lt_BermPlacement_HL_W_1",
      "GameObject",
      "CLt_BermPlacement_HL_WUnit",
      new Matrix(
          0.577088, -0.816682, 0.000000, 7329.283691,
          0.816682, 0.577088, 0.000000, 13237.301758,
          0.000000, 0.000000, 1.000000, 234.058853,
          0.000000, 0.000000, 0.000000, 1.000000
        ),
      [
        ["HitPoints", -1.000000],
        ["SurfaceControl", "PutonGroundLandingJoints"],
        ["Affiliation", "NEUTRAL"],
        ["Route", []]
      ]
    ],

    [
      "CLM1_Pak40_AT_04",
      "ObjectsGroup",
      "CObjectsGroup",
      new Matrix(
          -0.972139, -0.234406, 0.000000, 7329.604492,
          0.234406, -0.972139, 0.000000, 13237.754883,
          0.000000, 0.000000, 1.000000, 234.008240,
          0.000000, 0.000000, 0.000000, 1.000000
        ),
      [
        ["Contents", ["CLM1_Pak40_AT_04_GermanSoldierRifle_W_1", "CLM1_Pak40_AT_04_GermanSoldierRifle_W_2", "CLM1_Pak40_AT_04_GermanSoldierRifle_W_3", "CLM1_Pak40_AT_04_GunPak40_W_1", "CLM1_Pak40_AT_04_Lt_BermPlacement_HL_W_1"]]
      ]
    ],

    [
      "CLM1_Pak40_AT_05_GermanSoldierRifle_W_1",
      "GameObject",
      "CGermanSoldierRifle_WUnit",
      new Matrix(
          0.469457, -0.882955, 0.000000, 7367.437500,
          0.882955, 0.469457, 0.000000, 13188.787109,
          0.000000, 0.000000, 1.000000, 234.452530,
          0.000000, 0.000000, 0.000000, 1.000000
        ),
      [
        ["Task", "CBaseAITask"],
        ["Affiliation", "FRIEND"],
        ["Guncrew", true]
      ]
    ],

    [
      "CLM1_Pak40_AT_05_GermanSoldierRifle_W_2",
      "GameObject",
      "CGermanSoldierRifle_WUnit",
      new Matrix(
          0.469457, -0.882955, 0.000000, 7368.274902,
          0.882955, 0.469457, 0.000000, 13188.103516,
          0.000000, 0.000000, 1.000000, 234.449249,
          0.000000, 0.000000, 0.000000, 1.000000
        ),
      [
        ["Task", "CBaseAITask"],
        ["Affiliation", "FRIEND"],
        ["Guncrew", true]
      ]
    ],

    [
      "CLM1_Pak40_AT_05_GermanSoldierRifle_W_3",
      "GameObject",
      "CGermanSoldierRifle_WUnit",
      new Matrix(
          0.469457, -0.882955, 0.000000, 7367.116699,
          0.882955, 0.469457, 0.000000, 13187.208008,
          0.000000, 0.000000, 1.000000, 234.431183,
          0.000000, 0.000000, 0.000000, 1.000000
        ),
      [
        ["Task", "CBaseAITask"],
        ["Affiliation", "FRIEND"],
        ["Guncrew", true]
      ]
    ],

    [
      "CLM1_Pak40_AT_05_GunPak40_W_1",
      "GameObject",
      "CGunPak40_WUnit",
      new Matrix(
          0.578716, -0.815506, -0.006147, 7368.959961,
          0.815416, 0.578745, -0.012311, 13190.177734,
          0.013597, 0.002112, 0.999905, 234.604858,
          0.000000, 0.000000, 0.000000, 1.000000
        ),
      [
        ["Affiliation", "FRIEND"],
        ["SurfaceControl", "PutonGroundLandingJoints"],
        ["Route", []],
        ["FRIENDReactionType", "ERT_AGGRESSIVE"]
      ]
    ],

    [
      "CLM1_Pak40_AT_05_Lt_BermPlacement_HL_W_1",
      "GameObject",
      "CLt_BermPlacement_HL_WUnit",
      new Matrix(
          0.577088, -0.816682, 0.000000, 7367.920898,
          0.816682, 0.577088, 0.000000, 13188.468750,
          0.000000, 0.000000, 1.000000, 233.560562,
          0.000000, 0.000000, 0.000000, 1.000000
        ),
      [
        ["HitPoints", -1.000000],
        ["SurfaceControl", "PutonGroundLandingJoints"],
        ["Affiliation", "NEUTRAL"],
        ["Route", []]
      ]
    ],

    [
      "CLM1_Pak40_AT_05",
      "ObjectsGroup",
      "CObjectsGroup",
      new Matrix(
          -0.972139, -0.234406, 0.000000, 7368.241699,
          0.234406, -0.972139, 0.000000, 13188.921875,
          0.000000, 0.000000, 1.000000, 233.505905,
          0.000000, 0.000000, 0.000000, 1.000000
        ),
      [
        ["Contents", ["CLM1_Pak40_AT_05_GermanSoldierRifle_W_1", "CLM1_Pak40_AT_05_GermanSoldierRifle_W_2", "CLM1_Pak40_AT_05_GermanSoldierRifle_W_3", "CLM1_Pak40_AT_05_GunPak40_W_1", "CLM1_Pak40_AT_05_Lt_BermPlacement_HL_W_1"]]
      ]
    ],

    [
      "CLM1_Pak40_AT_06_GermanSoldierRifle_W_1",
      "GameObject",
      "CGermanSoldierRifle_WUnit",
      new Matrix(
          0.469457, -0.882955, 0.000000, 7425.999023,
          0.882955, 0.469457, 0.000000, 13159.250000,
          0.000000, 0.000000, 1.000000, 234.932465,
          0.000000, 0.000000, 0.000000, 1.000000
        ),
      [
        ["Task", "CBaseAITask"],
        ["Affiliation", "FRIEND"],
        ["Guncrew", true]
      ]
    ],

    [
      "CLM1_Pak40_AT_06_GermanSoldierRifle_W_2",
      "GameObject",
      "CGermanSoldierRifle_WUnit",
      new Matrix(
          0.469457, -0.882955, 0.000000, 7426.836426,
          0.882955, 0.469457, 0.000000, 13158.566406,
          0.000000, 0.000000, 1.000000, 234.939957,
          0.000000, 0.000000, 0.000000, 1.000000
        ),
      [
        ["Task", "CBaseAITask"],
        ["Affiliation", "FRIEND"],
        ["Guncrew", true]
      ]
    ],

    [
      "CLM1_Pak40_AT_06_GermanSoldierRifle_W_3",
      "GameObject",
      "CGermanSoldierRifle_WUnit",
      new Matrix(
          0.469457, -0.882955, 0.000000, 7425.678223,
          0.882955, 0.469457, 0.000000, 13157.670898,
          0.000000, 0.000000, 1.000000, 234.901337,
          0.000000, 0.000000, 0.000000, 1.000000
        ),
      [
        ["Task", "CBaseAITask"],
        ["Affiliation", "FRIEND"],
        ["Guncrew", true]
      ]
    ],

    [
      "CLM1_Pak40_AT_06_GunPak40_W_1",
      "GameObject",
      "CGunPak40_WUnit",
      new Matrix(
          0.578410, -0.815471, -0.021184, 7427.521484,
          0.815370, 0.578737, -0.015320, 13160.640625,
          0.024753, -0.008411, 0.999658, 235.111603,
          0.000000, 0.000000, 0.000000, 1.000000
        ),
      [
        ["Affiliation", "FRIEND"],
        ["SurfaceControl", "PutonGroundLandingJoints"],
        ["Route", []],
        ["FRIENDReactionType", "ERT_AGGRESSIVE"]
      ]
    ],

    [
      "CLM1_Pak40_AT_06_Lt_BermPlacement_HL_W_1",
      "GameObject",
      "CLt_BermPlacement_HL_WUnit",
      new Matrix(
          0.577088, -0.816682, 0.000000, 7426.482422,
          0.816682, 0.577088, 0.000000, 13158.931641,
          0.000000, 0.000000, 1.000000, 234.024170,
          0.000000, 0.000000, 0.000000, 1.000000
        ),
      [
        ["HitPoints", -1.000000],
        ["SurfaceControl", "PutonGroundLandingJoints"],
        ["Affiliation", "NEUTRAL"],
        ["Route", []]
      ]
    ],

    [
      "CLM1_Pak40_AT_06",
      "ObjectsGroup",
      "CObjectsGroup",
      new Matrix(
          -0.972139, -0.234406, 0.000000, 7426.803223,
          0.234406, -0.972139, 0.000000, 13159.384766,
          0.000000, 0.000000, 1.000000, 233.981430,
          0.000000, 0.000000, 0.000000, 1.000000
        ),
      [
        ["Contents", ["CLM1_Pak40_AT_06_GermanSoldierRifle_W_1", "CLM1_Pak40_AT_06_GermanSoldierRifle_W_2", "CLM1_Pak40_AT_06_GermanSoldierRifle_W_3", "CLM1_Pak40_AT_06_GunPak40_W_1", "CLM1_Pak40_AT_06_Lt_BermPlacement_HL_W_1"]]
      ]
    ],

    [
      "CLM1_Pak40_AT_07_GermanSoldierRifle_W_1",
      "GameObject",
      "CGermanSoldierRifle_WUnit",
      new Matrix(
          0.469457, -0.882955, 0.000000, 7465.442871,
          0.882955, 0.469457, 0.000000, 13159.657227,
          0.000000, 0.000000, 1.000000, 235.262833,
          0.000000, 0.000000, 0.000000, 1.000000
        ),
      [
        ["Task", "CBaseAITask"],
        ["Affiliation", "FRIEND"],
        ["Guncrew", true]
      ]
    ],

    [
      "CLM1_Pak40_AT_07_GermanSoldierRifle_W_2",
      "GameObject",
      "CGermanSoldierRifle_WUnit",
      new Matrix(
          0.469457, -0.882955, 0.000000, 7466.280273,
          0.882955, 0.469457, 0.000000, 13158.973633,
          0.000000, 0.000000, 1.000000, 235.260406,
          0.000000, 0.000000, 0.000000, 1.000000
        ),
      [
        ["Task", "CBaseAITask"],
        ["Affiliation", "FRIEND"],
        ["Guncrew", true]
      ]
    ],

    [
      "CLM1_Pak40_AT_07_GermanSoldierRifle_W_3",
      "GameObject",
      "CGermanSoldierRifle_WUnit",
      new Matrix(
          0.469457, -0.882955, 0.000000, 7465.122070,
          0.882955, 0.469457, 0.000000, 13158.078125,
          0.000000, 0.000000, 1.000000, 235.258514,
          0.000000, 0.000000, 0.000000, 1.000000
        ),
      [
        ["Task", "CBaseAITask"],
        ["Affiliation", "FRIEND"],
        ["Guncrew", true]
      ]
    ],

    [
      "CLM1_Pak40_AT_07_GunPak40_W_1",
      "GameObject",
      "CGunPak40_WUnit",
      new Matrix(
          0.578731, -0.815498, -0.005853, 7466.965332,
          0.815504, 0.578749, -0.001850, 13161.047852,
          0.004896, -0.003702, 0.999981, 235.386246,
          0.000000, 0.000000, 0.000000, 1.000000
        ),
      [
        ["Affiliation", "FRIEND"],
        ["SurfaceControl", "PutonGroundLandingJoints"],
        ["Route", []],
        ["FRIENDReactionType", "ERT_AGGRESSIVE"]
      ]
    ],

    [
      "CLM1_Pak40_AT_07_Lt_BermPlacement_HL_W_1",
      "GameObject",
      "CLt_BermPlacement_HL_WUnit",
      new Matrix(
          0.577088, -0.816682, 0.000000, 7465.926270,
          0.816682, 0.577088, 0.000000, 13159.338867,
          0.000000, 0.000000, 1.000000, 234.393448,
          0.000000, 0.000000, 0.000000, 1.000000
        ),
      [
        ["HitPoints", -1.000000],
        ["SurfaceControl", "PutonGroundLandingJoints"],
        ["Affiliation", "NEUTRAL"],
        ["Route", []]
      ]
    ],

    [
      "CLM1_Pak40_AT_07",
      "ObjectsGroup",
      "CObjectsGroup",
      new Matrix(
          -0.972139, -0.234406, 0.000000, 7466.247070,
          0.234406, -0.972139, 0.000000, 13159.791992,
          0.000000, 0.000000, 1.000000, 234.327499,
          0.000000, 0.000000, 0.000000, 1.000000
        ),
      [
        ["Contents", ["CLM1_Pak40_AT_07_GermanSoldierRifle_W_1", "CLM1_Pak40_AT_07_GermanSoldierRifle_W_2", "CLM1_Pak40_AT_07_GermanSoldierRifle_W_3", "CLM1_Pak40_AT_07_GunPak40_W_1", "CLM1_Pak40_AT_07_Lt_BermPlacement_HL_W_1"]]
      ]
    ],

    [
      "CLM1_Pak40_AT_08_GermanSoldierRifle_W_1",
      "GameObject",
      "CGermanSoldierRifle_WUnit",
      new Matrix(
          0.469457, -0.882955, 0.000000, 7524.370605,
          0.882955, 0.469457, 0.000000, 13160.126953,
          0.000000, 0.000000, 1.000000, 235.664948,
          0.000000, 0.000000, 0.000000, 1.000000
        ),
      [
        ["Task", "CBaseAITask"],
        ["Affiliation", "FRIEND"],
        ["Guncrew", true]
      ]
    ],

    [
      "CLM1_Pak40_AT_08_GermanSoldierRifle_W_2",
      "GameObject",
      "CGermanSoldierRifle_WUnit",
      new Matrix(
          0.469457, -0.882955, 0.000000, 7525.208008,
          0.882955, 0.469457, 0.000000, 13159.443359,
          0.000000, 0.000000, 1.000000, 235.661896,
          0.000000, 0.000000, 0.000000, 1.000000
        ),
      [
        ["Task", "CBaseAITask"],
        ["Affiliation", "FRIEND"],
        ["Guncrew", true]
      ]
    ],

    [
      "CLM1_Pak40_AT_08_GermanSoldierRifle_W_3",
      "GameObject",
      "CGermanSoldierRifle_WUnit",
      new Matrix(
          0.469457, -0.882955, 0.000000, 7524.049805,
          0.882955, 0.469457, 0.000000, 13158.547852,
          0.000000, 0.000000, 1.000000, 235.671722,
          0.000000, 0.000000, 0.000000, 1.000000
        ),
      [
        ["Task", "CBaseAITask"],
        ["Affiliation", "FRIEND"],
        ["Guncrew", true]
      ]
    ],

    [
      "CLM1_Pak40_AT_08_GunPak40_W_1",
      "GameObject",
      "CGunPak40_WUnit",
      new Matrix(
          0.578728, -0.815507, 0.004724, 7525.893066,
          0.815511, 0.578740, 0.001505, 13161.517578,
          -0.003961, 0.002982, 0.999988, 235.782578,
          0.000000, 0.000000, 0.000000, 1.000000
        ),
      [
        ["Affiliation", "FRIEND"],
        ["SurfaceControl", "PutonGroundLandingJoints"],
        ["Route", []],
        ["FRIENDReactionType", "ERT_AGGRESSIVE"]
      ]
    ],

    [
      "CLM1_Pak40_AT_08_Lt_BermPlacement_HL_W_1",
      "GameObject",
      "CLt_BermPlacement_HL_WUnit",
      new Matrix(
          0.577088, -0.816682, 0.000000, 7524.854004,
          0.816682, 0.577088, 0.000000, 13159.808594,
          0.000000, 0.000000, 1.000000, 234.811172,
          0.000000, 0.000000, 0.000000, 1.000000
        ),
      [
        ["HitPoints", -1.000000],
        ["SurfaceControl", "PutonGroundLandingJoints"],
        ["Affiliation", "NEUTRAL"],
        ["Route", []]
      ]
    ],

    [
      "CLM1_Pak40_AT_08",
      "ObjectsGroup",
      "CObjectsGroup",
      new Matrix(
          -0.972139, -0.234406, 0.000000, 7525.174805,
          0.234406, -0.972139, 0.000000, 13160.261719,
          0.000000, 0.000000, 1.000000, 234.740814,
          0.000000, 0.000000, 0.000000, 1.000000
        ),
      [
        ["Contents", ["CLM1_Pak40_AT_08_GermanSoldierRifle_W_1", "CLM1_Pak40_AT_08_GermanSoldierRifle_W_2", "CLM1_Pak40_AT_08_GermanSoldierRifle_W_3", "CLM1_Pak40_AT_08_GunPak40_W_1", "CLM1_Pak40_AT_08_Lt_BermPlacement_HL_W_1"]]
      ]
    ],

    [
      "CLM1_Pak40_AT_09_GermanSoldierRifle_W_1",
      "GameObject",
      "CGermanSoldierRifle_WUnit",
      new Matrix(
          0.469457, -0.882955, 0.000000, 7582.761230,
          0.882955, 0.469457, 0.000000, 13139.863281,
          0.000000, 0.000000, 1.000000, 235.654816,
          0.000000, 0.000000, 0.000000, 1.000000
        ),
      [
        ["Task", "CBaseAITask"],
        ["Affiliation", "FRIEND"],
        ["Guncrew", true]
      ]
    ],

    [
      "CLM1_Pak40_AT_09_GermanSoldierRifle_W_2",
      "GameObject",
      "CGermanSoldierRifle_WUnit",
      new Matrix(
          0.469457, -0.882955, 0.000000, 7583.598633,
          0.882955, 0.469457, 0.000000, 13139.179688,
          0.000000, 0.000000, 1.000000, 235.660904,
          0.000000, 0.000000, 0.000000, 1.000000
        ),
      [
        ["Task", "CBaseAITask"],
        ["Affiliation", "FRIEND"],
        ["Guncrew", true]
      ]
    ],

    [
      "CLM1_Pak40_AT_09_GermanSoldierRifle_W_3",
      "GameObject",
      "CGermanSoldierRifle_WUnit",
      new Matrix(
          0.469457, -0.882955, 0.000000, 7582.440430,
          0.882955, 0.469457, 0.000000, 13138.284180,
          0.000000, 0.000000, 1.000000, 235.641129,
          0.000000, 0.000000, 0.000000, 1.000000
        ),
      [
        ["Task", "CBaseAITask"],
        ["Affiliation", "FRIEND"],
        ["Guncrew", true]
      ]
    ],

    [
      "CLM1_Pak40_AT_09_GunPak40_W_1",
      "GameObject",
      "CGunPak40_WUnit",
      new Matrix(
          0.578640, -0.815512, -0.010762, 7584.283691,
          0.815520, 0.578709, -0.004844, 13141.253906,
          0.010179, -0.005974, 0.999930, 235.802963,
          0.000000, 0.000000, 0.000000, 1.000000
        ),
      [
        ["Affiliation", "FRIEND"],
        ["SurfaceControl", "PutonGroundLandingJoints"],
        ["Route", []],
        ["FRIENDReactionType", "ERT_AGGRESSIVE"]
      ]
    ],

    [
      "CLM1_Pak40_AT_09_Lt_BermPlacement_HL_W_1",
      "GameObject",
      "CLt_BermPlacement_HL_WUnit",
      new Matrix(
          0.577088, -0.816682, 0.000000, 7583.244629,
          0.816682, 0.577088, 0.000000, 13139.544922,
          0.000000, 0.000000, 1.000000, 234.770706,
          0.000000, 0.000000, 0.000000, 1.000000
        ),
      [
        ["HitPoints", -1.000000],
        ["SurfaceControl", "PutonGroundLandingJoints"],
        ["Affiliation", "NEUTRAL"],
        ["Route", []]
      ]
    ],

    [
      "CLM1_Pak40_AT_09",
      "ObjectsGroup",
      "CObjectsGroup",
      new Matrix(
          -0.972139, -0.234406, 0.000000, 7583.565430,
          0.234406, -0.972139, 0.000000, 13139.998047,
          0.000000, 0.000000, 1.000000, 234.715164,
          0.000000, 0.000000, 0.000000, 1.000000
        ),
