//-------------------------------------------------------------------
//                                                                   
//  This code is copyright 2001 by G5 Software.                      
//  Any unauthorized usage, either in part or in whole of this code  
//  is strictly prohibited. Violators WILL be prosecuted to the      
//  maximum extent allowed by law.                                   
//                                                                   
//-------------------------------------------------------------------
//                                                                   
//  Automatically-generated mission script file                      
//  DO NOT EDIT!                                                     
//                                                                   
//-------------------------------------------------------------------


class CC2M3Content
{
  static String m_ObjectListClassFile = "Missions/Campaign_2/Mission_3/Content.script";
  static String m_ObjectListClassName = "CC2M3Content";

  static Array  m_MissionObjectList   = [
    [
      "Atmosphere",
      "",
      "",
      new Matrix(
          1.000000, 0.000000, 0.000000, 0.000000,
          0.000000, 1.000000, 0.000000, 0.000000,
          0.000000, 0.000000, 1.000000, 0.000000,
          0.000000, 0.000000, 0.000000, 1.000000
        ),
      [
        ["AmbientLight", new Color(0.454902, 0.454902, 0.454902, 1.000000)],
        ["AntiSunAngle", 60.000000],
        ["AntiSunColor", new Color(0.454902, 0.454902, 0.454902, 1.000000)],
        ["AntiSunIntensity", 0.200000],
        ["EnableHorizontAdjustment", true],
        ["FogColorXPos", new Color(0.650980, 0.760784, 1.000000, 1.000000)],
        ["FogColorXNeg", new Color(0.866667, 0.843137, 1.000000, 1.000000)],
        ["FogColorYPos", new Color(0.733333, 0.819608, 1.000000, 1.000000)],
        ["FogColorYNeg", new Color(0.592157, 0.725490, 1.000000, 1.000000)],
        ["FogDensity", 0.000800],
        ["FogNear", 100.000000],
        ["FogFar", 1200.000000],
        ["FogFarMax", 3500.000000],
        ["FogMode", "Linear"],
        ["ShadowColor", new Color(0.615686, 0.615686, 0.615686, 1.000000)],
        ["SunColor", new Color(0.752941, 0.752941, 0.752941, 1.000000)],
        ["SunDirection", new Vector(-0.005952, -0.155542, -0.305348)],
        ["SunIntensity", 0.900000],
        ["TreeLightKoef", 2.000000],
        ["TreeNormalRelax", 0.000000],
        ["TreeShadowLodDistance", 25.000000],
        ["AntiSunHorAngle", 90.000000],
        ["BlindColor", new Color(1.000000, 1.000000, 1.000000, 1.000000)],
        ["DistanceToSun", 50000.000000],
        ["StencilShadowColor", new Color(0.615686, 0.615686, 0.615686, 1.000000)],
        ["SunSpecularIntensity", 0.500000],
        ["ShadowFar", 559.999939],
        ["AntiSunSpecularIntensity", 0.200000]
      ]
    ],

    [
      "Terrain",
      "",
      "",
      new Matrix(
          1.000000, 0.000000, 0.000000, 0.000000,
          0.000000, 1.000000, 0.000000, 0.000000,
          0.000000, 0.000000, 1.000000, 0.000000,
          0.000000, 0.000000, 0.000000, 1.000000
        ),
      [
        ["ForestTextureScale", 2.000000],
        ["ForestShadowBorderScale", 0.400000],
        ["ForestShadowAlphaScale", 1.000000],
        ["ForestBeginFadeDist", [250.000000, 480.000000]],
        ["VertForestDistMin", 800.000000],
        ["VertForestDistMax", 8000.000000],
        ["VertForestAngleMin", 0.000000],
        ["VertForestAngleMax", 45.000000],
        ["VertForestBeginFadeDist", [250.000000, 410.000000]],
        ["TerrainShadowPower", 2.000000],
        ["IsAntiLighting", true],
        ["NormalNoise", 0.300000],
        ["WaterBorderColor", new Color(0.556863, 0.494118, 0.443137, 1.000000)]
      ]
    ],

    [
      "Cloud_big_wide",
      "Cloud",
      "CCloud",
      new Matrix(
          0.448989, 0.893537, 0.000000, 14056.823242,
          -0.893537, 0.448989, 0.000000, 1178.428467,
          0.000000, 0.000000, 1.000000, 1680.994751,
          0.000000, 0.000000, 0.000000, 1.000000
        ),
      [
        ["SpriteSize", 800.000000],
        ["Density", 0.530000],
        ["Ambient", new Color(1.000000, 1.000000, 1.000000, 1.000000)],
        ["DbgRenderBoxes", false],
        ["Height0", 0.000000],
        ["Color0", new Color(0.890196, 0.949020, 0.992157, 1.000000)],
        ["Height1", 0.380000],
        ["Color1", new Color(0.827451, 0.831373, 0.847059, 1.000000)],
        ["Height2", 0.300000],
        ["Color2", new Color(1.000000, 1.000000, 1.000000, 1.000000)],
        ["Height3", 0.500000],
        ["Color3", new Color(1.000000, 1.000000, 1.000000, 1.000000)],
        ["Height4", 0.700000],
        ["Color4", new Color(1.000000, 1.000000, 1.000000, 1.000000)],
        ["Matid0", ["Mtr_c", "Mtr_d", "Mtr_e", "Mtr_5"]],
        ["Matid1", ["Mtr_4", "Mtr_6", "Mtr_a", "Mtr_b"]],
        ["Matid2", ["Mtr_4", "Mtr_5", "Mtr_6", "Mtr_7"]],
        ["Matid3", ["Mtr_b", "Mtr_4", "Mtr_3"]],
        ["Matid4", ["Mtr_b", "Mtr_4", "Mtr_3", "Mtr_0"]],
        ["Size0", 0.700000],
        ["Size1", 1.000000],
        ["Size2", 1.000000],
        ["Size3", 1.000000],
        ["Size4", 1.000000],
        ["Dens0", 0.700000],
        ["Dens1", 0.300000],
        ["Dens2", 0.200000],
        ["Dens3", 0.300000],
        ["Dens4", 0.300000],
        ["Boxes", [[new Vector(0.000000, 0.000000, 0.000000), new Vector(3000.000000, 1500.000000, 350.000000)], [new Vector(200.000000, 300.000000, 800.000000), new Vector(800.000000, 2000.000000, 2000.000000)], [new Vector(1000.000000, 600.000000, 1250.000000), new Vector(800.000000, 1000.000000, 500.000000)], [new Vector(1000.000000, 800.000000, 850.000000), new Vector(1500.000000, 1500.000000, 650.000000)], [new Vector(1000.000000, 800.000000, 350.000000), new Vector(800.000000, 800.000000, 550.000000)], [new Vector(0.000000, 1500.000000, 600.000000), new Vector(1000.000000, 1500.000000, 1200.000000)], [new Vector(600.000000, 2500.000000, 1500.000000), new Vector(2000.000000, 1500.000000, 1600.000000)]]],
        ["RenderClouds", true],
        ["NearAtten", 50.000000],
        ["FarAtten", 1000.000000]
      ]
    ],

    [
      "MainPlayerUnit",
      "GameObject",
      "CTankPzVITigerE1Unit",
      new Matrix(
          -0.182073, 0.981922, 0.051759, 13813.435547,
          -0.983277, -0.181612, -0.013527, 4971.428711,
          -0.003880, -0.053354, 0.998568, 542.327698,
          0.000000, 0.000000, 0.000000, 1.000000
        ),
      [
        ["IsPlayer", true],
        ["IsManual", true],
        ["Affiliation", "FRIEND"],
        ["SurfaceControl", "None"],
        ["Number", "111"],
        ["Markings", ""],
        ["K_RINGS", "8"],
        ["Flag", false]
      ]
    ],

    [
      "Visochany_Group01_House1",
      "InteriorObject",
      "CUSRHouseWoodUnit",
      new Matrix(
          -0.649849, 0.760023, -0.007814, 13882.006836,
          -0.759948, -0.649895, -0.010743, 4897.479492,
          -0.013244, -0.001043, 0.999912, 541.986694,
          0.000000, 0.000000, 0.000000, 1.000000
        ),
      [
        ["SurfaceControl", "PutonGround"],
        ["IsPlayer", false]
      ]
    ],

    [
      "Visochany_Group01_Fence1",
      "InteriorObject",
      "CFenceWickerUnit",
      new Matrix(
          -0.801198, -0.598399, 0.000000, 13877.526367,
          0.598399, -0.801198, 0.000000, 4905.927734,
          0.000000, 0.000000, 1.000000, 542.003479,
          0.000000, 0.000000, 0.000000, 1.000000
        ),
      [
        ["SurfaceControl", "PutonGround"],
        ["Length", 6],
        ["IsPlayer", false]
      ]
    ],

    [
      "Visochany_Group01_Fence2",
      "InteriorObject",
      "CFencePoleUnit",
      new Matrix(
          -0.608073, 0.793881, 0.000000, 13868.136719,
          -0.793881, -0.608073, 0.000000, 4913.357422,
          0.000000, 0.000000, 1.000000, 541.851868,
          0.000000, 0.000000, 0.000000, 1.000000
        ),
      [
        ["SurfaceControl", "PutonGround"],
        ["Length", 7],
        ["IsPlayer", false]
      ]
    ],

    [
      "Visochany_Group01_Fence3",
      "InteriorObject",
      "CFencePoleUnit",
      new Matrix(
          0.828375, 0.560173, 0.000000, 13856.736328,
          -0.560173, 0.828375, 0.000000, 4898.907715,
          0.000000, 0.000000, 1.000000, 541.799988,
          0.000000, 0.000000, 0.000000, 1.000000
        ),
      [
        ["SurfaceControl", "PutonGround"],
        ["Length", 7],
        ["IsPlayer", false]
      ]
    ],

    [
      "Visochany_Group01_Fence4",
      "InteriorObject",
      "CFenceWickerUnit",
      new Matrix(
          0.731362, -0.681989, 0.000000, 13871.577148,
          0.681989, 0.731362, 0.000000, 4888.181641,
          0.000000, 0.000000, 1.000000, 541.811646,
          0.000000, 0.000000, 0.000000, 1.000000
        ),
      [
        ["SurfaceControl", "PutonGround"],
        ["Length", 6],
        ["IsPlayer", false]
      ]
    ],

    [
      "Vysochany_HouseGroup02_FenceWicker_1",
      "InteriorObject",
      "CFenceWickerUnit",
      new Matrix(
          -0.820793, -0.571226, 0.000000, 13922.957031,
          0.571226, -0.820793, 0.000000, 4872.622070,
          0.000000, 0.000000, 1.000000, 541.760437,
          0.000000, 0.000000, 0.000000, 1.000000
        ),
      [
        ["SurfaceControl", "PutonGround"],
        ["Length", 8],
        ["IsPlayer", false]
      ]
    ],

    [
      "Vysochany_HouseGroup02_FenceWicker_2",
      "InteriorObject",
      "CFenceWickerUnit",
      new Matrix(
          -0.633064, 0.774099, 0.000000, 13914.183594,
          -0.774099, -0.633064, 0.000000, 4878.684082,
          0.000000, 0.000000, 1.000000, 541.765503,
          0.000000, 0.000000, 0.000000, 1.000000
        ),
      [
        ["SurfaceControl", "PutonGround"],
        ["Length", 9],
        ["IsPlayer", false]
      ]
    ],

    [
      "Vysochany_HouseGroup02_FenceWicker_3",
      "InteriorObject",
      "CFenceWickerUnit",
      new Matrix(
          0.771723, 0.635958, 0.000000, 13904.111328,
          -0.635958, 0.771723, 0.000000, 4864.609375,
          0.000000, 0.000000, 1.000000, 541.377808,
          0.000000, 0.000000, 0.000000, 1.000000
        ),
      [
        ["SurfaceControl", "PutonGround"],
        ["Length", 6],
        ["IsPlayer", false]
      ]
    ],

    [
      "Vysochany_HouseGroup02_FenceWicker_4",
      "InteriorObject",
      "CFenceWickerUnit",
      new Matrix(
          0.659894, -0.751359, 0.000000, 13923.192383,
          0.751359, 0.659894, 0.000000, 4853.647461,
          0.000000, 0.000000, 1.000000, 541.476990,
          0.000000, 0.000000, 0.000000, 1.000000
        ),
      [
        ["SurfaceControl", "PutonGround"],
        ["Length", 6],
        ["IsPlayer", false]
      ]
    ],

    [
      "Vysochany_HouseGroup02_USRHouseWood_1",
      "InteriorObject",
      "CUSRHouseWoodUnit",
      new Matrix(
          -0.579822, 0.814626, -0.013794, 13929.298828,
          -0.814447, -0.579985, -0.017127, 4865.975586,
          -0.021952, 0.001304, 0.999758, 541.737366,
          0.000000, 0.000000, 0.000000, 1.000000
        ),
      [
        ["SurfaceControl", "PutonGround"],
        ["IsPlayer", false]
      ]
    ],

    [
      "Vysochany_HouseGroup02_FenceWicker_5",
      "InteriorObject",
      "CFenceWickerUnit",
      new Matrix(
          0.757075, 0.653328, 0.000000, 13912.861328,
          -0.653328, 0.757075, 0.000000, 4856.854004,
          0.000000, 0.000000, 1.000000, 541.350403,
          0.000000, 0.000000, 0.000000, 1.000000
        ),
      [
        ["SurfaceControl", "PutonGround"],
        ["Length", 5],
        ["IsPlayer", false]
      ]
    ],

    [
      "Vysochany_HouseGroup03_FenceWicker_1",
      "InteriorObject",
      "CFenceWickerUnit",
      new Matrix(
          0.690577, -0.723258, 0.000000, 13914.999023,
          0.723258, 0.690577, 0.000000, 4844.802246,
          0.000000, 0.000000, 1.000000, 541.286621,
          0.000000, 0.000000, 0.000000, 1.000000
        ),
      [
        ["SurfaceControl", "PutonGround"],
        ["Length", 6],
        ["IsPlayer", false]
      ]
    ],

    [
      "Vysochany_HouseGroup03_FenceWicker_3",
      "InteriorObject",
      "CFenceWickerUnit",
      new Matrix(
          -0.649475, 0.760383, 0.000000, 13904.036133,
          -0.760383, -0.649475, 0.000000, 4864.580078,
          0.000000, 0.000000, 1.000000, 541.377380,
          0.000000, 0.000000, 0.000000, 1.000000
        ),
      [
        ["SurfaceControl", "PutonGround"],
        ["Length", 9],
        ["IsPlayer", false]
      ]
    ],

    [
      "Vysochany_HouseGroup03_FenceWicker_4",
      "InteriorObject",
      "CFenceWickerUnit",
      new Matrix(
          0.866995, 0.498316, 0.000000, 13893.754883,
          -0.498316, 0.866995, 0.000000, 4849.953125,
          0.000000, 0.000000, 1.000000, 541.003174,
          0.000000, 0.000000, 0.000000, 1.000000
        ),
      [
        ["SurfaceControl", "PutonGround"],
        ["Length", 5],
        ["IsPlayer", false]
      ]
    ],

    [
      "Vysochany_HouseGroup03_USRShedWood_1",
      "InteriorObject",
      "CUSRShedWoodUnit",
      new Matrix(
          -0.799622, -0.600286, -0.016152, 13906.014648,
          0.600469, -0.799576, -0.010751, 4844.272949,
          -0.006461, -0.018296, 0.999812, 541.131042,
          0.000000, 0.000000, 0.000000, 1.000000
        ),
      [
        ["SurfaceControl", "PutonGround"],
        ["IsPlayer", false]
      ]
    ],

    [
      "Vysochany_HouseGroup04_FenceWicker_1",
      "InteriorObject",
      "CFencePoleUnit",
      new Matrix(
          0.884753, 0.466061, 0.000000, 13885.018555,
          -0.466061, 0.884753, 0.000000, 4865.107910,
          0.000000, 0.000000, 1.000000, 541.283691,
          0.000000, 0.000000, 0.000000, 1.000000
        ),
      [
        ["SurfaceControl", "PutonGround"],
        ["Length", 6],
        ["IsPlayer", false]
      ]
    ],

    [
      "Vysochany_HouseGroup04_FenceWicker_2",
      "InteriorObject",
      "CFenceWickerUnit",
      new Matrix(
          -0.867482, -0.497469, 0.000000, 13908.627930,
          0.497469, -0.867482, 0.000000, 4883.036621,
          0.000000, 0.000000, 1.000000, 541.816467,
          0.000000, 0.000000, 0.000000, 1.000000
        ),
      [
        ["SurfaceControl", "PutonGround"],
        ["Length", 7],
        ["IsPlayer", false]
      ]
    ],

    [
      "Vysochany_HouseGroup04_FenceWicker_3",
      "InteriorObject",
      "CFencePoleUnit",
      new Matrix(
          -0.556625, 0.830764, 0.000000, 13896.858398,
          -0.830764, -0.556625, 0.000000, 4890.497070,
          0.000000, 0.000000, 1.000000, 541.930054,
          0.000000, 0.000000, 0.000000, 1.000000
        ),
      [
        ["SurfaceControl", "PutonGround"],
        ["Length", 5],
        ["IsPlayer", false]
      ]
    ],

    [
      "Vysochany_HouseGroup04_USRHouseWood_1",
      "InteriorObject",
      "CUSRHouseWoodUnit",
      new Matrix(
          0.540895, -0.841071, -0.005711, 13906.979492,
          0.840785, 0.540869, -0.023275, 4877.133789,
          0.022665, 0.007788, 0.999713, 541.678528,
          0.000000, 0.000000, 0.000000, 1.000000
        ),
      [
        ["SurfaceControl", "PutonGround"],
        ["IsPlayer", false]
      ]
    ],

    [
      "Vysochany_HouseGroup04_FenceWicker_4",
      "InteriorObject",
      "CFencePoleUnit",
      new Matrix(
          -0.349845, 0.936808, 0.000000, 13889.453125,
          -0.936808, -0.349845, 0.000000, 4877.657715,
          0.000000, 0.000000, 1.000000, 541.653503,
          0.000000, 0.000000, 0.000000, 1.000000
        ),
      [
        ["SurfaceControl", "PutonGround"],
        ["Length", 5],
        ["IsPlayer", false]
      ]
    ],

    [
      "Vysochany_WaterDown_01",
      "InteriorObject",
      "CWaterWell_1Unit",
      new Matrix(
          0.642739, -0.766047, -0.007639, 13838.039063,
          0.766085, 0.642714, 0.005689, 4938.399414,
          0.000551, -0.009508, 0.999955, 541.356506,
          0.000000, 0.000000, 0.000000, 1.000000
        ),
      [
        ["SurfaceControl", "PutonGround"],
        ["HitPoints", 100.000000],
        ["Affiliation", "NEUTRAL"],
        ["Route", []],
        ["ShadowPlaneOffset", 0.050000],
        ["FakeShadowOffset", 0.090000]
      ]
    ],

    [
      "Vysochany_WaterHigh_01",
      "InteriorObject",
      "CWaterWell_2Unit",
      new Matrix(
          0.799262, 0.600983, 0.000000, 13837.412109,
          -0.600983, 0.799262, 0.000000, 4938.257813,
          0.000000, 0.000000, 1.000000, 541.380005,
          0.000000, 0.000000, 0.000000, 1.000000
        ),
      [
        ["IsPlayer", false]
      ]
    ],

    [
      "Vysochany_HouseGroup05_FenceWicker_1",
      "InteriorObject",
      "CFenceWickerUnit",
      new Matrix(
          -0.740114, -0.672482, 0.000000, 13956.357422,
          0.672482, -0.740114, 0.000000, 4849.984375,
          0.000000, 0.000000, 1.000000, 541.738953,
          0.000000, 0.000000, 0.000000, 1.000000
        ),
      [
        ["SurfaceControl", "PutonGround"],
        ["Length", 6],
        ["IsPlayer", false]
      ]
    ],

    [
      "Vysochany_HouseGroup05_FenceWicker_2",
      "InteriorObject",
      "CFenceWickerUnit",
      new Matrix(
          -0.713116, 0.701046, 0.000000, 13947.087891,
          -0.701046, -0.713116, 0.000000, 4857.442871,
          0.000000, 0.000000, 1.000000, 541.782166,
          0.000000, 0.000000, 0.000000, 1.000000
        ),
      [
        ["SurfaceControl", "PutonGround"],
        ["Length", 9],
        ["IsPlayer", false]
      ]
    ],

    [
      "Vysochany_HouseGroup05_FenceWicker_3",
      "InteriorObject",
      "CFenceWickerUnit",
      new Matrix(
          0.807426, 0.589969, 0.000000, 13934.087891,
          -0.589969, 0.807426, 0.000000, 4845.142090,
          0.000000, 0.000000, 1.000000, 541.468811,
          0.000000, 0.000000, 0.000000, 1.000000
        ),
      [
        ["SurfaceControl", "PutonGround"],
        ["Length", 8],
        ["IsPlayer", false]
      ]
    ],

    [
      "Vysochany_HouseGroup05_FenceWicker_4",
      "InteriorObject",
      "CFenceWickerUnit",
      new Matrix(
          0.612396, -0.790551, 0.000000, 13959.345703,
          0.790551, 0.612396, 0.000000, 4825.847168,
          0.000000, 0.000000, 1.000000, 540.897522,
          0.000000, 0.000000, 0.000000, 1.000000
        ),
      [
        ["SurfaceControl", "PutonGround"],
        ["Length", 6],
        ["IsPlayer", false]
      ]
    ],

    [
      "Vysochany_HouseGroup05_FenceWicker_5",
      "InteriorObject",
      "CFenceWickerUnit",
      new Matrix(
          0.782879, 0.622174, 0.000000, 13946.693359,
          -0.622174, 0.782879, 0.000000, 4835.640625,
          0.000000, 0.000000, 1.000000, 541.291870,
          0.000000, 0.000000, 0.000000, 1.000000
        ),
      [
        ["SurfaceControl", "PutonGround"],
        ["Length", 8],
        ["IsPlayer", false]
      ]
    ],

    [
      "Vysochany_HouseGroup05_USRHouseWood_1",
      "InteriorObject",
      "CUSRHouseWoodUnit",
      new Matrix(
          -0.627783, 0.778366, -0.005895, 13962.315430,
          -0.777525, -0.627425, -0.042348, 4840.018066,
          -0.036661, -0.022002, 0.999086, 541.440735,
          0.000000, 0.000000, 0.000000, 1.000000
        ),
      [
        ["SurfaceControl", "PutonGround"],
        ["IsPlayer", false]
      ]
    ],

    [
      "Vysochany_HouseGroup05_FenceWicker_6",
      "InteriorObject",
      "CFenceWickerUnit",
      new Matrix(
          -0.787913, -0.615787, 0.000000, 13971.719727,
          0.615787, -0.787913, 0.000000, 4839.295898,
          0.000000, 0.000000, 1.000000, 541.470703,
          0.000000, 0.000000, 0.000000, 1.000000
        ),
      [
        ["SurfaceControl", "PutonGround"],
        ["Length", 6],
        ["IsPlayer", false]
      ]
    ],

    [
      "Vysochany_HouseGroup05_FenceWicker_7",
      "InteriorObject",
      "CFenceWickerUnit",
      new Matrix(
          0.638242, -0.769836, 0.000000, 13967.041992,
          0.769836, 0.638242, 0.000000, 4834.981445,
          0.000000, 0.000000, 1.000000, 541.227356,
          0.000000, 0.000000, 0.000000, 1.000000
        ),
      [
        ["SurfaceControl", "PutonGround"],
        ["Length", 3],
        ["IsPlayer", false]
      ]
    ],

    [
      "Vysochany_HouseGroup06_FenceWicker_1",
      "InteriorObject",
      "CFencePoleUnit",
      new Matrix(
          0.719140, 0.694866, 0.000000, 13916.389648,
          -0.694866, 0.719140, 0.000000, 4828.850098,
          0.000000, 0.000000, 1.000000, 541.044434,
          0.000000, 0.000000, 0.000000, 1.000000
        ),
      [
        ["SurfaceControl", "PutonGround"],
        ["Length", 6],
        ["IsPlayer", false]
      ]
    ],

    [
      "Vysochany_HouseGroup06_FenceWicker_2",
      "InteriorObject",
      "CFencePoleUnit",
      new Matrix(
          0.607321, -0.794457, 0.000000, 13940.963867,
          0.794457, 0.607321, 0.000000, 4829.590332,
          0.000000, 0.000000, 1.000000, 541.192871,
          0.000000, 0.000000, 0.000000, 1.000000
        ),
      [
        ["SurfaceControl", "PutonGround"],
        ["Length", 3],
        ["IsPlayer", false]
      ]
    ],

    [
      "Vysochany_HouseGroup06_FenceWicker_3",
      "InteriorObject",
      "CFenceWickerUnit",
      new Matrix(
          -0.740160, 0.672430, 0.000000, 13933.931641,
          -0.672430, -0.740160, 0.000000, 4845.045410,
          0.000000, 0.000000, 1.000000, 541.468018,
          0.000000, 0.000000, 0.000000, 1.000000
        ),
      [
        ["SurfaceControl", "PutonGround"],
        ["Length", 5],
        ["IsPlayer", false]
      ]
    ],

    [
      "Vysochany_HouseGroup06_FenceWicker_4",
      "InteriorObject",
      "CFenceWickerUnit",
      new Matrix(
          -0.748429, 0.663215, 0.000000, 13925.164063,
          -0.663215, -0.748429, 0.000000, 4837.018066,
          0.000000, 0.000000, 1.000000, 541.314453,
          0.000000, 0.000000, 0.000000, 1.000000
        ),
      [
        ["SurfaceControl", "PutonGround"],
        ["Length", 6],
        ["IsPlayer", false]
      ]
    ],

    [
      "Vysochany_HouseGroup06_USRHouseWood_1",
      "InteriorObject",
      "CUSRHouseWoodUnit",
      new Matrix(
          -0.746668, -0.665129, -0.009531, 13924.500000,
          0.665124, -0.746296, -0.025536, 4828.645020,
          0.009872, -0.025406, 0.999628, 541.135376,
          0.000000, 0.000000, 0.000000, 1.000000
        ),
      [
        ["SurfaceControl", "PutonGround"],
        ["IsPlayer", false]
      ]
    ],

    [
      "Vysochany_HouseGroup06_FenceWicker_5",
      "InteriorObject",
      "CFencePoleUnit",
      new Matrix(
          0.788043, -0.615621, 0.000000, 13927.678711,
          0.615621, 0.788043, 0.000000, 4817.632813,
          0.000000, 0.000000, 1.000000, 540.849243,
          0.000000, 0.000000, 0.000000, 1.000000
        ),
      [
        ["SurfaceControl", "PutonGround"],
        ["Length", 3],
        ["IsPlayer", false]
      ]
    ],

    [
      "Vysochany_HouseGroup07_FenceWicker_1",
      "InteriorObject",
      "CFenceWickerUnit",
      new Matrix(
          -0.766746, 0.641950, 0.000000, 13916.387695,
          -0.641950, -0.766746, 0.000000, 4829.011719,
          0.000000, 0.000000, 1.000000, 541.046997,
          0.000000, 0.000000, 0.000000, 1.000000
        ),
      [
        ["SurfaceControl", "PutonGround"],
        ["Length", 6],
        ["IsPlayer", false]
      ]
    ],

    [
      "Vysochany_HouseGroup07_FenceWicker_3",
      "InteriorObject",
      "CFenceWickerUnit",
      new Matrix(
          0.750538, 0.660827, 0.000000, 13903.513672,
          -0.660827, 0.750538, 0.000000, 4808.830078,
          0.000000, 0.000000, 1.000000, 540.498901,
          0.000000, 0.000000, 0.000000, 1.000000
        ),
      [
        ["SurfaceControl", "PutonGround"],
        ["Length", 7],
        ["IsPlayer", false]
      ]
    ],

    [
      "Vysochany_HouseGroup07_FenceWicker_4",
      "InteriorObject",
      "CFencePoleUnit",
      new Matrix(
          0.723801, -0.690009, 0.000000, 13924.214844,
          0.690009, 0.723801, 0.000000, 4794.061035,
          0.000000, 0.000000, 1.000000, 539.943542,
          0.000000, 0.000000, 0.000000, 1.000000
        ),
      [
        ["SurfaceControl", "PutonGround"],
        ["Length", 3],
        ["IsPlayer", false]
      ]
    ],

    [
      "Vysochany_HouseGroup07_FenceWicker_5",
      "InteriorObject",
      "CFenceWickerUnit",
      new Matrix(
          0.890163, 0.455643, 0.000000, 13913.541992,
          -0.455643, 0.890163, 0.000000, 4799.674805,
          0.000000, 0.000000, 1.000000, 540.217041,
          0.000000, 0.000000, 0.000000, 1.000000
        ),
      [
        ["SurfaceControl", "PutonGround"],
        ["Length", 6],
        ["IsPlayer", false]
      ]
    ],

    [
      "Vysochany_HouseGroup07_FenceWicker_6",
      "InteriorObject",
      "CFencePoleUnit",
      new Matrix(
          -0.735277, -0.677767, 0.000000, 13937.296875,
          0.677767, -0.735277, 0.000000, 4807.920898,
          0.000000, 0.000000, 1.000000, 540.499207,
          0.000000, 0.000000, 0.000000, 1.000000
        ),
      [
        ["SurfaceControl", "PutonGround"],
        ["Length", 4],
        ["IsPlayer", false]
      ]
    ],

    [
      "Vysochany_HouseGroup07_FenceWicker_7",
      "InteriorObject",
      "CFenceWickerUnit",
      new Matrix(
          0.673840, -0.738878, 0.000000, 13933.174805,
          0.738878, 0.673840, 0.000000, 4803.275391,
          0.000000, 0.000000, 1.000000, 540.312561,
          0.000000, 0.000000, 0.000000, 1.000000
        ),
      [
        ["SurfaceControl", "PutonGround"],
        ["Length", 3],
        ["IsPlayer", false]
      ]
    ],

    [
      "Vysochany_HouseGroup07_USRHouseWood_1",
      "InteriorObject",
      "CUSRHouseWoodUnit",
      new Matrix(
          -0.663884, -0.747833, -0.001723, 13904.500000,
          0.747646, -0.663663, -0.024023, 4813.743164,
          0.016822, -0.017237, 0.999710, 540.633240,
          0.000000, 0.000000, 0.000000, 1.000000
        ),
      [
        ["SurfaceControl", "PutonGround"],
        ["IsPlayer", false]
      ]
    ],

    [
      "Vysochany_HouseGroup08_FenceWicker_1",
      "InteriorObject",
      "CFenceWickerUnit",
      new Matrix(
          0.871712, 0.490019, 0.000000, 13904.046875,
          -0.490019, 0.871712, 0.000000, 4898.443848,
          0.000000, 0.000000, 1.000000, 542.124756,
          0.000000, 0.000000, 0.000000, 1.000000
        ),
      [
        ["SurfaceControl", "PutonGround"],
        ["Length", 8],
        ["IsPlayer", false]
      ]
    ],

    [
      "Vysochany_HouseGroup08_FenceWicker_2",
      "InteriorObject",
      "CFenceWickerUnit",
      new Matrix(
          0.658579, -0.752511, 0.000000, 13917.532227,
          0.752511, 0.658579, 0.000000, 4890.170410,
          0.000000, 0.000000, 1.000000, 542.093140,
          0.000000, 0.000000, 0.000000, 1.000000
        ),
      [
        ["SurfaceControl", "PutonGround"],
        ["Length", 9],
        ["IsPlayer", false]
      ]
    ],

    [
      "Vysochany_HouseGroup08_FenceWicker_3",
      "InteriorObject",
      "CFencePoleUnit",
      new Matrix(
          -0.847980, -0.530028, 0.000000, 13926.303711,
          0.530028, -0.847980, 0.000000, 4904.270020,
          0.000000, 0.000000, 1.000000, 542.640259,
          0.000000, 0.000000, 0.000000, 1.000000
        ),
      [
        ["SurfaceControl", "PutonGround"],
        ["Length", 6],
        ["IsPlayer", false]
      ]
    ],

    [
      "Vysochany_HouseGroup08_FenceWicker_4",
      "InteriorObject",
      "CFencePoleUnit",
      new Matrix(
          -0.652956, 0.757396, 0.000000, 13899.641602,
          -0.757396, -0.652956, 0.000000, 4921.182617,
          0.000000, 0.000000, 1.000000, 542.350403,
          0.000000, 0.000000, 0.000000, 1.000000
        ),
      [
        ["SurfaceControl", "PutonGround"],
        ["Length", 6],
        ["IsPlayer", false]
      ]
    ],

    [
      "Vysochany_HouseGroup08_FenceWicker_5",
      "InteriorObject",
      "CFenceWickerUnit",
      new Matrix(
          -0.860190, -0.509974, 0.000000, 13913.104492,
          0.509974, -0.860190, 0.000000, 4912.759766,
          0.000000, 0.000000, 1.000000, 542.495056,
          0.000000, 0.000000, 0.000000, 1.000000
        ),
      [
        ["SurfaceControl", "PutonGround"],
        ["Length", 8],
        ["IsPlayer", false]
      ]
    ],

    [
      "Vysochany_HouseGroup08_FenceWicker_6",
      "InteriorObject",
      "CFenceWickerUnit",
      new Matrix(
          0.788313, 0.615274, 0.000000, 13889.495117,
          -0.615274, 0.788313, 0.000000, 4909.046387,
          0.000000, 0.000000, 1.000000, 542.102112,
          0.000000, 0.000000, 0.000000, 1.000000
        ),
      [
        ["SurfaceControl", "PutonGround"],
        ["Length", 6],
        ["IsPlayer", false]
      ]
    ],

    [
      "Vysochany_HouseGroup08_USRHouseWood_1",
      "InteriorObject",
      "CUSRHouseWoodUnit",
      new Matrix(
          0.570586, -0.821137, -0.012846, 13897.941406,
          0.821082, 0.570713, -0.010561, 4908.241211,
          0.016003, -0.004522, 0.999862, 542.211853,
          0.000000, 0.000000, 0.000000, 1.000000
        ),
      [
        ["SurfaceControl", "PutonGround"],
        ["IsPlayer", false]
      ]
    ],

    [
      "Vysochany_HouseGroup09_FenceWicker_1",
      "InteriorObject",
      "CFencePoleUnit",
      new Matrix(
          -0.765776, -0.643107, 0.000000, 13948.472656,
          0.643107, -0.765776, 0.000000, 4901.340820,
          0.000000, 0.000000, 1.000000, 543.181335,
          0.000000, 0.000000, 0.000000, 1.000000
        ),
      [
        ["SurfaceControl", "PutonGround"],
        ["Length", 6],
        ["IsPlayer", false]
      ]
    ],

    [
      "Vysochany_HouseGroup09_FenceWicker_2",
      "InteriorObject",
      "CFenceWickerUnit",
      new Matrix(
          0.837226, 0.546857, 0.000000, 13920.543945,
          -0.546857, 0.837226, 0.000000, 4887.109375,
          0.000000, 0.000000, 1.000000, 542.068054,
          0.000000, 0.000000, 0.000000, 1.000000
        ),
      [
        ["SurfaceControl", "PutonGround"],
        ["Length", 7],
        ["IsPlayer", false]
      ]
    ],

    [
      "Vysochany_HouseGroup09_FenceWicker_3",
      "InteriorObject",
      "CFenceWickerUnit",
      new Matrix(
          0.658523, -0.752560, 0.000000, 13931.830078,
          0.752560, 0.658523, 0.000000, 4878.951172,
          0.000000, 0.000000, 1.000000, 542.070374,
          0.000000, 0.000000, 0.000000, 1.000000
        ),
      [
        ["SurfaceControl", "PutonGround"],
        ["Length", 7],
        ["IsPlayer", false]
      ]
    ],

    [
      "Vysochany_HouseGroup09_FenceWicker_4",
      "InteriorObject",
      "CFenceWickerUnit",
      new Matrix(
          0.503930, -0.863745, 0.000000, 13940.796875,
          0.863745, 0.503930, 0.000000, 4889.712891,
          0.000000, 0.000000, 1.000000, 542.627441,
          0.000000, 0.000000, 0.000000, 1.000000
        ),
      [
        ["SurfaceControl", "PutonGround"],
        ["Length", 7],
        ["IsPlayer", false]
      ]
    ],

    [
      "Vysochany_HouseGroup09_USRHouseWood_1",
      "InteriorObject",
      "CUSRHouseWoodUnit",
      new Matrix(
          -0.585894, 0.810075, -0.022506, 13925.537109,
          -0.809647, -0.586320, -0.026476, 4888.534668,
          -0.034643, 0.002709, 0.999396, 542.217712,
          0.000000, 0.000000, 0.000000, 1.000000
        ),
      [
        ["SurfaceControl", "PutonGround"],
        ["IsPlayer", false]
      ]
    ],

    [
      "Vysochany_HouseGroup09_FenceWicker_5",
      "InteriorObject",
      "CFencePoleUnit",
      new Matrix(
          -0.655029, 0.755604, 0.000000, 13935.982422,
          -0.755604, -0.655029, 0.000000, 4911.120117,
          0.000000, 0.000000, 1.000000, 543.096802,
          0.000000, 0.000000, 0.000000, 1.000000
        ),
      [
        ["SurfaceControl", "PutonGround"],
        ["Length", 3],
        ["IsPlayer", false]
      ]
    ],

    [
      "Vysochany_HouseGroup10_FenceWicker_1",
      "InteriorObject",
      "CFenceWickerUnit",
      new Matrix(
          0.555074, -0.831801, 0.000000, 13954.983398,
          0.831801, 0.555074, 0.000000, 4863.229492,
          0.000000, 0.000000, 1.000000, 542.122742,
          0.000000, 0.000000, 0.000000, 1.000000
        ),
      [
        ["SurfaceControl", "PutonGround"],
        ["Length", 9],
        ["IsPlayer", false]
      ]
    ],

    [
      "Vysochany_HouseGroup10_FenceWicker_2",
      "InteriorObject",
      "CFencePoleUnit",
      new Matrix(
          -0.773072, -0.634318, 0.000000, 13954.618164,
          0.634318, -0.773072, 0.000000, 4886.484375,
          0.000000, 0.000000, 1.000000, 542.854736,
          0.000000, 0.000000, 0.000000, 1.000000
        ),
      [
        ["SurfaceControl", "PutonGround"],
        ["Length", 5],
        ["IsPlayer", false]
      ]
    ],

    [
      "Vysochany_HouseGroup10_FenceWicker_3",
      "InteriorObject",
      "CFenceWickerUnit",
      new Matrix(
          0.865284, 0.501281, 0.000000, 13931.951172,
          -0.501281, 0.865284, 0.000000, 4878.955566,
          0.000000, 0.000000, 1.000000, 542.073425,
          0.000000, 0.000000, 0.000000, 1.000000
        ),
      [
        ["SurfaceControl", "PutonGround"],
        ["Length", 5],
        ["IsPlayer", false]
      ]
    ],

    [
      "Vysochany_HouseGroup10_FenceWicker_4",
      "InteriorObject",
      "CFenceWickerUnit",
      new Matrix(
          0.824857, 0.565342, 0.000000, 13944.880859,
          -0.565342, 0.824857, 0.000000, 4869.781250,
          0.000000, 0.000000, 1.000000, 542.090149,
          0.000000, 0.000000, 0.000000, 1.000000
        ),
      [
        ["SurfaceControl", "PutonGround"],
        ["Length", 6],
        ["IsPlayer", false]
      ]
    ],

    [
      "Vysochany_HouseGroup10_FenceWicker_5",
      "InteriorObject",
      "CFenceWickerUnit",
      new Matrix(
          -0.771058, -0.636765, 0.000000, 13965.582031,
          0.636765, -0.771058, 0.000000, 4877.677246,
          0.000000, 0.000000, 1.000000, 542.836243,
          0.000000, 0.000000, 0.000000, 1.000000
        ),
      [
        ["SurfaceControl", "PutonGround"],
        ["Length", 7],
        ["IsPlayer", false]
      ]
    ],

    [
      "Vysochany_HouseGroup10_USRHouseWood_1",
      "InteriorObject",
      "CUSRHouseWoodUnit",
      new Matrix(
          -0.579032, 0.814955, -0.023883, 13952.097656,
          -0.814333, -0.579524, -0.031842, 4872.107910,
          -0.039790, 0.001011, 0.999207, 542.346985,
          0.000000, 0.000000, 0.000000, 1.000000
        ),
      [
        ["SurfaceControl", "PutonGround"],
        ["IsPlayer", false]
      ]
    ],

    [
      "Vysochany_HouseGroup11_FenceWicker_1",
      "InteriorObject",
      "CFenceWickerUnit",
      new Matrix(
          -0.790306, -0.612712, 0.000000, 13981.296875,
          0.612712, -0.790306, 0.000000, 4832.348633,
          0.000000, 0.000000, 1.000000, 541.215088,
          0.000000, 0.000000, 0.000000, 1.000000
        ),
      [
        ["SurfaceControl", "PutonGround"],
        ["Length", 6],
        ["IsPlayer", false]
      ]
    ],

    [
      "Vysochany_HouseGroup11_FenceWicker_3",
      "InteriorObject",
      "CFenceWickerUnit",
      new Matrix(
          0.765743, 0.643147, 0.000000, 13959.478516,
          -0.643147, 0.765743, 0.000000, 4825.828613,
          0.000000, 0.000000, 1.000000, 540.895630,
          0.000000, 0.000000, 0.000000, 1.000000
        ),
      [
        ["SurfaceControl", "PutonGround"],
        ["Length", 8],
        ["IsPlayer", false]
      ]
    ],

    [
      "Vysochany_HouseGroup11_FenceWicker_5",
      "InteriorObject",
      "CFenceWickerUnit",
      new Matrix(
          0.870455, 0.492248, 0.000000, 13971.647461,
          -0.492248, 0.870455, 0.000000, 4815.435547,
          0.000000, 0.000000, 1.000000, 540.454834,
          0.000000, 0.000000, 0.000000, 1.000000
        ),
      [
        ["SurfaceControl", "PutonGround"],
        ["Length", 9],
        ["IsPlayer", false]
      ]
    ],

    [
      "Vysochany_HouseGroup11_FenceWicker_6",
      "InteriorObject",
      "CFenceWickerUnit",
      new Matrix(
          -0.823679, -0.567057, 0.000000, 13996.943359,
          0.567057, -0.823679, 0.000000, 4821.341797,
          0.000000, 0.000000, 1.000000, 540.813599,
          0.000000, 0.000000, 0.000000, 1.000000
        ),
      [
        ["SurfaceControl", "PutonGround"],
        ["Length", 6],
        ["IsPlayer", false]
      ]
    ],

    [
      "Vysochany_HouseGroup11_FenceWicker_7",
      "InteriorObject",
      "CFenceWickerUnit",
      new Matrix(
          0.544151, -0.838987, 0.000000, 13987.094727,
          0.838987, 0.544151, 0.000000, 4806.208008,
          0.000000, 0.000000, 1.000000, 540.063843,
          0.000000, 0.000000, 0.000000, 1.000000
        ),
      [
        ["SurfaceControl", "PutonGround"],
        ["Length", 9],
        ["IsPlayer", false]
      ]
    ],

    [
      "Vysochany_HouseGroup11_USRHouseWood_1",
      "InteriorObject",
      "CUSRHouseWoodUnit",
      new Matrix(
          -0.568758, 0.822497, -0.003631, 13986.034180,
          -0.821643, -0.568359, -0.043254, 4813.060059,
          -0.037640, -0.021617, 0.999058, 540.365112,
          0.000000, 0.000000, 0.000000, 1.000000
        ),
      [
        ["SurfaceControl", "PutonGround"],
        ["IsPlayer", false]
      ]
    ],

    [
      "NavPointVis",
      "NavPoint",
      "CZAxisCylNavPoint",
      new Matrix(
          0.055783, -0.998443, 0.000000, 13805.916016,
          0.998443, 0.055783, 0.000000, 4723.148438,
          0.000000, 0.000000, 1.000000, 496.217865,
          0.000000, 0.000000, 0.000000, 1.000000
        ),
      [
        ["Range", 7.000000],
        ["IsVisible", true],
        ["IsMain", true],
        ["Name", "CC1M5Mission_Strings::str_NavPointVis"]
      ]
    ],

    [
      "viso_le_template_FenceWicker_1",
      "InteriorObject",
      "CFenceWickerUnit",
      new Matrix(
          -0.743905, -0.668286, 0.000000, 13856.787109,
          0.668286, -0.743905, 0.000000, 4898.692383,
          0.000000, 0.000000, 1.000000, 541.799927,
          0.000000, 0.000000, 0.000000, 1.000000
        ),
      [
        ["Length", 11],
        ["SurfaceControl", "PutonGround"]
      ]
    ],

    [
      "viso_le_template_FenceWicker_3",
      "InteriorObject",
      "CFenceWickerUnit",
      new Matrix(
          -0.721666, -0.692241, 0.000000, 13866.414063,
          0.692241, -0.721666, 0.000000, 4914.581543,
          0.000000, 0.000000, 1.000000, 541.814636,
          0.000000, 0.000000, 0.000000, 1.000000
        ),
      [
        ["Length", 12],
        ["SurfaceControl", "PutonGround"]
      ]
    ],

    [
      "viso_le_template_FenceWicker_4",
      "InteriorObject",
      "CFenceWickerUnit",
      new Matrix(
          -0.677387, 0.735627, 0.000000, 13849.268555,
          -0.735627, -0.677387, 0.000000, 4931.205566,
          0.000000, 0.000000, 1.000000, 541.431702,
          0.000000, 0.000000, 0.000000, 1.000000
        ),
      [
        ["Length", 9],
        ["SurfaceControl", "PutonGround"]
      ]
    ],

    [
      "viso_le_template_USRHouseWood_1",
      "InteriorObject",
      "CUSRHouseWoodUnit",
      new Matrix(
          -0.700476, 0.713591, -0.011016, 13856.565430,
          -0.713676, -0.700410, 0.009617, 4915.415039,
          -0.000853, 0.014598, 0.999893, 541.684753,
          0.000000, 0.000000, 0.000000, 1.000000
        ),
      [
        ["SurfaceControl", "PutonGround"],
        ["HitPoints", 100.000000],
        ["Affiliation", "NEUTRAL"],
        ["Route", []],
