//-------------------------------------------------------------------
//                                                                   
//  This code is copyright 2001 by G5 Software.                      
//  Any unauthorized usage, either in part or in whole of this code  
//  is strictly prohibited. Violators WILL be prosecuted to the      
//  maximum extent allowed by law.                                   
//                                                                   
//-------------------------------------------------------------------
//                                                                   
//  Automatically-generated mission script file                      
//  DO NOT EDIT!                                                     
//                                                                   
//-------------------------------------------------------------------


class KurskM2Content
{
  static String m_ObjectListClassFile = "Missions/CustomMissions/KurskMission2/Content.script";
  static String m_ObjectListClassName = "KurskM2Content";

  static Array  m_MissionObjectList   = [
    [
      "Atmosphere",
      "",
      "",
      new Matrix(
          1.000000, 0.000000, 0.000000, 0.000000,
          0.000000, 1.000000, 0.000000, 0.000000,
          0.000000, 0.000000, 1.000000, 0.000000,
          0.000000, 0.000000, 0.000000, 1.000000
        ),
      [
        ["AmbientLight", new Color(0.356863, 0.356863, 0.356863, 1.000000)],
        ["AntiSunAngle", 10.000000],
        ["AntiSunColor", new Color(0.811765, 0.819608, 0.854902, 1.000000)],
        ["AntiSunIntensity", 0.400000],
        ["EnableHorizontAdjustment", true],
        ["FogColorXPos", new Color(0.976471, 0.988235, 1.000000, 1.000000)],
        ["FogColorXNeg", new Color(0.976471, 0.988235, 1.000000, 1.000000)],
        ["FogColorYPos", new Color(0.976471, 0.988235, 1.000000, 1.000000)],
        ["FogColorYNeg", new Color(0.976471, 0.988235, 1.000000, 1.000000)],
        ["FogDensity", 0.000400],
        ["FogNear", 1000.000000],
        ["FogFar", 4000.000000],
        ["FogFarMax", 8000.000000],
        ["FogMode", "Exp"],
        ["ShadowColor", new Color(0.521569, 0.521569, 0.521569, 1.000000)],
        ["SunColor", new Color(1.000000, 1.000000, 1.000000, 0.000000)],
        ["SunDirection", new Vector(-0.005952, -0.155542, -0.305348)],
        ["SunIntensity", 1.000000],
        ["TreeLightKoef", 0.000000],
        ["TreeNormalRelax", 0.000000],
        ["TreeShadowLodDistance", 25.000000],
        ["AntiSunHorAngle", 80.000000],
        ["BlindColor", new Color(1.000000, 1.000000, 1.000000, 1.000000)],
        ["SunSpecularIntensity", 0.500000],
        ["AntiSunEnabled", true],
        ["IsShadowEnabled", true],
        ["StencilShadowColor", new Color(0.521569, 0.521569, 0.521569, 1.000000)],
        ["CenterHeight", 100.000000],
        ["SunShines", 0.000000],
        ["IsSunVisible", true]
      ]
    ],

    [
      "Terrain",
      "",
      "",
      new Matrix(
          0.995138, -0.098486, 0.000000, 0.000000,
          0.098486, 0.995138, 0.000000, 0.000000,
          0.000000, 0.000000, 1.000000, 0.000000,
          0.000000, 0.000000, 0.000000, 1.000000
        ),
      [
        ["VertForestAngleMin", 0.000000],
        ["VertForestAngleMax", 45.000000],
        ["VertForestBeginFadeDist", [400.000000, 810.000000]],
        ["VertForestDistMin", 250.000000],
        ["TerrainShadowPower", 12.000000],
        ["IsAntiLighting", true],
        ["ForestTextureScale", 1.000000],
        ["ForestBorderScale", 0.500000],
        ["ForestShadowBorderScale", 2.000000],
        ["ForestAlphaScale", 10.000000],
        ["ForestShadowAlphaScale", 1.000000],
        ["ForestBeginFadeDist", [350.000000, 900.000000]],
        ["FakeForestBeginFadeDist", [800.000000, 3610.000000]],
        ["AnimationSpeed", 0.020000],
        ["VertForestDistMax", 3600.000000],
        ["ForestLightFadeDist", [100.000000, 910.000000]]
      ]
    ],

    [
      "MainPlayerUnit",
      "GameObject",
      "CTankPzVITigerE1_EarlyIIUnit",
      new Matrix(
          0.841678, -0.539499, -0.022755, 16025.126953,
          0.539935, 0.841399, 0.022735, 15583.691406,
          0.006881, -0.031422, 0.999482, 360.121338,
          0.000000, 0.000000, 0.000000, 1.000000
        ),
      [
        ["IsPlayer", true],
        ["IsManual", true],
        ["Affiliation", "FRIEND"],
        ["Number", "1301"],
        ["Markings", "LAH"],
        ["K_RINGS", "23"],
        ["Flag", true]
      ]
    ],

    [
      "Village",
      "ObjectsGroup",
      "CObjectsGroup",
      new Matrix(
          0.841173, 0.540767, 0.000000, 4694.041992,
          -0.540767, 0.841173, 0.000000, 3125.712891,
          0.000000, 0.000000, 1.000000, 351.616730,
          0.000000, 0.000000, 0.000000, 1.000000
        ),
      [
        ["Contents", ["AdministrativeBuilding", "FensesGroup1_1", "FensesGroup1_2", "FensesGroup1_3", "FensesGroup1_4", "FensesGroup1_5", "FensesGroup1_6", "FensesGroup2_1", "FensesGroup2_2", "FensesGroup2_3", "FensesGroup2_4", "FensesGroup3_1", "FensesGroup3_2", "FensesGroup3_3", "FensesGroup3_4", "FensesGroup3_5", "FensesGroup3_6", "FensesGroup4_1", "FensesGroup4_2", "FensesGroup4_3", "FensesGroup4_4", "FensesGroup5_1", "FensesGroup5_2", "FensesGroup5_3", "FensesGroup5_4", "FensesGroup6_1", "FensesGroup6_2", "FensesGroup6_3", "FensesGroup6_4", "FensesGroup7_1", "FensesGroup7_2", "FensesGroup7_3", "FensesGroup7_4", "FensesGroup7_5", "FensesGroup7_6", "FensesGroup8_1", "FensesGroup8_2", "FensesGroup8_3", "FensesGroup9_1", "FensesGroup9_2", "FensesGroup9_3", "FensesGroup9_4", "Village_Corral_2", "Village_Corral_5", "Village_Corral_8", "Village_House_1", "Village_House_3", "Village_House_4", "Village_House_5", "Village_House_7", "Village_House_8", "Village_Micro", "Village_Shed", "Village_Shed_3", "Village_Shed_6", "Village_Shed_7", "Village_Shed_9", "Village_Well1_1", "Village_Well1_2"]]
      ]
    ],

    [
      "Village_Micro",
      "Locator",
      "CTerrainPatch",
      new Matrix(
          -0.531176, 0.847262, 0.000000, 4694.020996,
          -0.847262, -0.531176, 0.000000, 3151.083740,
          0.000000, 0.000000, 1.000000, 348.286560,
          0.000000, 0.000000, 0.000000, 1.000000
        ),
      [
        ["Dimensions", new Vector(160.000000, 160.000000, 1.329254)],
        ["TextureName", "Textures/C1M1_Populated01_micro.tex"],
        ["ZoneName", "Textures/C1M1_Populated01_zone.bmp"],
        ["BorderSize", 40.000000]
      ]
    ],

    [
      "AdministrativeBuilding",
      "InteriorObject",
      "CUSRHouseWoodUnit",
      new Matrix(
          0.842168, 0.539215, -0.000008, 4707.713379,
          -0.539198, 0.842141, -0.007965, 3159.446533,
          -0.004288, 0.006712, 0.999968, 348.363647,
          0.000000, 0.000000, 0.000000, 1.000000
        ),
      [
        ["SurfaceControl", "PutonGround"],
        ["Affiliation", "NEUTRAL"],
        ["Route", []],
        ["FakeShadowOffset", 0.090000]
      ]
    ],

    [
      "Village_Shed",
      "InteriorObject",
      "CUSRShedWoodUnit",
      new Matrix(
          0.528993, -0.848626, -0.000005, 4780.703613,
          0.848519, 0.528926, -0.015931, 3121.263916,
          0.013522, 0.008424, 0.999873, 347.918274,
          0.000000, 0.000000, 0.000000, 1.000000
        ),
      [
        ["SurfaceControl", "PutonGround"],
        ["Affiliation", "NEUTRAL"],
        ["Route", []],
        ["FakeShadowOffset", 0.090000]
      ]
    ],

    [
      "Village_Well1_1",
      "InteriorObject",
      "CWaterWell_1Unit",
      new Matrix(
          -0.983374, 0.181589, 0.000000, 4707.264648,
          -0.181589, -0.983374, 0.000000, 3172.449463,
          0.000000, 0.000000, 1.000000, 348.478271,
          0.000000, 0.000000, 0.000000, 1.000000
        ),
      [
        ["SurfaceControl", "PutonGroundUpright"],
        ["Affiliation", "NEUTRAL"],
        ["Route", []],
        ["ShadowPlaneOffset", 0.050000]
      ]
    ],

    [
      "Village_Well1_2",
      "InteriorObject",
      "CWaterWell_2Unit",
      new Matrix(
          0.987095, -0.160088, -0.004007, 4707.524902,
          0.160031, 0.987040, -0.011916, 3172.574707,
          0.005863, 0.011121, 0.999921, 348.478149,
          0.000000, 0.000000, 0.000000, 1.000000
        ),
      [
        ["SurfaceControl", "PutonGround"]
      ]
    ],

    [
      "Village_House_1",
      "InteriorObject",
      "CUSRHouseWoodUnit",
      new Matrix(
          -0.503686, 0.863878, 0.003916, 4618.754883,
          -0.863874, -0.503649, -0.007665, 3116.096924,
          -0.004649, -0.007244, 0.999963, 348.176270,
          0.000000, 0.000000, 0.000000, 1.000000
        ),
      [
        ["SurfaceControl", "PutonGround"],
        ["Affiliation", "NEUTRAL"],
        ["Route", []],
        ["FakeShadowOffset", 0.090000]
      ]
    ],

    [
      "FensesGroup1_1",
      "InteriorObject",
      "CFenceWickerUnit",
      new Matrix(
          0.843154, 0.537672, 0.000000, 4621.698730,
          -0.537672, 0.843154, 0.000000, 3112.619629,
          0.000000, 0.000000, 1.000000, 348.125671,
          0.000000, 0.000000, 0.000000, 1.000000
        ),
      [
        ["SurfaceControl", "PutonGround"],
        ["Length", 3]
      ]
    ],

    [
      "FensesGroup1_2",
      "InteriorObject",
      "CFenceWickerUnit",
      new Matrix(
          -0.833339, -0.552762, 0.000000, 4614.552734,
          0.552762, -0.833339, 0.000000, 3115.266113,
          0.000000, 0.000000, 1.000000, 348.175201,
          0.000000, 0.000000, 0.000000, 1.000000
        ),
      [
        ["Length", 3],
        ["SurfaceControl", "PutonGround"]
      ]
    ],

    [
      "FensesGroup1_3",
      "InteriorObject",
      "CFenceWickerUnit",
      new Matrix(
          0.557384, -0.830255, 0.000000, 4626.657715,
          0.830255, 0.557384, 0.000000, 3109.392822,
          0.000000, 0.000000, 1.000000, 348.102356,
          0.000000, 0.000000, 0.000000, 1.000000
        ),
      [
        ["SurfaceControl", "PutonGround"],
        ["Length", 8]
      ]
    ],

    [
      "FensesGroup1_4",
      "InteriorObject",
      "CFenceWickerUnit",
      new Matrix(
          0.515859, -0.856674, 0.000000, 4600.647949,
          0.856674, 0.515859, 0.000000, 3124.626709,
          0.000000, 0.000000, 1.000000, 348.252136,
          0.000000, 0.000000, 0.000000, 1.000000
        ),
      [
        ["SurfaceControl", "PutonGround"],
        ["Length", 13]
      ]
    ],

    [
      "FensesGroup1_5",
      "InteriorObject",
      "CFenceWickerUnit",
      new Matrix(
          -0.839679, -0.543083, 0.000000, 4607.355957,
          0.543083, -0.839679, 0.000000, 3120.250244,
          0.000000, 0.000000, 1.000000, 348.215576,
          0.000000, 0.000000, 0.000000, 1.000000
        ),
      [
        ["SurfaceControl", "PutonGround"],
        ["Length", 4]
      ]
    ],

    [
      "FensesGroup1_6",
      "InteriorObject",
      "CFenceWickerUnit",
      new Matrix(
          -0.866870, -0.498534, 0.000000, 4639.700195,
          0.498534, -0.866870, 0.000000, 3131.676025,
          0.000000, 0.000000, 1.000000, 348.194763,
          0.000000, 0.000000, 0.000000, 1.000000
        ),
      [
        ["SurfaceControl", "PutonGround"],
        ["Length", 15]
      ]
    ],

    [
      "Village_Corral_2",
      "InteriorObject",
      "CUSRCorralWoodUnit",
      new Matrix(
          0.829791, 0.558074, -0.000004, 4632.973145,
          -0.558070, 0.829784, -0.003983, 3110.232666,
          -0.002220, 0.003307, 0.999992, 348.120697,
          0.000000, 0.000000, 0.000000, 1.000000
        ),
      [
        ["HitPoints", 200.000000],
        ["SurfaceControl", "PutonGround"],
        ["Affiliation", "NEUTRAL"],
        ["Route", []],
        ["FakeShadowOffset", 0.090000]
      ]
    ],

    [
      "FensesGroup2_1",
      "InteriorObject",
      "CFenceWickerUnit",
      new Matrix(
          0.843359, 0.537350, 0.000000, 4634.066406,
          -0.537350, 0.843359, 0.000000, 3104.654053,
          0.000000, 0.000000, 1.000000, 348.083435,
          0.000000, 0.000000, 0.000000, 1.000000
        ),
      [
        ["SurfaceControl", "PutonGround"],
        ["Length", 3]
      ]
    ],

    [
      "FensesGroup2_2",
      "InteriorObject",
      "CFenceWickerUnit",
      new Matrix(
          0.558299, -0.829640, 0.000000, 4647.070801,
          0.829640, 0.558299, 0.000000, 3097.376709,
          0.000000, 0.000000, 1.000000, 348.028748,
          0.000000, 0.000000, 0.000000, 1.000000
        ),
      [
        ["SurfaceControl", "PutonGround"],
        ["Length", 16]
      ]
    ],

    [
      "FensesGroup2_3",
      "InteriorObject",
      "CFenceWickerUnit",
      new Matrix(
          -0.861833, -0.507191, 0.000000, 4664.942871,
          0.507191, -0.861833, 0.000000, 3123.776855,
          0.000000, 0.000000, 1.000000, 348.085510,
          0.000000, 0.000000, 0.000000, 1.000000
        ),
      [
        ["SurfaceControl", "PutonGround"],
        ["Length", 12]
      ]
    ],

    [
      "FensesGroup2_4",
      "InteriorObject",
      "CFenceWickerUnit",
      new Matrix(
          -0.553089, 0.833122, 0.000000, 4644.330566,
          -0.833122, -0.553089, 0.000000, 3135.916016,
          0.000000, 0.000000, 1.000000, 348.207947,
          0.000000, 0.000000, 0.000000, 1.000000
        ),
      [
        ["SurfaceControl", "PutonGround"],
        ["Length", 8]
      ]
    ],

    [
      "Village_House_3",
      "InteriorObject",
      "CUSRHouseWoodUnit",
      new Matrix(
          0.625201, -0.780454, 0.003919, 4647.129883,
          0.780440, 0.625135, -0.010941, 3177.170166,
          0.006089, 0.009899, 0.999932, 348.528687,
          0.000000, 0.000000, 0.000000, 1.000000
        ),
      [
        ["SurfaceControl", "PutonGround"],
        ["Affiliation", "NEUTRAL"],
        ["Route", []],
        ["FakeShadowOffset", 0.090000]
      ]
    ],

    [
      "Village_Shed_3",
      "InteriorObject",
      "CUSRShedWoodUnit",
      new Matrix(
          -0.720695, -0.693252, 0.000830, 4644.295410,
          0.693227, -0.720678, -0.007762, 3155.775635,
          0.005979, -0.005019, 0.999970, 348.326569,
          0.000000, 0.000000, 0.000000, 1.000000
        ),
      [
        ["SurfaceControl", "PutonGround"],
        ["Affiliation", "NEUTRAL"],
        ["Route", []],
        ["FakeShadowOffset", 0.090000]
      ]
    ],

    [
      "FensesGroup3_1",
      "InteriorObject",
      "CFenceWickerUnit",
      new Matrix(
          0.656495, -0.754331, 0.000000, 4630.027832,
          0.754331, 0.656495, 0.000000, 3163.257813,
          0.000000, 0.000000, 1.000000, 348.386841,
          0.000000, 0.000000, 0.000000, 1.000000
        ),
      [
        ["SurfaceControl", "PutonGround"],
        ["Length", 9]
      ]
    ],

    [
      "FensesGroup3_2",
      "InteriorObject",
      "CFenceWickerUnit",
      new Matrix(
          -0.781827, -0.623495, 0.000000, 4656.262695,
          0.623495, -0.781827, 0.000000, 3174.034912,
          0.000000, 0.000000, 1.000000, 348.469421,
          0.000000, 0.000000, 0.000000, 1.000000
        ),
      [
        ["Length", 3],
        ["SurfaceControl", "PutonGround"]
      ]
    ],

    [
      "FensesGroup3_3",
      "InteriorObject",
      "CFenceWickerUnit",
      new Matrix(
          0.695217, -0.718800, 0.000000, 4657.452637,
          0.718800, 0.695217, 0.000000, 3160.315430,
          0.000000, 0.000000, 1.000000, 348.360168,
          0.000000, 0.000000, 0.000000, 1.000000
        ),
      [
        ["SurfaceControl", "PutonGround"],
        ["Length", 7]
      ]
    ],

    [
      "FensesGroup3_4",
      "InteriorObject",
      "CFenceWickerUnit",
      new Matrix(
          -0.790586, -0.612350, 0.000000, 4664.394531,
          0.612350, -0.790586, 0.000000, 3167.492920,
          0.000000, 0.000000, 1.000000, 348.417358,
          0.000000, 0.000000, 0.000000, 1.000000
        ),
      [
        ["Length", 3],
        ["SurfaceControl", "PutonGround"]
      ]
    ],

    [
      "FensesGroup3_5",
      "InteriorObject",
      "CFenceWickerUnit",
      new Matrix(
          0.695078, -0.718934, 0.000000, 4646.423340,
          0.718934, 0.695078, 0.000000, 3148.742676,
          0.000000, 0.000000, 1.000000, 348.268005,
          0.000000, 0.000000, 0.000000, 1.000000
        ),
      [
        ["SurfaceControl", "PutonGround"],
        ["Length", 8]
      ]
    ],

    [
      "FensesGroup3_6",
      "InteriorObject",
      "CFenceWickerUnit",
      new Matrix(
          0.750178, 0.661236, 0.000000, 4630.209473,
          -0.661236, 0.750178, 0.000000, 3163.386719,
          0.000000, 0.000000, 1.000000, 348.387329,
          0.000000, 0.000000, 0.000000, 1.000000
        ),
      [
        ["SurfaceControl", "PutonGround"],
        ["Length", 11]
      ]
    ],

    [
      "Village_House_4",
      "InteriorObject",
      "CUSRHouseWoodUnit",
      new Matrix(
          -0.648745, 0.761006, -0.000002, 4676.633301,
          -0.760982, -0.648724, -0.007964, 3156.215088,
          -0.006062, -0.005165, 0.999968, 348.337921,
          0.000000, 0.000000, 0.000000, 1.000000
        ),
      [
        ["SurfaceControl", "PutonGround"],
        ["Affiliation", "NEUTRAL"],
        ["Route", []],
        ["FakeShadowOffset", 0.090000]
      ]
    ],

    [
      "FensesGroup4_1",
      "InteriorObject",
      "CFenceWickerUnit",
      new Matrix(
          -0.782367, -0.622818, 0.000000, 4673.268066,
          0.622818, -0.782367, 0.000000, 3165.350098,
          0.000000, 0.000000, 1.000000, 348.400269,
          0.000000, 0.000000, 0.000000, 1.000000
        ),
      [
        ["Length", 4],
        ["SurfaceControl", "PutonGround"]
      ]
    ],

    [
      "FensesGroup4_2",
      "InteriorObject",
      "CFenceWickerUnit",
      new Matrix(
          0.760882, 0.648890, 0.000000, 4651.021484,
          -0.648890, 0.760882, 0.000000, 3153.584717,
          0.000000, 0.000000, 1.000000, 348.306580,
          0.000000, 0.000000, 0.000000, 1.000000
        ),
      [
        ["SurfaceControl", "PutonGround"],
        ["Length", 12]
      ]
    ],

    [
      "FensesGroup4_3",
      "InteriorObject",
      "CFenceWickerUnit",
      new Matrix(
          0.643949, -0.765068, 0.000000, 4668.829590,
          0.765068, 0.643949, 0.000000, 3137.935547,
          0.000000, 0.000000, 1.000000, 348.203247,
          0.000000, 0.000000, 0.000000, 1.000000
        ),
      [
        ["SurfaceControl", "PutonGround"],
        ["Length", 12]
      ]
    ],

    [
      "FensesGroup4_4",
      "InteriorObject",
      "CFenceWickerUnit",
      new Matrix(
          -0.768903, -0.639366, 0.000000, 4684.096191,
          0.639366, -0.768903, 0.000000, 3156.442383,
          0.000000, 0.000000, 1.000000, 348.329346,
          0.000000, 0.000000, 0.000000, 1.000000
        ),
      [
        ["Length", 5],
        ["SurfaceControl", "PutonGround"]
      ]
    ],

    [
      "Village_House_5",
      "InteriorObject",
      "CUSRHouseWoodUnit",
      new Matrix(
          -0.598626, 0.801029, -0.000079, 4740.280762,
          -0.800971, -0.598584, -0.011966, 3131.791504,
          -0.009633, -0.007100, 0.999928, 348.015076,
          0.000000, 0.000000, 0.000000, 1.000000
        ),
      [
        ["SurfaceControl", "PutonGround"],
        ["Affiliation", "NEUTRAL"],
        ["Route", []],
        ["FakeShadowOffset", 0.090000]
      ]
    ],

    [
      "Village_Corral_5",
      "InteriorObject",
      "CUSRCorralWoodUnit",
      new Matrix(
          0.827249, 0.561835, -0.000130, 4729.076660,
          -0.561788, 0.827178, -0.013058, 3150.365234,
          -0.007229, 0.010875, 0.999915, 348.303345,
          0.000000, 0.000000, 0.000000, 1.000000
        ),
      [
        ["SurfaceControl", "PutonGround"],
        ["HitPoints", 200.000000],
        ["Affiliation", "NEUTRAL"],
        ["Route", []],
        ["FakeShadowOffset", 0.090000]
      ]
    ],

    [
      "FensesGroup5_1",
      "InteriorObject",
      "CFenceWickerUnit",
      new Matrix(
          0.554523, -0.832168, 0.000000, 4718.690918,
          0.832168, 0.554523, 0.000000, 3144.048828,
          0.000000, 0.000000, 1.000000, 348.220886,
          0.000000, 0.000000, 0.000000, 1.000000
        ),
      [
        ["SurfaceControl", "PutonGround"],
        ["Length", 12]
      ]
    ],

    [
      "FensesGroup5_2",
      "InteriorObject",
      "CFenceWickerUnit",
      new Matrix(
          0.824544, 0.565797, 0.000000, 4718.722168,
          -0.565797, 0.824544, 0.000000, 3144.118408,
          0.000000, 0.000000, 1.000000, 348.221741,
          0.000000, 0.000000, 0.000000, 1.000000
        ),
      [
        ["SurfaceControl", "PutonGround"],
        ["Length", 6]
      ]
    ],

    [
      "FensesGroup5_3",
      "InteriorObject",
      "CFenceWickerUnit",
      new Matrix(
          0.536407, -0.843960, 0.000000, 4740.661621,
          0.843960, 0.536407, 0.000000, 3136.487305,
          0.000000, 0.000000, 1.000000, 348.060608,
          0.000000, 0.000000, 0.000000, 1.000000
        ),
      [
        ["SurfaceControl", "PutonGround"],
        ["Length", 9]
      ]
    ],

    [
      "FensesGroup5_4",
      "InteriorObject",
      "CFenceWickerUnit",
      new Matrix(
          0.829906, 0.557904, 0.000000, 4731.916992,
          -0.557904, 0.829906, 0.000000, 3164.062256,
          0.000000, 0.000000, 1.000000, 348.460114,
          0.000000, 0.000000, 0.000000, 1.000000
        ),
      [
        ["SurfaceControl", "PutonGround"],
        ["Length", 11]
      ]
    ],

    [
      "Village_Shed_6",
      "InteriorObject",
      "CUSRShedWoodUnit",
      new Matrix(
          0.822327, 0.569015, 0.000000, 4763.178223,
          -0.569015, 0.822327, 0.000000, 3137.105469,
          0.000000, 0.000000, 1.000000, 348.106689,
          0.000000, 0.000000, 0.000000, 1.000000
        ),
      [
        ["SurfaceControl", "PutonGroundLandingJoints"],
        ["Affiliation", "NEUTRAL"],
        ["Route", []],
        ["FakeShadowOffset", 0.090000]
      ]
    ],

    [
      "FensesGroup6_1",
      "InteriorObject",
      "CFenceWickerUnit",
      new Matrix(
          0.824051, 0.566515, 0.000000, 4740.622070,
          -0.566515, 0.824051, 0.000000, 3136.266357,
          0.000000, 0.000000, 1.000000, 348.057922,
          0.000000, 0.000000, 0.000000, 1.000000
        ),
      [
        ["SurfaceControl", "PutonGround"],
        ["Length", 3]
      ]
    ],

    [
      "FensesGroup6_2",
      "InteriorObject",
      "CFenceWickerUnit",
      new Matrix(
          0.811887, 0.583815, 0.000000, 4750.918945,
          -0.583815, 0.811887, 0.000000, 3120.516602,
          0.000000, 0.000000, 1.000000, 347.869812,
          0.000000, 0.000000, 0.000000, 1.000000
        ),
      [
        ["SurfaceControl", "PutonGround"],
        ["Length", 3]
      ]
    ],

    [
      "FensesGroup6_3",
      "InteriorObject",
      "CFenceWickerUnit",
      new Matrix(
          0.553882, -0.832595, 0.000000, 4755.614746,
          0.832595, 0.553882, 0.000000, 3116.918701,
          0.000000, 0.000000, 1.000000, 347.826843,
          0.000000, 0.000000, 0.000000, 1.000000
        ),
      [
        ["SurfaceControl", "PutonGround"],
        ["Length", 9]
      ]
    ],

    [
      "FensesGroup6_4",
      "InteriorObject",
      "CFenceWickerUnit",
      new Matrix(
          -0.836902, -0.547352, 0.000000, 4760.734863,
          0.547352, -0.836902, 0.000000, 3142.105713,
          0.000000, 0.000000, 1.000000, 348.145142,
          0.000000, 0.000000, 0.000000, 1.000000
        ),
      [
        ["SurfaceControl", "PutonGround"],
        ["Length", 7]
      ]
    ],

    [
      "Village_House_7",
      "InteriorObject",
      "CUSRHouseWoodUnit",
      new Matrix(
          0.581786, -0.813342, -0.000005, 4701.602051,
          0.813284, 0.581744, -0.011948, 3137.936035,
          0.009721, 0.006948, 0.999929, 348.158234,
          0.000000, 0.000000, 0.000000, 1.000000
        ),
      [
        ["SurfaceControl", "PutonGround"],
        ["Affiliation", "NEUTRAL"],
        ["Route", []],
        ["FakeShadowOffset", 0.090000]
      ]
    ],

    [
      "Village_Shed_7",
      "InteriorObject",
      "CUSRShedWoodUnit",
      new Matrix(
          -0.579509, 0.814959, 0.003366, 4703.164063,
          -0.814936, -0.579448, -0.010933, 3118.112061,
          -0.006959, -0.009079, 0.999935, 347.938477,
          0.000000, 0.000000, 0.000000, 1.000000
        ),
      [
        ["SurfaceControl", "PutonGround"],
        ["Affiliation", "NEUTRAL"],
        ["Route", []],
        ["FakeShadowOffset", 0.090000]
      ]
    ],

    [
      "FensesGroup7_1",
      "InteriorObject",
      "CFenceWickerUnit",
      new Matrix(
          0.591120, -0.806584, 0.000000, 4684.708496,
          0.806584, 0.591120, 0.000000, 3123.649902,
          0.000000, 0.000000, 1.000000, 348.019104,
          0.000000, 0.000000, 0.000000, 1.000000
        ),
      [
        ["SurfaceControl", "PutonGround"],
        ["Length", 13]
      ]
    ],

    [
      "FensesGroup7_2",
      "InteriorObject",
      "CFenceWickerUnit",
      new Matrix(
          -0.821394, -0.570361, 0.000000, 4708.008301,
          0.570361, -0.821394, 0.000000, 3138.935059,
          0.000000, 0.000000, 1.000000, 348.159790,
          0.000000, 0.000000, 0.000000, 1.000000
        ),
      [
        ["SurfaceControl", "PutonGround"],
        ["Length", 5]
      ]
    ],

    [
      "FensesGroup7_3",
      "InteriorObject",
      "CFenceWickerUnit",
      new Matrix(
          -0.824067, -0.566492, 0.000000, 4724.182129,
          0.566492, -0.824067, 0.000000, 3127.330078,
          0.000000, 0.000000, 1.000000, 347.968445,
          0.000000, 0.000000, 0.000000, 1.000000
        ),
      [
        ["SurfaceControl", "PutonGround"],
        ["Length", 8]
      ]
    ],

    [
      "FensesGroup7_4",
      "InteriorObject",
      "CFenceWickerUnit",
      new Matrix(
          -0.820413, -0.571772, 0.000000, 4696.356934,
          0.571772, -0.820413, 0.000000, 3115.545898,
          0.000000, 0.000000, 1.000000, 347.933655,
          0.000000, 0.000000, 0.000000, 1.000000
        ),
      [
        ["SurfaceControl", "PutonGround"],
        ["Length", 7]
      ]
    ],

    [
      "FensesGroup7_5",
      "InteriorObject",
      "CFenceWickerUnit",
      new Matrix(
          -0.594922, 0.803783, 0.000000, 4715.808594,
          -0.803783, -0.594922, 0.000000, 3133.344238,
          0.000000, 0.000000, 1.000000, 348.091248,
          0.000000, 0.000000, 0.000000, 1.000000
        ),
      [
        ["SurfaceControl", "PutonGround"],
        ["Length", 8]
      ]
    ],

    [
      "FensesGroup7_6",
      "InteriorObject",
      "CFenceWickerUnit",
      new Matrix(
          0.815309, 0.579026, 0.000000, 4702.273438,
          -0.579026, 0.815309, 0.000000, 3113.722900,
          0.000000, 0.000000, 1.000000, 347.893127,
          0.000000, 0.000000, 0.000000, 1.000000
        ),
      [
        ["SurfaceControl", "PutonGround"],
        ["Length", 12]
      ]
    ],

    [
      "Village_House_8",
      "InteriorObject",
      "CUSRHouseWoodUnit",
      new Matrix(
          -0.571852, 0.820354, 0.001994, 4728.085938,
          -0.820311, -0.571793, -0.011956, 3119.405762,
          -0.008668, -0.008472, 0.999927, 347.874603,
          0.000000, 0.000000, 0.000000, 1.000000
        ),
      [
        ["SurfaceControl", "PutonGround"],
        ["Affiliation", "NEUTRAL"],
        ["Route", []],
        ["FakeShadowOffset", 0.090000]
      ]
    ],

    [
      "Village_Corral_8",
      "InteriorObject",
      "CUSRCorralWoodUnit",
      new Matrix(
          0.824187, 0.566318, 0.000000, 4716.369141,
          -0.566318, 0.824187, 0.000000, 3126.433105,
          0.000000, 0.000000, 1.000000, 348.004089,
          0.000000, 0.000000, 0.000000, 1.000000
        ),
      [
        ["SurfaceControl", "PutonGroundUpright"],
        ["HitPoints", 200.000000],
        ["Affiliation", "NEUTRAL"],
        ["Route", []],
        ["FakeShadowOffset", 0.090000]
      ]
    ],

    [
      "FensesGroup8_1",
      "InteriorObject",
      "CFenceWickerUnit",
      new Matrix(
          -0.835641, -0.549276, 0.000000, 4744.839844,
          0.549276, -0.835641, 0.000000, 3113.334717,
          0.000000, 0.000000, 1.000000, 347.783997,
          0.000000, 0.000000, 0.000000, 1.000000
        ),
      [
        ["SurfaceControl", "PutonGround"],
        ["Length", 11]
      ]
    ],

    [
      "FensesGroup8_2",
      "InteriorObject",
      "CFenceWickerUnit",
      new Matrix(
          0.574362, -0.818601, 0.000000, 4726.583496,
          0.818601, 0.574362, 0.000000, 3106.490967,
          0.000000, 0.000000, 1.000000, 347.721497,
          0.000000, 0.000000, 0.000000, 1.000000
        ),
      [
        ["SurfaceControl", "PutonGround"],
        ["Length", 8]
      ]
    ],

    [
      "FensesGroup8_3",
      "InteriorObject",
      "CFenceWickerUnit",
      new Matrix(
          0.607992, -0.793943, 0.000000, 4717.087402,
          0.793943, 0.607992, 0.000000, 3093.616943,
          0.000000, 0.000000, 1.000000, 347.619995,
          0.000000, 0.000000, 0.000000, 1.000000
        ),
      [
        ["SurfaceControl", "PutonGround"],
        ["Length", 8]
      ]
    ],

    [
      "Village_Shed_9",
      "InteriorObject",
      "CUSRShedWoodUnit",
      new Matrix(
          -0.526262, 0.850322, 0.001153, 4748.555664,
          -0.850269, -0.526213, -0.011938, 3104.178711,
          -0.009544, -0.007263, 0.999928, 347.677856,
          0.000000, 0.000000, 0.000000, 1.000000
        ),
      [
        ["SurfaceControl", "PutonGround"],
        ["Affiliation", "NEUTRAL"],
        ["Route", []],
        ["FakeShadowOffset", 0.090000]
      ]
    ],

    [
      "FensesGroup9_1",
      "InteriorObject",
      "CFenceWickerUnit",
      new Matrix(
          -0.895182, -0.445700, 0.000000, 4738.311035,
          0.445700, -0.895182, 0.000000, 3082.917725,
          0.000000, 0.000000, 1.000000, 347.506897,
          0.000000, 0.000000, 0.000000, 1.000000
        ),
      [
        ["SurfaceControl", "PutonGround"],
        ["Length", 12]
      ]
    ],

    [
      "FensesGroup9_2",
      "InteriorObject",
      "CFenceWickerUnit",
      new Matrix(
          0.594826, -0.803854, 0.000000, 4738.223633,
          0.803854, 0.594826, 0.000000, 3082.941162,
          0.000000, 0.000000, 1.000000, 347.506958,
          0.000000, 0.000000, 0.000000, 1.000000
        ),
      [
        ["SurfaceControl", "PutonGround"],
        ["Length", 8]
      ]
    ],

    [
      "FensesGroup9_3",
      "InteriorObject",
      "CFenceWickerUnit",
      new Matrix(
          0.567539, -0.823347, 0.000000, 4747.180176,
          0.823347, 0.567539, 0.000000, 3095.240234,
          0.000000, 0.000000, 1.000000, 347.567810,
          0.000000, 0.000000, 0.000000, 1.000000
        ),
      [
        ["SurfaceControl", "PutonGround"],
        ["Length", 7]
      ]
    ],

    [
      "FensesGroup9_4",
      "InteriorObject",
      "CFenceWickerUnit",
      new Matrix(
          -0.842683, -0.538410, 0.000000, 4754.958496,
          0.538410, -0.842683, 0.000000, 3106.728760,
          0.000000, 0.000000, 1.000000, 347.705078,
          0.000000, 0.000000, 0.000000, 1.000000
        ),
      [
        ["SurfaceControl", "PutonGround"],
        ["Length", 4]
      ]
    ],

    [
      "Uk_House_1",
      "InteriorObject",
      "CUSRHouseWoodUnit",
      new Matrix(
          0.687847, 0.725856, 0.000000, 20288.005859,
          -0.725856, 0.687847, 0.000000, 19727.164063,
          0.000000, 0.000000, 1.000000, 344.787048,
          0.000000, 0.000000, 0.000000, 1.000000
        ),
      [
        ["Affiliation", "NEUTRAL"],
        ["Route", []],
        ["FakeShadowOffset", 0.090000]
      ]
    ],

    [
      "Village_Tomarovka_USRHouseWood_1",
      "InteriorObject",
      "CUSRHouseWoodUnit",
      new Matrix(
          -0.807600, 0.589719, 0.003792, 7185.653809,
          -0.589711, -0.807609, 0.003083, 8206.367188,
          0.004880, 0.000254, 0.999988, 343.528900,
          0.000000, 0.000000, 0.000000, 1.000000
        ),
      [
        ["SurfaceControl", "PutonGround"],
        ["Affiliation", "FRIEND"],
        ["Route", []],
        ["FakeShadowOffset", 0.090000]
      ]
    ],

    [
      "Village_Tomarovka_FenceWicker_1",
      "InteriorObject",
      "CFenceWickerUnit",
      new Matrix(
          -0.807204, 0.590273, 0.000000, 7138.714355,
          -0.590273, -0.807204, 0.000000, 8298.976563,
          0.000000, 0.000000, 1.000000, 343.287994,
          0.000000, 0.000000, 0.000000, 1.000000
        ),
      [
        ["SurfaceControl", "PutonGround"],
        ["Length", 3]
      ]
    ],

    [
      "Village_Tomarovka_FenceWicker_2",
      "InteriorObject",
      "CFenceWickerUnit",
      new Matrix(
          0.818149, -0.575006, 0.000000, 7143.766602,
          0.575006, 0.818149, 0.000000, 8304.685547,
          0.000000, 0.000000, 1.000000, 343.308044,
          0.000000, 0.000000, 0.000000, 1.000000
        ),
      [
        ["Length", 3],
        ["SurfaceControl", "PutonGround"]
      ]
    ],

    [
      "Village_Tomarovka_FenceWicker_3",
      "InteriorObject",
      "CFenceWickerUnit",
      new Matrix(
          0.573949, 0.818891, 0.000000, 7133.903809,
          -0.818891, 0.573949, 0.000000, 8295.515625,
          0.000000, 0.000000, 1.000000, 343.268829,
          0.000000, 0.000000, 0.000000, 1.000000
        ),
      [
        ["SurfaceControl", "PutonGround"],
        ["Length", 8]
      ]
    ],

    [
      "Village_Tomarovka_FenceWicker_4",
      "InteriorObject",
      "CFenceWickerUnit",
      new Matrix(
          0.613752, 0.789499, 0.000000, 7157.498535,
          -0.789499, 0.613752, 0.000000, 8314.257813,
          0.000000, 0.000000, 1.000000, 343.350037,
          0.000000, 0.000000, 0.000000, 1.000000
        ),
      [
        ["SurfaceControl", "PutonGround"],
        ["Length", 13]
      ]
    ],

    [
      "Village_Tomarovka_FenceWicker_5",
      "InteriorObject",
      "CFenceWickerUnit",
      new Matrix(
          0.812147, -0.583453, 0.000000, 7151.008301,
          0.583453, 0.812147, 0.000000, 8309.587891,
          0.000000, 0.000000, 1.000000, 343.336945,
          0.000000, 0.000000, 0.000000, 1.000000
        ),
      [
        ["SurfaceControl", "PutonGround"],
        ["Length", 4]
      ]
    ],

    [
      "Village_Tomarovka_FenceWicker_6",
      "InteriorObject",
      "CFenceWickerUnit",
      new Matrix(
          0.780044, -0.625725, 0.000000, 7149.967773,
          0.625725, 0.780044, 0.000000, 8275.304688,
          0.000000, 0.000000, 1.000000, 343.401428,
          0.000000, 0.000000, 0.000000, 1.000000
        ),
      [
        ["SurfaceControl", "PutonGround"],
        ["Length", 15]
      ]
    ],

    [
      "Village_Tomarovka_FenceWicker_7",
      "InteriorObject",
      "CFenceWickerUnit",
      new Matrix(
          -0.807265, 0.590189, 0.000000, 7126.812500,
          -0.590189, -0.807265, 0.000000, 8290.322266,
          0.000000, 0.000000, 1.000000, 343.240540,
          0.000000, 0.000000, 0.000000, 1.000000
        ),
      [
        ["SurfaceControl", "PutonGround"],
        ["Length", 3]
      ]
    ],

    [
      "Village_Tomarovka_FenceWicker_8",
      "InteriorObject",
      "CFenceWickerUnit",
      new Matrix(
          0.572905, 0.819622, 0.000000, 7115.335449,
          -0.819622, 0.572905, 0.000000, 8280.828125,
          0.000000, 0.000000, 1.000000, 343.210022,
          0.000000, 0.000000, 0.000000, 1.000000
        ),
      [
        ["SurfaceControl", "PutonGround"],
        ["Length", 16]
      ]
    ],

    [
      "Village_Tomarovka_FenceWicker_9",
      "InteriorObject",
      "CFenceWickerUnit",
      new Matrix(
          0.785607, -0.618725, 0.000000, 7133.490234,
          0.618725, 0.785607, 0.000000, 8254.628906,
          0.000000, 0.000000, 1.000000, 343.350037,
          0.000000, 0.000000, 0.000000, 1.000000
        ),
      [
        ["SurfaceControl", "PutonGround"],
        ["Length", 12]
      ]
    ],

    [
      "Village_Tomarovka_FenceWicker_10",
      "InteriorObject",
      "CFenceWickerUnit",
      new Matrix(
          -0.577726, -0.816231, 0.000000, 7152.234375,
          0.816231, -0.577726, 0.000000, 8269.455078,
          0.000000, 0.000000, 1.000000, 343.442749,
          0.000000, 0.000000, 0.000000, 1.000000
        ),
      [
        ["SurfaceControl", "PutonGround"],
        ["Length", 8]
      ]
    ],

    [
      "Village_Tomarovka_FenceWicker_11",
      "InteriorObject",
      "CFenceWickerUnit",
      new Matrix(
          0.467053, 0.884229, 0.000000, 7182.924316,
          -0.884229, 0.467053, 0.000000, 8272.919922,
          0.000000, 0.000000, 1.000000, 343.445465,
          0.000000, 0.000000, 0.000000, 1.000000
        ),
      [
        ["SurfaceControl", "PutonGround"],
        ["Length", 9]
      ]
    ],

    [
      "Village_Tomarovka_FenceWicker_12",
      "InteriorObject",
      "CFenceWickerUnit",
      new Matrix(
          0.866236, -0.499635, 0.000000, 7183.472656,
          0.499635, 0.866236, 0.000000, 8244.572266,
          0.000000, 0.000000, 1.000000, 343.559998,
          0.000000, 0.000000, 0.000000, 1.000000
        ),
      [
        ["Length", 3],
        ["SurfaceControl", "PutonGround"]
      ]
    ],

    [
      "Village_Tomarovka_FenceWicker_13",
      "InteriorObject",
      "CFenceWickerUnit",
      new Matrix(
          0.419806, 0.907614, 0.000000, 7170.258789,
          -0.907614, 0.419806, 0.000000, 8248.402344,
          0.000000, 0.000000, 1.000000, 343.536652,
          0.000000, 0.000000, 0.000000, 1.000000
        ),
      [
        ["SurfaceControl", "PutonGround"],
        ["Length", 7]
      ]
    ],

    [
      "Village_Tomarovka_FenceWicker_14",
      "InteriorObject",
      "CFenceWickerUnit",
      new Matrix(
          0.858680, -0.512511, 0.000000, 7174.449219,
          0.512511, 0.858680, 0.000000, 8239.333984,
          0.000000, 0.000000, 1.000000, 343.559998,
          0.000000, 0.000000, 0.000000, 1.000000
        ),
      [
        ["Length", 3],
        ["SurfaceControl", "PutonGround"]
      ]
    ],

    [
      "Village_Tomarovka_FenceWicker_15",
      "InteriorObject",
      "CFenceWickerUnit",
      new Matrix(
          0.420294, 0.907388, 0.000000, 7163.461914,
          -0.907388, 0.420294, 0.000000, 8262.873047,
          0.000000, 0.000000, 1.000000, 343.485413,
          0.000000, 0.000000, 0.000000, 1.000000
        ),
      [
        ["SurfaceControl", "PutonGround"],
        ["Length", 8]
      ]
    ],

    [
      "Village_Tomarovka_FenceWicker_16",
      "InteriorObject",
      "CFenceWickerUnit",
      new Matrix(
          -0.889085, 0.457742, 0.000000, 7182.973145,
          -0.457742, -0.889085, 0.000000, 8272.699219,
          0.000000, 0.000000, 1.000000, 343.446716,
          0.000000, 0.000000, 0.000000, 1.000000
        ),
      [
        ["SurfaceControl", "PutonGround"],
        ["Length", 11]
      ]
    ],

    [
      "Village_Tomarovka_FenceWicker_17",
      "InteriorObject",
      "CFenceWickerUnit",
      new Matrix(
          0.865002, -0.501769, 0.000000, 7169.241699,
          0.501769, 0.865002, 0.000000, 8231.845703,
          0.000000, 0.000000, 1.000000, 343.549591,
          0.000000, 0.000000, 0.000000, 1.000000
        ),
      [
        ["Length", 4],
        ["SurfaceControl", "PutonGround"]
      ]
    ],

    [
      "Village_Tomarovka_FenceWicker_18",
      "InteriorObject",
      "CFenceWickerUnit",
      new Matrix(
          -0.881106, 0.472919, 0.000000, 7166.315918,
          -0.472919, -0.881106, 0.000000, 8256.826172,
          0.000000, 0.000000, 1.000000, 343.490051,
