//-------------------------------------------------------------------
//                                                                   
//  This code is copyright 2001 by G5 Software.                      
//  Any unauthorized usage, either in part or in whole of this code  
//  is strictly prohibited. Violators WILL be prosecuted to the      
//  maximum extent allowed by law.                                   
//                                                                   
//-------------------------------------------------------------------
//                                                                   
//  Automatically-generated mission script file                      
//  DO NOT EDIT!                                                     
//                                                                   
//-------------------------------------------------------------------


class CC2M6Content
{
  static String m_ObjectListClassFile = "Missions/Campaign_2/Mission_6/Content.script";
  static String m_ObjectListClassName = "CC2M6Content";

  static Array  m_MissionObjectList   = [
    [
      "Atmosphere",
      "",
      "",
      new Matrix(
          1.000000, 0.000000, 0.000000, 0.000000,
          0.000000, 1.000000, 0.000000, 0.000000,
          0.000000, 0.000000, 1.000000, 0.000000,
          0.000000, 0.000000, 0.000000, 1.000000
        ),
      [
        ["AmbientLight", new Color(0.415686, 0.450980, 0.466667, 1.000000)],
        ["AntiSunAngle", 60.000000],
        ["AntiSunColor", new Color(0.423529, 0.501961, 0.447059, 1.000000)],
        ["AntiSunEnabled", true],
        ["AntiSunIntensity", 0.300000],
        ["EnableHorizontAdjustment", true],
        ["FogColorXPos", new Color(0.917647, 0.905882, 0.858824, 1.000000)],
        ["FogColorXNeg", new Color(0.549020, 0.619608, 0.564706, 1.000000)],
        ["FogColorYPos", new Color(0.658824, 0.701961, 0.701961, 1.000000)],
        ["FogColorYNeg", new Color(0.721569, 0.772549, 0.772549, 1.000000)],
        ["FogDensity", 0.000400],
        ["FogNear", 1200.000000],
        ["FogFar", 4000.000000],
        ["FogFarMax", 11000.000000],
        ["FogMode", "Linear"],
        ["ShadowColor", new Color(0.607843, 0.619608, 0.643137, 1.000000)],
        ["SunColor", new Color(0.984314, 0.937255, 0.776471, 1.000000)],
        ["ShadowFar", 800.000000],
        ["SunIntensity", 0.800000],
        ["TreeShadowLodDistance", 500.000000],
        ["AntiSunHorAngle", 105.000000],
        ["StencilShadowColor", new Color(0.619608, 0.631373, 0.658824, 1.000000)],
        ["TreeLightKoef", 2.000000],
        ["SunShines", 0.100000],
        ["IsLightEnabled", true],
        ["HorizontPos", [100.000000, 1000.000000]],
        ["IsSunVisible", false]
      ]
    ],

    [
      "Terrain",
      "",
      "",
      new Matrix(
          1.000000, 0.000000, 0.000000, 0.000000,
          0.000000, 1.000000, 0.000000, 0.000000,
          0.000000, 0.000000, 1.000000, 0.000000,
          0.000000, 0.000000, 0.000000, 1.000000
        ),
      [
        ["ForestTextureScale", 4.000000],
        ["ForestShadowBorderScale", 1.400000],
        ["ForestShadowAlphaScale", 0.600000],
        ["ForestAlphaScale", 2.000000],
        ["IsAntiLighting", true],
        ["TerrainShadowPower", 2.000000],
        ["VertForestAngleMin", 0.000000],
        ["VertForestAngleMax", 45.000000],
        ["VertForestBeginFadeDist", [50.000000, 710.000000]],
        ["WaterBorderColor", new Color(0.556863, 0.521569, 0.443137, 1.000000)],
        ["NormalNoise", 0.100000],
        ["VertForestDistMax", 1250.000000],
        ["FakeForestLightFadeDist", [400.000000, 900.000000]],
        ["VertForestDistMin", 150.000000],
        ["ForestBeginFadeDist", [600.000000, 910.000000]]
      ]
    ],

    [
      "MainPlayerUnit",
      "GameObject",
      "CTankPzVITigerE1Unit",
      new Matrix(
          -0.059073, -0.995915, -0.068295, 4670.901855,
          0.998246, -0.059202, -0.000132, 3474.095703,
          -0.003911, -0.068183, 0.997665, 590.266113,
          0.000000, 0.000000, 0.000000, 1.000000
        ),
      [
        ["IsPlayer", true],
        ["IsManual", true],
        ["Affiliation", "FRIEND"],
        ["SurfaceControl", "PutonGroundLandingJoints"],
        ["Number", "331"],
        ["Markings", ""],
        ["K_RINGS", "18"],
        ["Flag", false]
      ]
    ],

    [
      "MPU_Tigers_1",
      "GameObject",
      "CTankPzVI_E1_AI_Unit",
      new Matrix(
          -0.795855, -0.605098, -0.021687, 4685.813477,
          0.605355, -0.795919, -0.007648, 3187.110596,
          -0.012633, -0.019215, 0.999735, 588.889221,
          0.000000, 0.000000, 0.000000, 1.000000
        ),
      [
        ["Affiliation", "FRIEND"],
        ["BehRadarMask", [["ENEMY", "MainMesh"], []]],
        ["SurfaceControl", "PutonGroundLandingJoints"],
        ["Task", "CBaseAISAUTask"],
        ["Number", "332"]
      ]
    ],

    [
      "MPU_Tigers_2",
      "GameObject",
      "CTankPzVI_E1_AI_Unit",
      new Matrix(
          -0.797442, -0.603391, -0.002294, 4692.406738,
          0.603387, -0.797405, -0.008300, 3160.768066,
          0.003179, -0.008003, 0.999963, 588.790710,
          0.000000, 0.000000, 0.000000, 1.000000
        ),
      [
        ["Affiliation", "FRIEND"],
        ["InstantWingman", true],
        ["WingmanRank", 1],
        ["LeaderID", "MainPlayerUnit"],
        ["HomePoint", ""],
        ["BehRadarMask", [["ENEMY", "MainMesh"], []]],
        ["Task", "CC2M6_WingmanTask"],
        ["Number", "333"],
        ["Markings", ""],
        ["K_RINGS", ""],
        ["Flag", false],
        ["SurfaceControl", "PutonGroundLandingJoints"]
      ]
    ],

    [
      "German_Column_Opel_1",
      "GameObject",
      "CTruckOpelBlitzUnit",
      new Matrix(
          -0.997440, 0.071503, -0.000026, 6335.441406,
          -0.071228, -0.993636, -0.087263, 3222.712402,
          -0.006266, -0.087037, 0.996185, 616.348938,
          0.000000, 0.000000, 0.000000, 1.000000
        ),
      [
        ["Affiliation", "FRIEND"],
        ["SurfaceControl", "PutonGroundLandingJoints"],
        ["Task", "CBaseAITask"]
      ]
    ],

    [
      "German_Column_Opel_2",
      "GameObject",
      "CTruckOpelBlitzUnit",
      new Matrix(
          -0.979680, -0.200564, 0.000300, 6367.184570,
          0.199883, -0.976476, -0.080874, 3224.723145,
          0.016513, -0.079171, 0.996724, 616.463867,
          0.000000, 0.000000, 0.000000, 1.000000
        ),
      [
        ["Affiliation", "FRIEND"],
        ["SurfaceControl", "PutonGroundLandingJoints"],
        ["Task", "CBaseAITask"]
      ]
    ],

    [
      "German_Column_Hanomag_1",
      "GameObject",
      "CBtrHanomag251AusfCUnit",
      new Matrix(
          -0.983778, -0.177800, -0.023838, 6272.681152,
          0.179219, -0.979927, -0.087313, 3231.833496,
          -0.007835, -0.090169, 0.995896, 616.606018,
          0.000000, 0.000000, 0.000000, 1.000000
        ),
      [
        ["Affiliation", "FRIEND"],
        ["BehRadarMask", [["ENEMY", "MainMesh"], ["FRIEND", "AIR"]]],
        ["Task", "CC2M6GermanColumnHanomagTask"]
      ]
    ],

    [
      "German_Column_Hanomag_2",
      "GameObject",
      "CBtrHanomag251AusfCUnit",
      new Matrix(
          -0.980638, -0.195286, -0.014583, 6299.563965,
          0.195755, -0.975482, -0.100568, 3233.780029,
          0.005414, -0.101476, 0.994823, 617.293823,
          0.000000, 0.000000, 0.000000, 1.000000
        ),
      [
        ["Affiliation", "FRIEND"],
        ["BehRadarMask", [["ENEMY", "MainMesh"], ["FRIEND", "AIR"]]],
        ["Task", "CC2M6GermanColumnHanomagTask"]
      ]
    ],

    [
      "CC2M6MPU_TigerGrp",
      "UnitGroup",
      "CC2M6MPU_TigerGrp",
      new Matrix(
          -0.795847, -0.605097, -0.022031, 4685.813477,
          0.605358, -0.795918, -0.007491, 3187.110596,
          -0.013002, -0.019298, 0.999729, 588.964966,
          0.000000, 0.000000, 0.000000, 1.000000
        ),
      [
        ["Units", ["MPU_Tigers_1"]],
        ["Path", ["GermanPath_7_2", "GermanPath_8", "GermanPath_9", "GermanPath_10", "GermanPath_11"]],
        ["DelayedOrder", true],
        ["Formation", "CFrontFormation"],
        ["FormationDistance", 40],
        ["MovingSpeed", 5.500000],
        ["FirstOrder", "Patrol"],
        ["CyclePath", false]
      ]
    ],

    [
      "CC2M6German_SUP_Group",
      "UnitGroup",
      "CC2M6German_SUP_Group",
      new Matrix(
          -0.999506, -0.028304, -0.013634, 5295.512695,
          0.028130, -0.999523, 0.012756, 3263.257080,
          -0.013988, 0.012366, 0.999826, 598.314575,
          0.000000, 0.000000, 0.000000, 1.000000
        ),
      [
        ["Units", ["German_Column_Pnz3_F1", "German_Column_Pnz3_F2", "German_Column_Opel_1", "German_Column_Opel_2", "German_Column_Opel_3", "German_Column_Opel_4", "German_Column_Opel_5", "German_Column_Opel_6", "German_Column_Hanomag_1", "German_Column_Hanomag_2"]],
        ["Formation", "Column"],
        ["FormationDistance", 30],
        ["MovingSpeed", 4]
      ]
    ],

    [
      "GermanPath_1",
      "NavPoint",
      "CZAxisCylNavPoint",
      new Matrix(
          -0.922644, -0.385652, 0.000000, 6100.555176,
          0.385652, -0.922644, 0.000000, 3256.732910,
          0.000000, 0.000000, 1.000000, 610.643127,
          0.000000, 0.000000, 0.000000, 1.000000
        ),
      [
        ["Range", 5.000000],
        ["Detect", true],
        ["Name", ""],
        ["Mask", [[], []]],
        ["IsVisible", true],
        ["PositionType", "Ground"],
        ["BehaviorHeight", 0.000000],
        ["MapCompass", false],
        ["IsMain", false]
      ]
    ],

    [
      "GermanPath_2",
      "NavPoint",
      "CZAxisCylNavPoint",
      new Matrix(
          -0.966793, 0.255560, 0.000000, 5558.838379,
          -0.255560, -0.966793, 0.000000, 3255.139648,
          0.000000, 0.000000, 1.000000, 610.887390,
          0.000000, 0.000000, 0.000000, 1.000000
        ),
      [
        ["Range", 5.000000],
        ["Detect", true],
        ["Name", ""],
        ["Mask", [[], []]],
        ["IsVisible", true],
        ["PositionType", "Ground"],
        ["BehaviorHeight", 0.000000],
        ["MapCompass", false],
        ["IsMain", false]
      ]
    ],

    [
      "GermanPath_3",
      "NavPoint",
      "CZAxisCylNavPoint",
      new Matrix(
          -0.966793, 0.255560, 0.000000, 5268.632324,
          -0.255560, -0.966793, 0.000000, 2911.579102,
          0.000000, 0.000000, 1.000000, 603.685913,
          0.000000, 0.000000, 0.000000, 1.000000
        ),
      [
        ["Range", 5.000000],
        ["Detect", true],
        ["Name", ""],
        ["Mask", [[], []]],
        ["IsVisible", true],
        ["PositionType", "Ground"],
        ["BehaviorHeight", 0.000000],
        ["MapCompass", false],
        ["IsMain", false]
      ]
    ],

    [
      "GermanPath_4",
      "NavPoint",
      "CZAxisCylNavPoint",
      new Matrix(
          -0.966793, 0.255560, 0.000000, 5485.131348,
          -0.255560, -0.966793, 0.000000, 3297.999512,
          0.000000, 0.000000, 1.000000, 598.035706,
          0.000000, 0.000000, 0.000000, 1.000000
        ),
      [
        ["Range", 4.000000],
        ["IsVisible", true],
        ["IsMain", true],
        ["Detect", false],
        ["Name", ""],
        ["Mask", [[], []]],
        ["PositionType", "Ground"],
        ["BehaviorHeight", 0.000000],
        ["MapCompass", false]
      ]
    ],

    [
      "CC2M6Rus_GroupColumn1",
      "UnitGroup",
      "CC2M6Rus_GroupColumn1",
      new Matrix(
          -0.170341, 0.979874, -0.104073, 4753.331055,
          -0.985356, -0.170200, 0.010300, 4307.672363,
          -0.007621, 0.104304, 0.994516, 601.011841,
          0.000000, 0.000000, 0.000000, 1.000000
        ),
      [
        ["Units", ["RussianTank_Column1_1", "RussianTank_Column1_2", "RussianTank_Column1_3", "RussianBTR_Column1_1", "RussianBTR_Column1_2"]],
        ["Path", ["RussianPath1_1", "RussianPath1_1_2", "RussianPath1_1_3", "RussianPath1_1_4"]],
        ["DelayedOrder", true],
        ["Formation", "CWedgeFormation"],
        ["FormationDistance", 50],
        ["MovingSpeed", 5],
        ["FirstOrder", "Patrol"],
        ["CyclePath", false]
      ]
    ],

    [
      "RussianBTR_Column1_1",
      "GameObject",
      "CBtrM3A1HalftruckUnit",
      new Matrix(
          -0.092332, 0.991550, -0.091123, 4704.183105,
          -0.995510, -0.090010, 0.029279, 4075.166016,
          0.020830, 0.093417, 0.995409, 595.331238,
          0.000000, 0.000000, 0.000000, 1.000000
        ),
      [
        ["Affiliation", "ENEMY"],
        ["Task", "CBaseAIBtrTask"]
      ]
    ],

    [
      "RussianBTR_Column1_2",
      "GameObject",
      "CBtrM3A1HalftruckUnit",
      new Matrix(
          -0.117020, 0.988365, -0.097162, 4711.343750,
          -0.992930, -0.118399, -0.008522, 4127.979980,
          -0.019927, 0.095478, 0.995232, 595.630127,
          0.000000, 0.000000, 0.000000, 1.000000
        ),
      [
        ["Affiliation", "ENEMY"],
        ["Task", "CBaseAIBtrTask"]
      ]
    ],

    [
      "RussianTank_Column1_1",
      "GameObject",
      "CTankT34Slave_2Unit",
      new Matrix(
          -0.170725, 0.979515, -0.106786, 4753.331055,
          -0.985311, -0.170152, 0.014525, 4307.672363,
          -0.003943, 0.107697, 0.994176, 601.007996,
          0.000000, 0.000000, 0.000000, 1.000000
        ),
      [
        ["Affiliation", "ENEMY"],
        ["Task", "CBaseAITankTask"],
        ["Number", "01_01"],
        ["EnemyReactionType", "ERT_AGGRESSIVE"]
      ]
    ],

    [
      "RussianTank_Column1_2",
      "GameObject",
      "CTankT34Slave_2Unit",
      new Matrix(
          -0.183846, 0.979069, -0.087314, 4754.791016,
          -0.982920, -0.183862, 0.007930, 4379.827148,
          -0.008290, 0.087280, 0.996149, 600.447815,
          0.000000, 0.000000, 0.000000, 1.000000
        ),
      [
        ["Affiliation", "ENEMY"],
        ["Task", "CBaseAITankTask"],
        ["Number", "01_02"],
        ["EnemyReactionType", "ERT_AGGRESSIVE"]
      ]
    ],

    [
      "RussianTank_Column1_3",
      "GameObject",
      "CTankT34Slave_2Unit",
      new Matrix(
          -0.250106, 0.966566, -0.056534, 4771.093262,
          -0.968005, -0.248399, 0.035554, 4473.425781,
          0.020323, 0.063617, 0.997767, 599.370850,
          0.000000, 0.000000, 0.000000, 1.000000
        ),
      [
        ["Affiliation", "ENEMY"],
        ["Task", "CBaseAITankTask"],
        ["Number", "01_03"],
        ["EnemyReactionType", "ERT_AGGRESSIVE"]
      ]
    ],

    [
      "CC2M6RusTank_Ambush1",
      "UnitGroup",
      "CC2M6RusTank_Ambush1",
      new Matrix(
          -0.703483, 0.710647, 0.009590, 4964.385254,
          -0.709477, -0.702992, 0.049451, 4686.732910,
          0.041884, 0.027984, 0.998730, 599.011108,
          0.000000, 0.000000, 0.000000, 1.000000
        ),
      [
        ["Units", ["RussianTank_Ambush1_1", "RussianTank_Ambush1_2"]],
        ["Path", ["RussianPath1_1", "RussianPath1_1_2", "RussianPath1_1_3", "RussianPath1_1_4"]],
        ["DelayedOrder", true],
        ["Formation", "CWedgeFormation"],
        ["FormationDistance", 50],
        ["MovingSpeed", 4.500000],
        ["FirstOrder", "Patrol"],
        ["CyclePath", false]
      ]
    ],

    [
      "RussianTank_Ambush1_1",
      "GameObject",
      "CTankKV85HvyUnit",
      new Matrix(
          -0.703483, 0.710647, 0.009624, 4964.385254,
          -0.709476, -0.702993, 0.049443, 4686.732910,
          0.041903, 0.027954, 0.998731, 599.011047,
          0.000000, 0.000000, 0.000000, 1.000000
        ),
      [
        ["Affiliation", "ENEMY"],
        ["Task", "CBaseAITankTask"],
        ["EnemyReactionType", "ERT_AGGRESSIVE"],
        ["Number", "22_13"]
      ]
    ],

    [
      "RussianTank_Ambush1_2",
      "GameObject",
      "CTankKV85HvyUnit",
      new Matrix(
          -0.151478, 0.988392, -0.011662, 4846.338379,
          -0.988405, -0.151334, 0.012393, 4533.395996,
          0.010484, 0.013404, 0.999855, 599.192871,
          0.000000, 0.000000, 0.000000, 1.000000
        ),
      [
        ["Affiliation", "ENEMY"],
        ["Task", "CBaseAITankTask"],
        ["Number", "22_14"],
        ["EnemyReactionType", "ERT_AGGRESSIVE"]
      ]
    ],

    [
      "RussianPath1_1",
      "NavPoint",
      "CZAxisCylNavPoint",
      new Matrix(
          -0.966793, 0.255560, 0.000000, 4701.140625,
          -0.255560, -0.966793, 0.000000, 3349.386475,
          0.000000, 0.000000, 1.000000, 588.468262,
          0.000000, 0.000000, 0.000000, 1.000000
        ),
      [
        ["Range", 5.000000]
      ]
    ],

    [
      "RussianPath1_2",
      "NavPoint",
      "CZAxisCylNavPoint",
      new Matrix(
          -0.966793, 0.255560, 0.000000, 5382.974609,
          -0.255560, -0.966793, 0.000000, 2882.832520,
          0.000000, 0.000000, 1.000000, 598.239319,
          0.000000, 0.000000, 0.000000, 1.000000
        ),
      [
        ["Range", 5.000000]
      ]
    ],

    [
      "RussianPath1_3",
      "NavPoint",
      "CZAxisCylNavPoint",
      new Matrix(
          -0.966793, 0.255560, 0.000000, 4735.307129,
          -0.255560, -0.966793, 0.000000, 3362.098145,
          0.000000, 0.000000, 1.000000, 593.257446,
          0.000000, 0.000000, 0.000000, 1.000000
        ),
      [
        ["Range", 5.000000]
      ]
    ],

    [
      "RussianAmbush1",
      "NavPoint",
      "CZAxisCylNavPoint",
      new Matrix(
          -0.924886, -0.380245, 0.000000, 4629.631348,
          0.380245, -0.924886, 0.000000, 3834.976807,
          0.000000, 0.000000, 1.000000, 593.931458,
          0.000000, 0.000000, 0.000000, 1.000000
        ),
      [
        ["Range", 20.000000],
        ["Detect", true],
        ["Name", ""],
        ["Mask", [[], []]],
        ["IsVisible", true],
        ["PositionType", "Ground"],
        ["BehaviorHeight", 0.000000],
        ["MapCompass", false],
        ["IsMain", false]
      ]
    ],

    [
      "RussianAmbushTank_1",
      "NavPoint",
      "CZAxisCylNavPoint",
      new Matrix(
          -0.966793, 0.255560, 0.000000, 4647.446289,
          -0.255560, -0.966793, 0.000000, 4015.212402,
          0.000000, 0.000000, 1.000000, 590.901978,
          0.000000, 0.000000, 0.000000, 1.000000
        ),
      [
        ["Range", 5.000000],
        ["Detect", true],
        ["Name", ""],
        ["Mask", [[], []]],
        ["IsVisible", true],
        ["PositionType", "Ground"],
        ["BehaviorHeight", 0.000000],
        ["MapCompass", false],
        ["IsMain", false]
      ]
    ],

    [
      "RussianAmbushTank_2",
      "NavPoint",
      "CZAxisCylNavPoint",
      new Matrix(
          -0.966793, 0.255560, 0.000000, 4569.307129,
          -0.255560, -0.966793, 0.000000, 3430.901611,
          0.000000, 0.000000, 1.000000, 586.109863,
          0.000000, 0.000000, 0.000000, 1.000000
        ),
      [
        ["Range", 5.000000],
        ["Detect", true],
        ["Name", ""],
        ["Mask", [[], []]],
        ["IsVisible", true],
        ["PositionType", "Ground"],
        ["BehaviorHeight", 0.000000],
        ["MapCompass", false],
        ["IsMain", false]
      ]
    ],

    [
      "GermanPathLookOu1",
      "NavPoint",
      "CZAxisCylNavPoint",
      new Matrix(
          -0.966793, 0.255560, 0.000000, 4605.544922,
          -0.255560, -0.966793, 0.000000, 3518.250244,
          0.000000, 0.000000, 1.000000, 609.899109,
          0.000000, 0.000000, 0.000000, 1.000000
        ),
      [
        ["Range", 5.000000],
        ["Detect", true],
        ["Name", ""],
        ["Mask", [[], []]],
        ["IsVisible", true],
        ["PositionType", "Ground"],
        ["BehaviorHeight", 0.000000],
        ["MapCompass", false],
        ["IsMain", false]
      ]
    ],

    [
      "GermanPathLookOu2",
      "NavPoint",
      "CZAxisCylNavPoint",
      new Matrix(
          -0.966793, 0.255560, 0.000000, 4510.613770,
          -0.255560, -0.966793, 0.000000, 3711.841309,
          0.000000, 0.000000, 1.000000, 595.923279,
          0.000000, 0.000000, 0.000000, 1.000000
        ),
      [
        ["Range", 5.000000],
        ["Detect", true],
        ["Name", ""],
        ["Mask", [[], []]],
        ["IsVisible", true],
        ["PositionType", "Ground"],
        ["BehaviorHeight", 0.000000],
        ["MapCompass", false],
        ["IsMain", false]
      ]
    ],

    [
      "GermanPath_5",
      "NavPoint",
      "CZAxisCylNavPoint",
      new Matrix(
          -0.966793, 0.255560, 0.000000, 4935.211914,
          -0.255560, -0.966793, 0.000000, 3289.195313,
          0.000000, 0.000000, 1.000000, 594.876526,
          0.000000, 0.000000, 0.000000, 1.000000
        ),
      [
        ["Range", 40.000000],
        ["IsVisible", true],
        ["IsMain", true],
        ["Detect", false],
        ["Name", ""],
        ["Mask", [[], []]],
        ["PositionType", "Ground"],
        ["BehaviorHeight", 0.000000],
        ["MapCompass", false]
      ]
    ],

    [
      "GermanPath_6",
      "NavPoint",
      "CZAxisCylNavPoint",
      new Matrix(
          -0.966793, 0.255560, 0.000000, 5072.838867,
          -0.255560, -0.966793, 0.000000, 2910.874023,
          0.000000, 0.000000, 1.000000, 601.397095,
          0.000000, 0.000000, 0.000000, 1.000000
        ),
      [
        ["Range", 10.000000],
        ["IsVisible", true],
        ["IsMain", true],
        ["Detect", false],
        ["Name", ""],
        ["Mask", [[], []]],
        ["PositionType", "Ground"],
        ["BehaviorHeight", 0.000000],
        ["MapCompass", false]
      ]
    ],

    [
      "RussianAmbush2_1",
      "GameObject",
      "CGunZis3Unit",
      new Matrix(
          -0.168588, 0.984397, -0.050411, 4846.944336,
          -0.985343, -0.169658, -0.017744, 4660.325195,
          -0.026020, 0.046681, 0.998571, 597.932434,
          0.000000, 0.000000, 0.000000, 1.000000
        ),
      [
        ["Task", "CBaseAITask"],
        ["Affiliation", "ENEMY"]
      ]
    ],

    [
      "RussianAmbush2_2",
      "GameObject",
      "CGunZis3Unit",
      new Matrix(
          -0.070841, 0.992196, 0.102605, 4810.223145,
          -0.992998, -0.060400, -0.101520, 4744.602051,
          -0.094530, -0.109078, 0.989528, 603.630249,
          0.000000, 0.000000, 0.000000, 1.000000
        ),
      [
        ["Task", "CBaseAITask"],
        ["Affiliation", "ENEMY"]
      ]
    ],

    [
      "CC2M6RussianAmbush2_1",
      "UnitGroup",
      "BaseZisGroup",
      new Matrix(
          -0.059250, 0.998243, 0.000000, 4847.364746,
          -0.998243, -0.059250, 0.000000, 4661.826660,
          0.000000, 0.000000, 1.000000, 598.240845,
          0.000000, 0.000000, 0.000000, 1.000000
        ),
      [
        ["Units", ["RussianAmbush2_1", "RusSoldierCrew_1", "RusSoldierCrew_2"]],
        ["GroupEnemyReaction", "ERT_AGGRESSIVE"]
      ]
    ],

    [
      "CC2M6RussianAmbush2_2",
      "UnitGroup",
      "BaseZisGroup",
      new Matrix(
          -0.306831, 0.951764, 0.000000, 4810.729492,
          -0.951764, -0.306831, 0.000000, 4748.357422,
          0.000000, 0.000000, 1.000000, 604.787842,
          0.000000, 0.000000, 0.000000, 1.000000
        ),
      [
        ["Units", ["RussianAmbush2_2", "RusSoldierCrew_4", "RusSoldierCrew_5"]],
        ["GroupEnemyReaction", "ERT_AGGRESSIVE"]
      ]
    ],

    [
      "RussianAmbush2",
      "NavPoint",
      "CZAxisCylNavPoint",
      new Matrix(
          -0.923002, -0.384794, 0.000000, 4816.283691,
          0.384794, -0.923002, 0.000000, 4640.492188,
          0.000000, 0.000000, 1.000000, 597.099731,
          0.000000, 0.000000, 0.000000, 1.000000
        ),
      [
        ["Range", 20.000000],
        ["Detect", true],
        ["Name", ""],
        ["Mask", [[], []]],
        ["IsVisible", true],
        ["PositionType", "Ground"],
        ["BehaviorHeight", 0.000000],
        ["MapCompass", false],
        ["IsMain", false]
      ]
    ],

    [
      "RusSoldierCrew_1",
      "GameObject",
      "CSovietSoldierRifleUnit",
      new Matrix(
          -0.059250, 0.998243, 0.000000, 4847.364746,
          -0.998243, -0.059250, 0.000000, 4661.826660,
          0.000000, 0.000000, 1.000000, 598.227051,
          0.000000, 0.000000, 0.000000, 1.000000
        ),
      [
        ["Task", "CBaseAITask"],
        ["Affiliation", "ENEMY"],
        ["Guncrew", true]
      ]
    ],

    [
      "RusSoldierCrew_2",
      "GameObject",
      "CSovietSoldierRifleUnit",
      new Matrix(
          0.088502, 0.996076, 0.000000, 4846.446777,
          -0.996076, 0.088502, 0.000000, 4662.438477,
          0.000000, 0.000000, 1.000000, 598.192932,
          0.000000, 0.000000, 0.000000, 1.000000
        ),
      [
        ["Task", "CBaseAITask"],
        ["Affiliation", "ENEMY"],
        ["Guncrew", true]
      ]
    ],

    [
      "RusSoldierCrew_4",
      "GameObject",
      "CSovietSoldierRifleUnit",
      new Matrix(
          -0.306831, 0.951764, 0.000000, 4810.729492,
          -0.951764, -0.306831, 0.000000, 4748.357422,
          0.000000, 0.000000, 1.000000, 604.810181,
          0.000000, 0.000000, 0.000000, 1.000000
        ),
      [
        ["Task", "CBaseAITask"],
        ["Affiliation", "ENEMY"],
        ["Guncrew", true]
      ]
    ],

    [
      "RusSoldierCrew_5",
      "GameObject",
      "CSovietSoldierRifleUnit",
      new Matrix(
          -0.313442, 0.949607, 0.000000, 4809.827637,
          -0.949607, -0.313442, 0.000000, 4748.179688,
          0.000000, 0.000000, 1.000000, 604.883667,
          0.000000, 0.000000, 0.000000, 1.000000
        ),
      [
        ["Task", "CBaseAITask"],
        ["Affiliation", "ENEMY"],
        ["Guncrew", true]
      ]
    ],

    [
      "GermanPath_7",
      "NavPoint",
      "CZAxisCylNavPoint",
      new Matrix(
          -0.966793, 0.255560, 0.000000, 4813.129883,
          -0.255560, -0.966793, 0.000000, 4354.984863,
          0.000000, 0.000000, 1.000000, 602.288757,
          0.000000, 0.000000, 0.000000, 1.000000
        ),
      [
        ["Range", 50.000000],
        ["Detect", true],
        ["Name", ""],
        ["Mask", [[], []]],
        ["IsVisible", true],
        ["PositionType", "Ground"],
        ["BehaviorHeight", 0.000000],
        ["MapCompass", false],
        ["IsMain", false]
      ]
    ],

    [
      "GermanPath_8",
      "NavPoint",
      "CZAxisCylNavPoint",
      new Matrix(
          -0.966793, 0.255560, 0.000000, 5132.413086,
          -0.255560, -0.966793, 0.000000, 4906.110352,
          0.000000, 0.000000, 1.000000, 589.414856,
          0.000000, 0.000000, 0.000000, 1.000000
        ),
      [
        ["Range", 60.000000],
        ["Detect", false],
        ["Name", ""],
        ["Mask", [[], []]],
        ["IsVisible", true],
        ["PositionType", ""],
        ["BehaviorHeight", 0.000000],
        ["MapCompass", false],
        ["IsMain", false]
      ]
    ],

    [
      "RussianAmbush3_20",
      "GameObject",
      "CSAUSU85Unit",
      new Matrix(
          0.508017, 0.861307, -0.008307, 5518.004395,
          -0.861213, 0.508085, 0.012760, 6310.938477,
          0.015211, 0.000672, 0.999884, 590.132263,
          0.000000, 0.000000, 0.000000, 1.000000
        ),
      [
        ["Affiliation", "ENEMY"],
        ["Task", "CBaseAISAUTask"],
        ["Number", "SAU_215"]
      ]
    ],

    [
      "RussianAmbush3_30",
      "GameObject",
      "CSAUSU85Unit",
      new Matrix(
          0.328167, 0.944596, 0.006724, 5794.276367,
          -0.944613, 0.328130, 0.006048, 6447.092773,
          0.003507, -0.008337, 0.999959, 591.782471,
          0.000000, 0.000000, 0.000000, 1.000000
        ),
      [
        ["Affiliation", "ENEMY"],
        ["Task", "CBaseAISAUTask"],
        ["Number", "SAU_224"]
      ]
    ],

    [
      "RussianAmbush3",
      "NavPoint",
      "CZAxisCylNavPoint",
      new Matrix(
          -0.966793, 0.255560, 0.000000, 5597.366699,
          -0.255560, -0.966793, 0.000000, 6341.062012,
          0.000000, 0.000000, 1.000000, 588.539734,
          0.000000, 0.000000, 0.000000, 1.000000
        ),
      [
        ["Range", 20.000000],
        ["Detect", true],
        ["Name", ""],
        ["Mask", [[], []]],
        ["IsVisible", true],
        ["PositionType", "Ground"],
        ["BehaviorHeight", 0.000000],
        ["MapCompass", false],
        ["IsMain", false]
      ]
    ],

    [
      "GermanPath_9",
      "NavPoint",
      "CZAxisCylNavPoint",
      new Matrix(
          -0.966793, 0.255560, 0.000000, 5389.025391,
          -0.255560, -0.966793, 0.000000, 5662.247070,
          0.000000, 0.000000, 1.000000, 585.421997,
          0.000000, 0.000000, 0.000000, 1.000000
        ),
      [
        ["Range", 40.000000],
        ["IsVisible", true],
        ["IsMain", true],
        ["Detect", false],
        ["Name", ""],
        ["Mask", [[], []]],
        ["PositionType", "Ground"],
        ["BehaviorHeight", 0.000000],
        ["MapCompass", false]
      ]
    ],

    [
      "GermanPath_10",
      "NavPoint",
      "CZAxisCylNavPoint",
      new Matrix(
          -0.966793, 0.255560, 0.000000, 5549.580078,
          -0.255560, -0.966793, 0.000000, 6316.394531,
          0.000000, 0.000000, 1.000000, 588.052673,
          0.000000, 0.000000, 0.000000, 1.000000
        ),
      [
        ["Range", 30.000000],
        ["Detect", true],
        ["Name", ""],
        ["Mask", [[], []]],
        ["IsVisible", true],
        ["PositionType", "Ground"],
        ["BehaviorHeight", 0.000000],
        ["MapCompass", false],
        ["IsMain", false]
      ]
    ],

    [
      "RussianAmbushSAU_1",
      "NavPoint",
      "CZAxisCylNavPoint",
      new Matrix(
          -0.966793, 0.255560, 0.000000, 5390.537598,
          -0.255560, -0.966793, 0.000000, 6339.734863,
          0.000000, 0.000000, 1.000000, 595.054932,
          0.000000, 0.000000, 0.000000, 1.000000
        ),
      [
        ["Range", 10.000000],
        ["Detect", true],
        ["Name", ""],
        ["Mask", [[], []]],
        ["IsVisible", true],
        ["PositionType", "Ground"],
        ["BehaviorHeight", 0.000000],
        ["MapCompass", false],
        ["IsMain", false]
      ]
    ],

    [
      "RussianAmbushSAU_2",
      "NavPoint",
      "CZAxisCylNavPoint",
      new Matrix(
          -0.966793, 0.255560, 0.000000, 5478.787598,
          -0.255560, -0.966793, 0.000000, 6359.130859,
          0.000000, 0.000000, 1.000000, 594.307617,
          0.000000, 0.000000, 0.000000, 1.000000
        ),
      [
        ["Range", 10.000000],
        ["Detect", true],
        ["Name", ""],
        ["Mask", [[], []]],
        ["IsVisible", true],
        ["PositionType", "Ground"],
        ["BehaviorHeight", 0.000000],
        ["MapCompass", false],
        ["IsMain", false]
      ]
    ],

    [
      "RussianPath1_1_1",
      "NavPoint",
      "CZAxisCylNavPoint",
      new Matrix(
          -0.966793, 0.255560, 0.000000, 4777.296875,
          -0.255560, -0.966793, 0.000000, 3256.506836,
          0.000000, 0.000000, 1.000000, 561.487183,
          0.000000, 0.000000, 0.000000, 1.000000
        ),
      [
        ["Range", 5.000000]
      ]
    ],

    [
      "RussianPath1_1_2",
      "NavPoint",
      "CZAxisCylNavPoint",
      new Matrix(
          -0.966793, 0.255560, 0.000000, 4912.784668,
          -0.255560, -0.966793, 0.000000, 3152.809570,
          0.000000, 0.000000, 1.000000, 597.001953,
          0.000000, 0.000000, 0.000000, 1.000000
        ),
      [
        ["Range", 5.000000]
      ]
    ],

    [
      "GermanPath_11",
      "NavPoint",
      "CZAxisCylNavPoint",
      new Matrix(
          -0.966793, 0.255560, 0.000000, 5907.417480,
          -0.255560, -0.966793, 0.000000, 6521.639160,
          0.000000, 0.000000, 1.000000, 590.110413,
          0.000000, 0.000000, 0.000000, 1.000000
        ),
      [
        ["Range", 40.000000],
        ["Detect", true],
        ["Name", ""],
        ["Mask", [[], []]],
        ["IsVisible", true],
        ["PositionType", "Ground"],
        ["BehaviorHeight", 0.000000],
        ["MapCompass", false],
        ["IsMain", false]
      ]
    ],

    [
      "GermanPath_12",
      "NavPoint",
      "CZAxisCylNavPoint",
      new Matrix(
          -0.966793, 0.255560, 0.000000, 6743.092285,
          -0.255560, -0.966793, 0.000000, 6669.298340,
          0.000000, 0.000000, 1.000000, 627.762085,
          0.000000, 0.000000, 0.000000, 1.000000
        ),
      [
        ["Range", 60.000000],
        ["Detect", true],
        ["Name", ""],
        ["Mask", [[], []]],
        ["IsVisible", true],
        ["PositionType", "Ground"],
        ["BehaviorHeight", 0.000000],
        ["MapCompass", false],
        ["IsMain", false]
      ]
    ],

    [
      "RussianTank_PunisherGroup1_1",
      "GameObject",
      "CTankT34Slave_2Unit",
      new Matrix(
          -0.319344, 0.944937, -0.071508, 4770.082520,
          -0.947607, -0.319044, 0.015883, 4374.416016,
          -0.007806, 0.072833, 0.997313, 601.750427,
          0.000000, 0.000000, 0.000000, 1.000000
        ),
      [
        ["Affiliation", "ENEMY"],
        ["Task", "CBaseAITankTask"],
        ["Number", "22_13"]
      ]
    ],

    [
      "RussianTank_PunisherGroup1_2",
      "GameObject",
      "CTankT34Slave_2Unit",
      new Matrix(
          -0.774315, 0.627469, -0.081971, 4765.233398,
          -0.630522, -0.776009, 0.015875, 4319.968262,
          -0.053649, 0.063977, 0.996508, 602.068726,
          0.000000, 0.000000, 0.000000, 1.000000
        ),
      [
        ["Affiliation", "ENEMY"],
        ["Task", "CBaseAITankTask"],
        ["Number", "22_14"]
      ]
    ],

    [
      "RussianTank_PunisherGroup1",
      "UnitGroup",
      "RussianTank_PunisherGroup",
      new Matrix(
          -0.319343, 0.944937, -0.071514, 4770.082520,
          -0.947607, -0.319044, 0.015874, 4374.416016,
          -0.007816, 0.072836, 0.997313, 601.750427,
          0.000000, 0.000000, 0.000000, 1.000000
        ),
      [
        ["Units", ["RussianTank_PunisherGroup1_1", "RussianTank_PunisherGroup1_2"]],
        ["Path", ["RussianPath1_1_2", "RussianPath1_1_3", "RussianPath1_1_4"]],
        ["DelayedOrder", true],
        ["Formation", "CWedgeFormation"],
        ["FormationDistance", 40],
        ["MovingSpeed", 8],
        ["FirstOrder", "Patrol"],
        ["CyclePath", false]
      ]
    ],

    [
      "RussianTank_PunisherGroup2_1",
      "GameObject",
      "CTankT34Slave_2Unit",
      new Matrix(
          -0.657744, 0.753231, -0.003953, 4854.060059,
          -0.753241, -0.657732, 0.004027, 4567.703613,
          0.000433, 0.005626, 0.999984, 598.744263,
          0.000000, 0.000000, 0.000000, 1.000000
        ),
      [
        ["Affiliation", "ENEMY"],
        ["Task", "CBaseAITankTask"],
        ["Number", "22_22"]
      ]
    ],

    [
      "RussianTank_PunisherGroup2_2",
      "GameObject",
      "CTankT34Slave_2Unit",
      new Matrix(
          -0.496131, 0.867087, 0.044873, 4821.756836,
          -0.868136, -0.494573, -0.041689, 4671.416504,
          -0.013955, -0.059639, 0.998122, 599.485962,
          0.000000, 0.000000, 0.000000, 1.000000
        ),
      [
        ["Affiliation", "ENEMY"],
        ["Task", "CBaseAITankTask"],
        ["Number", "22_24"]
      ]
    ],

    [
      "RussianTank_PunisherGroup2",
      "UnitGroup",
      "RussianTank_PunisherGroup",
      new Matrix(
          -0.657744, 0.753241, -0.000021, 4854.060059,
          -0.753241, -0.657744, 0.000000, 4567.703613,
          -0.000014, 0.000016, 1.000000, 598.734558,
          0.000000, 0.000000, 0.000000, 1.000000
        ),
      [
        ["Units", ["RussianTank_PunisherGroup2_1", "RussianTank_PunisherGroup2_2"]],
        ["Path", ["RussianPunisher_1", "RussianPunisher_2", "GermanPath_1", "GermanPath_2", "GermanPath_3"]],
        ["DelayedOrder", true],
        ["Formation", "CWedgeFormation"],
        ["FormationDistance", 40],
        ["MovingSpeed", 8],
        ["FirstOrder", "Patrol"],
        ["CyclePath", false],
        ["MinDifficulty", 2]
      ]
    ],

    [
      "RussianPunisher_1",
      "NavPoint",
      "CZAxisCylNavPoint",
      new Matrix(
          -0.966793, 0.255560, 0.000000, 4744.708984,
          -0.255560, -0.966793, 0.000000, 4525.618164,
          0.000000, 0.000000, 1.000000, 601.482910,
          0.000000, 0.000000, 0.000000, 1.000000
        ),
      [
        ["Range", 20.000000],
        ["Detect", true],
        ["Name", ""],
        ["Mask", [[], []]],
        ["IsVisible", true],
        ["PositionType", "Ground"],
        ["BehaviorHeight", 0.000000],
        ["MapCompass", false],
        ["IsMain", false]
      ]
    ],

    [
      "RussianPunisher_2",
      "NavPoint",
      "CZAxisCylNavPoint",
      new Matrix(
          -0.966793, 0.255560, 0.000000, 5112.326660,
          -0.255560, -0.966793, 0.000000, 4988.495117,
          0.000000, 0.000000, 1.000000, 588.134399,
          0.000000, 0.000000, 0.000000, 1.000000
        ),
      [
        ["Range", 5.000000],
        ["Detect", false],
        ["Name", ""],
        ["Mask", [[], []]],
        ["IsVisible", true],
        ["PositionType", "Ground"],
        ["BehaviorHeight", 0.000000],
        ["MapCompass", false],
        ["IsMain", false]
      ]
    ],

    [
      "RussianPath1_1_3",
      "NavPoint",
      "CZAxisCylNavPoint",
      new Matrix(
          -0.966793, 0.255560, 0.000000, 5642.036621,
          -0.255560, -0.966793, 0.000000, 3429.189209,
          0.000000, 0.000000, 1.000000, 597.582886,
          0.000000, 0.000000, 0.000000, 1.000000
        ),
      [
        ["Range", 5.000000]
      ]
    ],

    [
      "RussianPath1_1_4",
      "NavPoint",
      "CZAxisCylNavPoint",
      new Matrix(
          -0.966793, 0.255560, 0.000000, 5738.978027,
          -0.255560, -0.966793, 0.000000, 3636.707275,
          0.000000, 0.000000, 1.000000, 591.941711,
          0.000000, 0.000000, 0.000000, 1.000000
        ),
      [
        ["Range", 5.000000]
      ]
    ],

    [
      "CC2M6Gr_BatteryGun1",
      "UnitGroup",
      "BaseZisGroup",
      new Matrix(
          -0.804229, 0.594320, 0.000000, 6454.473145,
          -0.594320, -0.804229, 0.000000, 5912.068359,
          0.000000, 0.000000, 1.000000, 630.566040,
          0.000000, 0.000000, 0.000000, 1.000000
        ),
      [
        ["Units", ["ZisBattery2Cannon_1", "ZisBattery2Cannon_1Canoneer_1", "ZisBattery2Cannon_1Canoneer_2"]],
        ["GroupEnemyReaction", "ERT_AGGRESSIVE"]
      ]
    ],

    [
      "ZisBattery2Cannon_1",
      "GameObject",
      "CGunZis3Unit",
      new Matrix(
          -0.877991, 0.467485, -0.102908, 6453.980469,
          -0.473221, -0.880055, 0.039562, 5911.221680,
          -0.072070, 0.083433, 0.993904, 627.329285,
          0.000000, 0.000000, 0.000000, 1.000000
        ),
      [
        ["Task", "CBaseAITask"],
        ["Affiliation", "ENEMY"]
      ]
    ],

    [
      "ZisBattery2Cannon_1Canoneer_1",
      "GameObject",
      "CSovietSoldierRifleUnit",
      new Matrix(
          -0.804229, 0.594320, 0.000000, 6454.473145,
          -0.594320, -0.804229, 0.000000, 5912.068359,
          0.000000, 0.000000, 1.000000, 630.154968,
          0.000000, 0.000000, 0.000000, 1.000000
        ),
      [
        ["Affiliation", "ENEMY"],
        ["Task", "CBaseAITask"],
        ["Guncrew", true]
      ]
    ],

    [
      "ZisBattery2Cannon_1Canoneer_2",
      "GameObject",
      "CSovietSoldierRifleUnit",
      new Matrix(
          -0.811028, 0.585007, 0.000000, 6455.071289,
          -0.585007, -0.811028, 0.000000, 5911.318848,
          0.000000, 0.000000, 1.000000, 630.227600,
          0.000000, 0.000000, 0.000000, 1.000000
        ),
      [
        ["Affiliation", "ENEMY"],
        ["Task", "CBaseAITask"],
        ["Guncrew", true]
      ]
    ],

    [
      "CC2M6Gr_BatteryGun2",
      "UnitGroup",
