//-------------------------------------------------------------------
//
//  This code is copyright 2001 by G5 Software.
//  Any unauthorized usage, either in part or in whole of this code
//  is strictly prohibited. Violators WILL be prosecuted to the
//  maximum extent allowed by law.
//
//-------------------------------------------------------------------
//
//  Automatically-generated mission script file
//  DO NOT EDIT!
//
//-------------------------------------------------------------------


class CCF2Content
{
  static String m_ObjectListClassFile = "Missions/MISSIONS/CF2Mission/Content.script";
  static String m_ObjectListClassName = "CCF2Content";

  static Array  m_MissionObjectList   = [
    [
      "Atmosphere",
      "",
      "",
      new Matrix(
          1.000000, 0.000000, 0.000000, 0.000000,
          0.000000, 1.000000, 0.000000, 0.000000,
          0.000000, 0.000000, 1.000000, 0.000000,
          0.000000, 0.000000, 0.000000, 1.000000
        ),
      [
        ["AmbientLight", new Color(0.196078, 0.156863, 0.117647, 1.000000)],
        ["AntiSunAngle", 10.000000],
        ["AntiSunColor", new Color(0.509804, 0.474510, 0.431373, 1.000000)],
        ["AntiSunEnabled", true],
        ["AntiSunIntensity", 0.300000],
        ["EnableHorizontAdjustment", true],
        ["FogColorXPos", new Color(0.466667, 0.517647, 0.552941, 1.000000)],
        ["FogColorXNeg", new Color(0.105882, 0.117647, 0.082353, 1.000000)],
        ["FogColorYPos", new Color(0.486275, 0.486275, 0.486275, 1.000000)],
        ["FogColorYNeg", new Color(0.486275, 0.486275, 0.486275, 1.000000)],
        ["FogDensity", 0.001500],
        ["FogNear", 10.000000],
        ["FogFar", 800.000000],
        ["FogFarMax", 3500.000000],
        ["FogMode", "Exp"],
        ["ShadowColor", new Color(0.313726, 0.274510, 0.235294, 0.300000)],
        ["SunColor", new Color(0.890196, 0.807843, 0.584314, 1.000000)],
        ["SunDirection", new Vector(0.990000, -0.080000, -0.350000)],
        ["SunIntensity", 0.900000],
        ["TreeShadowLodDistance", 20.000000]
      ]
    ],

    [
      "Terrain",
      "",
      "",
      new Matrix(
          1.000000, 0.000000, 0.000000, 0.000000,
          0.000000, 1.000000, 0.000000, 0.000000,
          0.000000, 0.000000, 1.000000, 0.000000,
          0.000000, 0.000000, 0.000000, 1.000000
        ),
      [
        ["ForestTextureScale", 0.500000],
        ["ForestShadowBorderScale", 0.400000],
        ["ForestShadowAlphaScale", 0.500000],
        ["ForestBeginFadeDist", [250.000000, 480.000000]],
        ["IsAntiLighting", true],
        ["TerrainShadowPower", 3.000000],
        ["VertForestDistMin", 800.000000],
        ["VertForestDistMax", 8000.000000],
        ["VertForestAngleMin", 0.000000],
        ["VertForestAngleMax", 45.000000],
        ["VertForestBeginFadeDist", [250.000000, 410.000000]],
        ["WaterBorderColor", new Color(0.568627, 0.537255, 0.435294, 1.000000)]
      ]
    ],

    [
      "NavPointRed",
      "NavPoint",
      "CZAxisCylNavPoint",
      new Matrix(
          0.064410, -0.997923, 0.000000, 4645.117188,
          0.997923, 0.064410, 0.000000, 2992.744141,
          0.000000, 0.000000, 1.000000, 569.952393,
          0.000000, 0.000000, 0.000000, 1.000000
        ),
      [
        ["Range", 7.000000],
        ["IsVisible", true],
        ["IsMain", true],
        ["Name", "CCF2Mission_Strings::str_RedTarget"]
      ]
    ],

    [
      "NavPointBlue",
      "NavPoint",
      "CZAxisCylNavPoint",
      new Matrix(
          -0.665480, -0.746416, 0.000000, 4636.944824,
          0.746416, -0.665480, 0.000000, 4695.720215,
          0.000000, 0.000000, 1.000000, 612.491943,
          0.000000, 0.000000, 0.000000, 1.000000
        ),
      [
        ["Range", 7.000000],
        ["IsVisible", true],
        ["IsMain", true],
        ["Name", "CCF2Mission_Strings::str_BlueTarget"]
      ]
    ],

    [
      "Village_Kurtenki_2",
      "ObjectsGroup",
      "CObjectsGroup",
      new Matrix(
          0.460278, -0.887775, 0.000000, 4818.469238,
          0.887775, 0.460278, 0.000000, 3064.731689,
          0.000000, 0.000000, 1.000000, 582.216614,
          0.000000, 0.000000, 0.000000, 1.000000
        ),
      [
        ["Contents", ["House1", "House1_Shed", "House2", "House2_Corral", "House3", "House3_Shed1", "House4", "House5", "House6", "Village_Kurtenki_2_micro", "Well", "fencegr1", "fencegr2", "fencegr3", "fencegr4", "fencegr5", "fencegr6"]]
      ]
    ],

    [
      "Village_Kurtenki_2_micro",
      "Locator",
      "CTerrainPatch",
      new Matrix(
          -0.009267, -0.999957, 0.000000, 4811.574219,
          0.999957, -0.009267, 0.000000, 3091.433838,
          0.000000, 0.000000, 1.000000, 580.019836,
          0.000000, 0.000000, 0.000000, 1.000000
        ),
      [
        ["Dimensions", new Vector(125.000000, 125.000000, 3.662476)],
        ["TextureName", "Textures/V_Kurtenki2_micro.tex"],
        ["ZoneName", "Textures/V_Kurtenki2_zone.bmp"],
        ["BorderSize", 20.000000]
      ]
    ],

    [
      "House1",
      "InteriorObject",
      "CUSRHouseWoodUnit",
      new Matrix(
          0.018439, 0.999800, -0.007676, 4853.832520,
          -0.999823, 0.018467, 0.003653, 3127.519043,
          0.003794, 0.007608, 0.999964, 579.994690,
          0.000000, 0.000000, 0.000000, 1.000000
        ),
      [
        ["SurfaceControl", "PutonGround"],
        ["HitPoints", 100.000000],
        ["Affiliation", "NEUTRAL"],
        ["Route", []],
        ["ShadowPlaneOffset", 0.050000],
        ["FakeShadowOffset", 0.090000]
      ]
    ],

    [
      "House2",
      "InteriorObject",
      "CUSRHouseWoodUnit",
      new Matrix(
          0.999945, 0.010473, -0.000010, 4819.538574,
          -0.010473, 0.999945, 0.000000, 3150.527344,
          0.000010, 0.000000, 1.000000, 579.890320,
          0.000000, 0.000000, 0.000000, 1.000000
        ),
      [
        ["SurfaceControl", "PutonGround"]
      ]
    ],

    [
      "House3",
      "InteriorObject",
      "CUSRHouseWoodUnit",
      new Matrix(
          0.999307, 0.037202, -0.001082, 4782.522461,
          -0.037201, 0.999307, 0.001045, 3050.826416,
          0.001120, -0.001004, 0.999999, 580.035034,
          0.000000, 0.000000, 0.000000, 1.000000
        ),
      [
        ["SurfaceControl", "PutonGround"]
      ]
    ],

    [
      "House4",
      "InteriorObject",
      "CUSRHouseWoodUnit",
      new Matrix(
          -0.999995, -0.002901, 0.001134, 4807.745117,
          0.002902, -0.999995, 0.001255, 2977.848145,
          0.001131, 0.001259, 0.999999, 579.975525,
          0.000000, 0.000000, 0.000000, 1.000000
        ),
      [
        ["SurfaceControl", "PutonGround"]
      ]
    ],

    [
      "House5",
      "InteriorObject",
      "CUSRHouseWoodUnit",
      new Matrix(
          0.999921, 0.011725, -0.004595, 4808.441895,
          -0.011706, 0.999923, 0.004227, 3034.197021,
          0.004644, -0.004173, 0.999980, 580.049927,
          0.000000, 0.000000, 0.000000, 1.000000
        ),
      [
        ["SurfaceControl", "PutonGround"]
      ]
    ],

    [
      "House6",
      "InteriorObject",
      "CUSRHouseWoodUnit",
      new Matrix(
          0.012783, -0.999918, -0.000498, 4886.583984,
          0.999889, 0.012786, -0.007647, 3088.683594,
          0.007653, -0.000400, 0.999971, 579.997314,
          0.000000, 0.000000, 0.000000, 1.000000
        ),
      [
        ["SurfaceControl", "PutonGround"]
      ]
    ],

    [
      "Well",
      "InteriorObject",
      "CWaterWell_1Unit",
      new Matrix(
          -0.059005, -0.998258, -0.000020, 4829.910645,
          0.998258, -0.059005, 0.000000, 3104.446289,
          -0.000001, -0.000020, 1.000000, 580.023926,
          0.000000, 0.000000, 0.000000, 1.000000
        ),
      [
        ["SurfaceControl", "PutonGround"],
        ["HitPoints", 100.000000],
        ["Affiliation", "NEUTRAL"],
        ["Route", []],
        ["ShadowPlaneOffset", 0.050000]
      ]
    ],

    [
      "_Shed",
      "InteriorObject",
      "CUSRShedWoodUnit",
      new Matrix(
          0.030007, -0.999548, 0.001864, 4439.233887,
          0.999549, 0.030009, 0.001123, 3003.908691,
          -0.001179, 0.001830, 0.999998, 574.693726,
          0.000000, 0.000000, 0.000000, 1.000000
        ),
      [
        ["SurfaceControl", "PutonGround"],
        ["HitPoints", 100.000000],
        ["Affiliation", "NEUTRAL"],
        ["Route", []],
        ["ShadowPlaneOffset", 0.050000]
      ]
    ],

    [
      "House1_Shed",
      "InteriorObject",
      "CUSRShedWoodUnit",
      new Matrix(
          -0.999965, 0.007999, -0.002467, 4880.094238,
          -0.007957, -0.999833, -0.016443, 3115.115967,
          -0.002598, -0.016423, 0.999862, 579.988770,
          0.000000, 0.000000, 0.000000, 1.000000
        ),
      [
        ["SurfaceControl", "PutonGround"]
      ]
    ],

    [
      "House3_Shed1",
      "InteriorObject",
      "CUSRShedWoodUnit",
      new Matrix(
          0.016566, -0.999852, -0.004571, 4772.846191,
          0.999859, 0.016578, -0.002570, 3035.468994,
          0.002646, -0.004528, 0.999986, 579.981934,
          0.000000, 0.000000, 0.000000, 1.000000
        ),
      [
        ["SurfaceControl", "PutonGround"]
      ]
    ],

    [
      "House2_Corral",
      "InteriorObject",
      "CUSRCorralWoodUnit",
      new Matrix(
          0.999941, -0.009506, -0.005202, 4784.182129,
          0.009538, 0.999936, 0.006086, 3125.600586,
          0.005144, -0.006135, 0.999968, 579.934570,
          0.000000, 0.000000, 0.000000, 1.000000
        ),
      [
        ["SurfaceControl", "PutonGround"]
      ]
    ],

    [
      "b_fence_1",
      "InteriorObject",
      "CFenceWickerUnit",
      new Matrix(
          -0.074127, -0.997249, 0.000000, 4890.462402,
          0.997249, -0.074127, 0.000000, 3065.124756,
          0.000000, 0.000000, 1.000000, 579.950012,
          0.000000, 0.000000, 0.000000, 1.000000
        ),
      [
        ["SurfaceControl", "PutonGround"]
      ]
    ],

    [
      "b_fence_2",
      "InteriorObject",
      "CFenceWickerUnit",
      new Matrix(
          1.000000, 0.000815, 0.000000, 4868.728516,
          -0.000815, 1.000000, 0.000000, 3063.851318,
          0.000000, 0.000000, 1.000000, 579.956482,
          0.000000, 0.000000, 0.000000, 1.000000
        ),
      [
        ["SurfaceControl", "PutonGround"]
      ]
    ],

    [
      "b_fence_3",
      "InteriorObject",
      "CFenceWickerUnit",
      new Matrix(
          -0.002189, -0.999998, 0.000000, 4868.750488,
          0.999998, -0.002189, 0.000000, 3063.793945,
          0.000000, 0.000000, 1.000000, 579.956116,
          0.000000, 0.000000, 0.000000, 1.000000
        ),
      [
        ["SurfaceControl", "PutonGround"]
      ]
    ],

    [
      "b_fence_4",
      "InteriorObject",
      "CFenceWickerUnit",
      new Matrix(
          -0.999986, -0.005188, 0.000000, 4888.641602,
          0.005188, -0.999986, 0.000000, 3085.061768,
          0.000000, 0.000000, 1.000000, 579.989319,
          0.000000, 0.000000, 0.000000, 1.000000
        ),
      [
        ["SurfaceControl", "PutonGround"],
        ["Length", 6]
      ]
    ],

    [
      "fencegr1",
      "ObjectsGroup",
      "CObjectsGroup",
      new Matrix(
          -0.999999, -0.001647, 0.000000, 4879.600586,
          0.001647, -0.999999, 0.000000, 3074.475098,
          0.000000, 0.000000, 1.000000, 580.580322,
          0.000000, 0.000000, 0.000000, 1.000000
        ),
      [
        ["Contents", ["b_fence_1", "b_fence_2", "b_fence_3", "b_fence_4"]]
      ]
    ],

    [
      "fencegr2_FenceWicker_1",
      "InteriorObject",
      "CFenceWickerUnit",
      new Matrix(
          -0.999760, -0.021897, 0.000000, 4906.294922,
          0.021897, -0.999760, 0.000000, 3125.881348,
          0.000000, 0.000000, 1.000000, 580.847290,
          0.000000, 0.000000, 0.000000, 1.000000
        ),
      [
        ["SurfaceControl", "PutonGround"],
        ["Length", 14]
      ]
    ],

    [
      "fencegr2_FenceWicker_2",
      "InteriorObject",
      "CFenceWickerUnit",
      new Matrix(
          0.015919, -0.999873, 0.000000, 4906.125977,
          0.999873, 0.015919, 0.000000, 3113.965332,
          0.000000, 0.000000, 1.000000, 580.220459,
          0.000000, 0.000000, 0.000000, 1.000000
        ),
      [
        ["SurfaceControl", "PutonGround"],
        ["Length", 6]
      ]
    ],

    [
      "fencegr2_FenceWicker_3",
      "InteriorObject",
      "CFenceWickerUnit",
      new Matrix(
          -0.999999, 0.001271, 0.000000, 4904.150879,
          -0.001271, -0.999999, 0.000000, 3113.019287,
          0.000000, 0.000000, 1.000000, 580.155273,
          0.000000, 0.000000, 0.000000, 1.000000
        ),
      [
        ["SurfaceControl", "PutonGround"],
        ["Length", 8]
      ]
    ],

    [
      "fencegr2_FenceWicker_4",
      "InteriorObject",
      "CFenceWickerUnit",
      new Matrix(
          -0.017227, 0.999852, 0.000000, 4876.011230,
          -0.999852, -0.017227, 0.000000, 3126.083496,
          0.000000, 0.000000, 1.000000, 580.069946,
          0.000000, 0.000000, 0.000000, 1.000000
        ),
      [
        ["Length", 4],
        ["SurfaceControl", "PutonGround"]
      ]
    ],

    [
      "fencegr2",
      "ObjectsGroup",
      "CObjectsGroup",
      new Matrix(
          -0.023888, 0.999715, 0.000000, 4891.058105,
          -0.999715, -0.023887, 0.000000, 3119.617676,
          0.000000, 0.000000, 1.000000, 581.069275,
          0.000000, 0.000000, 0.000000, 1.000000
        ),
      [
        ["Contents", ["fencegr2_FenceWicker_1", "fencegr2_FenceWicker_2", "fencegr2_FenceWicker_3", "fencegr2_FenceWicker_4"]]
      ]
    ],

    [
      "fencegr3_FenceWicker_1",
      "InteriorObject",
      "CFenceWickerUnit",
      new Matrix(
          1.000000, -0.000412, 0.000000, 4813.669434,
          0.000412, 1.000000, 0.000000, 3133.104736,
          0.000000, 0.000000, 1.000000, 579.953003,
          0.000000, 0.000000, 0.000000, 1.000000
        ),
      [
        ["SurfaceControl", "PutonGround"],
        ["Length", 16]
      ]
    ],

    [
      "fencegr3_FenceWicker_2",
      "InteriorObject",
      "CFenceWickerUnit",
      new Matrix(
          0.004382, 0.999990, 0.000000, 4813.505371,
          -0.999990, 0.004382, 0.000000, 3154.906982,
          0.000000, 0.000000, 1.000000, 579.879944,
          0.000000, 0.000000, 0.000000, 1.000000
        ),
      [
        ["SurfaceControl", "PutonGround"],
        ["Length", 11]
      ]
    ],

    [
      "fencegr3_FenceWicker_3",
      "InteriorObject",
      "CFenceWickerUnit",
      new Matrix(
          0.999796, -0.020186, 0.000000, 4813.358398,
          0.020186, 0.999796, 0.000000, 3155.309570,
          0.000000, 0.000000, 1.000000, 579.879883,
          0.000000, 0.000000, 0.000000, 1.000000
        ),
      [
        ["SurfaceControl", "PutonGround"],
        ["Length", 16]
      ]
    ],

    [
      "fencegr3_FenceWicker_4",
      "InteriorObject",
      "CFenceWickerUnit",
      new Matrix(
          0.002884, -0.999996, 0.000000, 4845.256836,
          0.999996, 0.002884, 0.000000, 3136.056885,
          0.000000, 0.000000, 1.000000, 580.019897,
          0.000000, 0.000000, 0.000000, 1.000000
        ),
      [
        ["Length", 10],
        ["SurfaceControl", "PutonGround"]
      ]
    ],

    [
      "fencegr3",
      "ObjectsGroup",
      "CObjectsGroup",
      new Matrix(
          0.001100, -0.999999, 0.000000, 4829.513184,
          0.999999, 0.001100, 0.000000, 3144.481445,
          0.000000, 0.000000, 1.000000, 580.560547,
          0.000000, 0.000000, 0.000000, 1.000000
        ),
      [
        ["Contents", ["fencegr3_FenceWicker_1", "fencegr3_FenceWicker_2", "fencegr3_FenceWicker_3", "fencegr3_FenceWicker_4"]]
      ]
    ],

    [
      "fencegr4_FenceWicker_1",
      "InteriorObject",
      "CFenceWickerUnit",
      new Matrix(
          0.035681, 0.999363, 0.000000, 4767.634766,
          -0.999363, 0.035681, 0.000000, 3057.666504,
          0.000000, 0.000000, 1.000000, 580.019958,
          0.000000, 0.000000, 0.000000, 1.000000
        ),
      [
        ["SurfaceControl", "PutonGround"],
        ["Length", 14]
      ]
    ],

    [
      "fencegr4_FenceWicker_2",
      "InteriorObject",
      "CFenceWickerUnit",
      new Matrix(
          -0.999813, -0.019354, 0.000000, 4789.437500,
          0.019354, -0.999813, 0.000000, 3057.364990,
          0.000000, 0.000000, 1.000000, 580.019958,
          0.000000, 0.000000, 0.000000, 1.000000
        ),
      [
        ["SurfaceControl", "PutonGround"],
        ["Length", 11]
      ]
    ],

    [
      "fencegr4_FenceWicker_3",
      "InteriorObject",
      "CFenceWickerUnit",
      new Matrix(
          -0.003963, 0.999992, 0.000000, 4789.842773,
          -0.999992, -0.003963, 0.000000, 3057.505371,
          0.000000, 0.000000, 1.000000, 580.019897,
          0.000000, 0.000000, 0.000000, 1.000000
        ),
      [
        ["SurfaceControl", "PutonGround"],
        ["Length", 13]
      ]
    ],

    [
      "fencegr4_FenceWicker_4",
      "InteriorObject",
      "CFenceWickerUnit",
      new Matrix(
          0.999574, 0.029178, 0.000000, 4769.985352,
          -0.029178, 0.999574, 0.000000, 3029.343994,
          0.000000, 0.000000, 1.000000, 579.965393,
          0.000000, 0.000000, 0.000000, 1.000000
        ),
      [
        ["Length", 2],
        ["SurfaceControl", "PutonGround"]
      ]
    ],

    [
      "fencegr4",
      "ObjectsGroup",
      "CObjectsGroup",
      new Matrix(
          0.999748, 0.022461, 0.000000, 4778.573242,
          -0.022461, 0.999748, 0.000000, 3043.406738,
          0.000000, 0.000000, 1.000000, 580.603333,
          0.000000, 0.000000, 0.000000, 1.000000
        ),
      [
        ["Contents", ["fencegr4_FenceWicker_1", "fencegr4_FenceWicker_2", "fencegr4_FenceWicker_3", "fencegr4_FenceWicker_4"]]
      ]
    ],

    [
      "fencegr5_FenceWicker_1",
      "InteriorObject",
      "CFenceWickerUnit",
      new Matrix(
          -0.019305, 0.999814, 0.000000, 4800.984863,
          -0.999814, -0.019305, 0.000000, 3045.908691,
          0.000000, 0.000000, 1.000000, 580.019897,
          0.000000, 0.000000, 0.000000, 1.000000
        ),
      [
        ["SurfaceControl", "PutonGround"],
        ["Length", 14]
      ]
    ],

    [
      "fencegr5_FenceWicker_2",
      "InteriorObject",
      "CFenceWickerUnit",
      new Matrix(
          -0.997191, -0.074900, 0.000000, 4822.736328,
          0.074900, -0.997191, 0.000000, 3044.393066,
          0.000000, 0.000000, 1.000000, 580.019958,
          0.000000, 0.000000, 0.000000, 1.000000
        ),
      [
        ["SurfaceControl", "PutonGround"],
        ["Length", 11]
      ]
    ],

    [
      "fencegr5_FenceWicker_3",
      "InteriorObject",
      "CFenceWickerUnit",
      new Matrix(
          -0.058368, 0.998295, 0.000000, 4822.733887,
          -0.998295, -0.058368, 0.000000, 3044.532715,
          0.000000, 0.000000, 1.000000, 580.019897,
          0.000000, 0.000000, 0.000000, 1.000000
        ),
      [
        ["SurfaceControl", "PutonGround"],
        ["Length", 13]
      ]
    ],

    [
      "fencegr5_FenceWicker_4",
      "InteriorObject",
      "CFenceWickerUnit",
      new Matrix(
          0.996757, 0.080467, 0.000000, 4800.405273,
          -0.080467, 0.996757, 0.000000, 3018.148193,
          0.000000, 0.000000, 1.000000, 579.960876,
          0.000000, 0.000000, 0.000000, 1.000000
        ),
      [
        ["Length", 9],
        ["SurfaceControl", "PutonGround"]
      ]
    ],

    [
      "fencegr5",
      "ObjectsGroup",
      "CObjectsGroup",
      new Matrix(
          0.996941, 0.078163, 0.000000, 4810.937012,
          -0.078163, 0.996941, 0.000000, 3031.272705,
          0.000000, 0.000000, 1.000000, 580.601074,
          0.000000, 0.000000, 0.000000, 1.000000
        ),
      [
        ["Contents", ["fencegr5_FenceWicker_1", "fencegr5_FenceWicker_2", "fencegr5_FenceWicker_3", "fencegr5_FenceWicker_4"]]
      ]
    ],

    [
      "fencegr6_FenceWicker_1",
      "InteriorObject",
      "CFenceWickerUnit",
      new Matrix(
          0.005375, -0.999986, 0.000000, 4819.887695,
          0.999986, 0.005375, 0.000000, 2967.781738,
          0.000000, 0.000000, 1.000000, 579.973450,
          0.000000, 0.000000, 0.000000, 1.000000
        ),
      [
        ["SurfaceControl", "PutonGround"],
        ["Length", 15]
      ]
    ],

    [
      "fencegr6_FenceWicker_2",
      "InteriorObject",
      "CFenceWickerUnit",
      new Matrix(
          0.997282, 0.073680, 0.000000, 4799.980957,
          -0.073680, 0.997282, 0.000000, 2969.293701,
          0.000000, 0.000000, 1.000000, 579.950012,
          0.000000, 0.000000, 0.000000, 1.000000
        ),
      [
        ["SurfaceControl", "PutonGround"],
        ["Length", 10]
      ]
    ],

    [
      "fencegr6_FenceWicker_3",
      "InteriorObject",
      "CFenceWickerUnit",
      new Matrix(
          0.039167, -0.999233, 0.000000, 4799.902344,
          0.999233, 0.039167, 0.000000, 2969.056152,
          0.000000, 0.000000, 1.000000, 579.949951,
          0.000000, 0.000000, 0.000000, 1.000000
        ),
      [
        ["SurfaceControl", "PutonGround"],
        ["Length", 13]
      ]
    ],

    [
      "fencegr6_FenceWicker_4",
      "InteriorObject",
      "CFenceWickerUnit",
      new Matrix(
          -0.999943, 0.010649, 0.000000, 4819.953613,
          -0.010649, -0.999943, 0.000000, 2997.724121,
          0.000000, 0.000000, 1.000000, 579.950012,
          0.000000, 0.000000, 0.000000, 1.000000
        ),
      [
        ["Length", 6],
        ["SurfaceControl", "PutonGround"]
      ]
    ],

    [
      "fencegr6",
      "ObjectsGroup",
      "CObjectsGroup",
      new Matrix(
          -0.999918, 0.012819, 0.000000, 4810.000977,
          -0.012819, -0.999918, 0.000000, 2982.657715,
          0.000000, 0.000000, 1.000000, 580.572327,
          0.000000, 0.000000, 0.000000, 1.000000
        ),
      [
        ["Contents", ["fencegr6_FenceWicker_1", "fencegr6_FenceWicker_2", "fencegr6_FenceWicker_3", "fencegr6_FenceWicker_4"]]
      ]
    ],

    [
      "Deco_home1",
      "InteriorObject",
      "CUSRCorralWoodUnit",
      new Matrix(
          0.075860, 0.997118, -0.000006, 4813.039551,
          -0.997118, 0.075860, 0.000000, 4695.384766,
          0.000000, 0.000006, 1.000000, 608.875000,
          0.000000, 0.000000, 0.000000, 1.000000
        ),
      [
        ["SurfaceControl", "PutonGround"],
        ["HitPoints", 200.000000],
        ["Affiliation", "NEUTRAL"],
        ["Route", []],
        ["ShadowPlaneOffset", 0.050000],
        ["FakeShadowOffset", 0.090000]
      ]
    ],

    [
      "fencegr7deco_FenceWicker_1",
      "InteriorObject",
      "CFenceWickerUnit",
      new Matrix(
          0.999999, -0.001046, 0.000000, 4809.006348,
          0.001046, 0.999999, 0.000000, 4677.620117,
          0.000000, 0.000000, 1.000000, 608.859985,
          0.000000, 0.000000, 0.000000, 1.000000
        ),
      [
        ["SurfaceControl", "PutonGround"],
        ["Length", 15]
      ]
    ],

    [
      "fencegr7deco_FenceWicker_2",
      "InteriorObject",
      "CFenceWickerUnit",
      new Matrix(
          0.004721, 0.999989, 0.000000, 4807.973633,
          -0.999989, 0.004721, 0.000000, 4699.400391,
          0.000000, 0.000000, 1.000000, 608.860046,
          0.000000, 0.000000, 0.000000, 1.000000
        ),
      [
        ["SurfaceControl", "PutonGround"],
        ["Length", 11]
      ]
    ],

    [
      "fencegr7deco_FenceWicker_3",
      "InteriorObject",
      "CFenceWickerUnit",
      new Matrix(
          0.999141, -0.041442, 0.000000, 4807.810059,
          0.041442, 0.999141, 0.000000, 4699.793945,
          0.000000, 0.000000, 1.000000, 608.860046,
          0.000000, 0.000000, 0.000000, 1.000000
        ),
      [
        ["SurfaceControl", "PutonGround"],
        ["Length", 9]
      ]
    ],

    [
      "fencegr7deco_FenceWicker_4",
      "InteriorObject",
      "CFenceWickerUnit",
      new Matrix(
          0.027718, -0.999616, 0.000000, 4838.971191,
          0.999616, 0.027718, 0.000000, 4677.667480,
          0.000000, 0.000000, 1.000000, 608.859985,
          0.000000, 0.000000, 0.000000, 1.000000
        ),
      [
        ["Length", 10],
        ["SurfaceControl", "PutonGround"]
      ]
    ],

    [
      "fencegr7deco",
      "ObjectsGroup",
      "CObjectsGroup",
      new Matrix(
          -0.038600, -0.999255, 0.000000, 4823.753906,
          0.999255, -0.038600, 0.000000, 4688.744629,
          0.000000, 0.000000, 1.000000, 612.462158,
          0.000000, 0.000000, 0.000000, 1.000000
        ),
      [
        ["Contents", ["Deco_home1", "Deco_well", "Deco_well2", "fencegr7deco_FenceWicker_1", "fencegr7deco_FenceWicker_2", "fencegr7deco_FenceWicker_3", "fencegr7deco_FenceWicker_4"]]
      ]
    ],

    [
      "Deco_well",
      "InteriorObject",
      "CWaterWell_1Unit",
      new Matrix(
          -0.995241, 0.097440, -0.000006, 4830.587891,
          -0.097440, -0.995241, 0.000000, 4695.376953,
          -0.000006, 0.000001, 1.000000, 608.863953,
          0.000000, 0.000000, 0.000000, 1.000000
        ),
      [
        ["HitPoints", 100.000000],
        ["SurfaceControl", "PutonGround"],
        ["Affiliation", "NEUTRAL"],
        ["Route", []],
        ["ShadowPlaneOffset", 0.050000],
        ["FakeShadowOffset", 0.090000]
      ]
    ],

    [
      "Deco_well2",
      "InteriorObject",
      "CWaterWell_2Unit",
      new Matrix(
          -0.995241, 0.097440, -0.000008, 4831.379395,
          -0.097440, -0.995241, 0.000000, 4695.292480,
          -0.000007, 0.000001, 1.000000, 608.860107,
          0.000000, 0.000000, 0.000000, 1.000000
        ),
      [
        ["HitPoints", 100.000000],
        ["SurfaceControl", "PutonGround"],
        ["Affiliation", "NEUTRAL"],
        ["Route", []],
        ["ShadowPlaneOffset", 0.050000],
        ["FakeShadowOffset", 0.090000]
      ]
    ],

    [
      "Spawn1",
      "NavPoint",
      "CPlayerSpawnPoint",
      new Matrix(
          0.344166, -0.938909, 0.000000, 4782.762695,
          0.938909, 0.344166, 0.000000, 2931.392334,
          0.000000, 0.000000, 1.000000, 578.426270,
          0.000000, 0.000000, 0.000000, 1.000000
        ),
      [
        ["Range", 5.000000],
        ["Detect", true],
        ["Name", ""],
        ["Mask", [[], []]],
        ["IsVisible", true],
        ["PositionType", ""],
        ["BehaviorHeight", 0.000000],
        ["MapCompass", false],
        ["IsMain", false],
        ["IsLoadOnClient", true],
        ["Team", 0]
      ]
    ],

    [
      "Spawn2",
      "NavPoint",
      "CPlayerSpawnPoint",
      new Matrix(
          0.218190, -0.975906, 0.000000, 4806.241211,
          0.975906, 0.218190, 0.000000, 2941.180420,
          0.000000, 0.000000, 1.000000, 579.407532,
          0.000000, 0.000000, 0.000000, 1.000000
        ),
      [
        ["Range", 5.000000],
        ["Detect", true],
        ["Name", ""],
        ["Mask", [[], []]],
        ["IsVisible", true],
        ["PositionType", ""],
        ["BehaviorHeight", 0.000000],
        ["MapCompass", false],
        ["IsMain", false],
        ["IsLoadOnClient", true],
        ["Team", 0]
      ]
    ],

    [
      "Spawn3",
      "NavPoint",
      "CPlayerSpawnPoint",
      new Matrix(
          0.286307, -0.958138, 0.000000, 4823.262207,
          0.958138, 0.286307, 0.000000, 2942.485596,
          0.000000, 0.000000, 1.000000, 580.185181,
          0.000000, 0.000000, 0.000000, 1.000000
        ),
      [
        ["Range", 5.000000],
        ["Detect", true],
        ["Name", ""],
        ["Mask", [[], []]],
        ["IsVisible", true],
        ["PositionType", ""],
        ["BehaviorHeight", 0.000000],
        ["MapCompass", false],
        ["IsMain", false],
        ["IsLoadOnClient", true],
        ["Team", 0]
      ]
    ],

    [
      "Spawn4",
      "NavPoint",
      "CPlayerSpawnPoint",
      new Matrix(
          0.120866, -0.992669, 0.000000, 4840.323730,
          0.992669, 0.120866, 0.000000, 2933.299072,
          0.000000, 0.000000, 1.000000, 579.817993,
          0.000000, 0.000000, 0.000000, 1.000000
        ),
      [
        ["Range", 5.000000],
        ["Detect", true],
        ["Name", ""],
        ["Mask", [[], []]],
        ["IsVisible", true],
        ["PositionType", ""],
        ["BehaviorHeight", 0.000000],
        ["MapCompass", false],
        ["IsMain", false],
        ["IsLoadOnClient", true],
        ["Team", 0]
      ]
    ],

    [
      "Spawn5",
      "NavPoint",
      "CPlayerSpawnPoint",
      new Matrix(
          0.999669, 0.025716, 0.000000, 4782.661133,
          -0.025716, 0.999669, 0.000000, 2995.382080,
          0.000000, 0.000000, 1.000000, 577.980286,
          0.000000, 0.000000, 0.000000, 1.000000
        ),
      [
        ["Range", 5.000000],
        ["Detect", true],
        ["Name", ""],
        ["Mask", [[], []]],
        ["IsVisible", true],
        ["PositionType", ""],
        ["BehaviorHeight", 0.000000],
        ["MapCompass", false],
        ["IsMain", false],
        ["IsLoadOnClient", true],
        ["Team", 0]
      ]
    ],

    [
      "Spawn6",
      "NavPoint",
      "CPlayerSpawnPoint",
      new Matrix(
          0.999821, -0.018900, 0.000000, 4782.809570,
          0.018900, 0.999821, 0.000000, 2984.396973,
          0.000000, 0.000000, 1.000000, 579.698547,
          0.000000, 0.000000, 0.000000, 1.000000
        ),
      [
        ["Range", 5.000000],
        ["Detect", true],
        ["Name", ""],
        ["Mask", [[], []]],
        ["IsVisible", true],
        ["PositionType", ""],
        ["BehaviorHeight", 0.000000],
        ["MapCompass", false],
        ["IsMain", false],
        ["IsLoadOnClient", true],
        ["Team", 0]
      ]
    ],

    [
      "Spawn7",
      "NavPoint",
      "CPlayerSpawnPoint",
      new Matrix(
          0.996362, 0.085225, 0.000000, 4783.151367,
          -0.085225, 0.996362, 0.000000, 2973.471436,
          0.000000, 0.000000, 1.000000, 575.151245,
          0.000000, 0.000000, 0.000000, 1.000000
        ),
      [
        ["Range", 5.000000],
        ["Detect", true],
        ["Name", ""],
        ["Mask", [[], []]],
        ["IsVisible", true],
        ["PositionType", ""],
        ["BehaviorHeight", 0.000000],
        ["MapCompass", false],
        ["IsMain", false],
        ["IsLoadOnClient", true],
        ["Team", 0]
      ]
    ],

    [
      "Spawn8",
      "NavPoint",
      "CPlayerSpawnPoint",
      new Matrix(
          -0.999608, 0.027982, 0.000000, 4805.467285,
          -0.027982, -0.999608, 0.000000, 2962.948730,
          0.000000, 0.000000, 1.000000, 580.072144,
          0.000000, 0.000000, 0.000000, 1.000000
        ),
      [
        ["Range", 5.000000],
        ["Detect", true],
        ["Name", ""],
        ["Mask", [[], []]],
        ["IsVisible", true],
        ["PositionType", ""],
        ["BehaviorHeight", 0.000000],
        ["MapCompass", false],
        ["IsMain", false],
        ["IsLoadOnClient", true],
        ["Team", 0]
      ]
    ],

    [
      "RedReload_01",
      "InteriorObject",
      "CReloadUSSRUnit",
      new Matrix(
          0.999353, 0.035970, -0.000009, 4783.817383,
          -0.035970, 0.999353, 0.000000, 3070.783447,
          0.000009, 0.000000, 1.000000, 580.054443,
          0.000000, 0.000000, 0.000000, 1.000000
        ),
      [
        ["SurfaceControl", "PutonGround"],
        ["HitPoints", -1.000000],
        ["Affiliation", "NEUTRAL"],
        ["Route", []],
        ["ShadowPlaneOffset", 0.050000],
        ["FakeShadowOffset", 0.090000]
      ]
    ],

    [
      "RedPoint3_bags01",
      "GameObject",
      "CSandBagsUnit",
      new Matrix(
          -0.845102, -0.534347, 0.016612, 4821.949707,
          0.534601, -0.844810, 0.022313, 2913.206787,
          0.002111, 0.027737, 0.999613, 581.528564,
          0.000000, 0.000000, 0.000000, 1.000000
        ),
      [
        ["SurfaceControl", "PutonGround"],
        ["HitPoints", 100.000000],
        ["Affiliation", "NEUTRAL"],
        ["Route", []],
        ["ShadowPlaneOffset", 0.050000],
        ["FakeShadowOffset", 0.090000]
      ]
    ],

    [
      "RedPoint3_bags02",
      "GameObject",
      "CSandBagsUnit",
      new Matrix(
          -0.611890, -0.790800, 0.015045, 4825.977051,
          0.790595, -0.612074, -0.018019, 2909.544434,
          0.023458, 0.000869, 0.999724, 581.327576,
          0.000000, 0.000000, 0.000000, 1.000000
        ),
      [
        ["SurfaceControl", "PutonGround"],
        ["HitPoints", 100.000000],
        ["Affiliation", "NEUTRAL"],
        ["Route", []],
        ["ShadowPlaneOffset", 0.050000],
        ["FakeShadowOffset", 0.090000]
      ]
    ],

    [
      "RedPoint3_bags05",
      "GameObject",
      "CSandBagsUnit",
      new Matrix(
          0.000398, -1.000000, 0.000000, 4827.923828,
          1.000000, 0.000398, 0.000000, 2902.087646,
          0.000000, 0.000000, 1.000000, 579.982849,
          0.000000, 0.000000, 0.000000, 1.000000
        ),
      [
        ["SurfaceControl", "PutonGround"],
        ["HitPoints", 100.000000],
        ["Affiliation", "NEUTRAL"],
        ["Route", []],
        ["ShadowPlaneOffset", 0.050000],
        ["FakeShadowOffset", 0.090000]
      ]
    ],

    [
      "RedPoint3_bags06",
      "GameObject",
      "CSandBagsUnit",
      new Matrix(
          0.203120, -0.979116, -0.008568, 4827.455566,
          0.979144, 0.203149, -0.002668, 2896.986328,
          0.004353, -0.007847, 0.999960, 581.179626,
          0.000000, 0.000000, 0.000000, 1.000000
        ),
      [
        ["SurfaceControl", "PutonGround"],
        ["HitPoints", 100.000000],
        ["Affiliation", "NEUTRAL"],
        ["Route", []],
        ["ShadowPlaneOffset", 0.050000],
        ["FakeShadowOffset", 0.090000]
      ]
    ],

    [
      "RedPoint3_hog01",
      "InteriorObject",
      "CAntiTankSingleUnit",
      new Matrix(
          -0.999777, 0.021121, -0.000029, 4805.470703,
          -0.021121, -0.999777, 0.000000, 2930.077881,
          -0.000029, 0.000001, 1.000000, 579.647522,
          0.000000, 0.000000, 0.000000, 1.000000
        ),
      [
        ["HitPoints", -1.000000],
        ["SurfaceControl", "PutonGround"],
        ["Affiliation", "NEUTRAL"],
        ["Route", []],
        ["ShadowPlaneOffset", 0.050000],
        ["FakeShadowOffset", 0.090000]
      ]
    ],

    [
      "RedPoint3_hog02",
      "InteriorObject",
      "CAntiTankSingleUnit",
      new Matrix(
          -0.937344, -0.348404, -0.000016, 4811.321289,
          0.348404, -0.937344, 0.000000, 2931.667480,
          -0.000015, -0.000006, 1.000000, 579.646179,
          0.000000, 0.000000, 0.000000, 1.000000
        ),
      [
        ["HitPoints", -1.000000],
        ["SurfaceControl", "PutonGround"],
        ["Affiliation", "NEUTRAL"],
        ["Route", []],
        ["ShadowPlaneOffset", 0.050000],
        ["FakeShadowOffset", 0.090000]
      ]
    ],

    [
      "RedPoint3_hog03",
      "InteriorObject",
      "CAntiTankSingleUnit",
      new Matrix(
          -0.956599, 0.291407, -0.000048, 4799.813477,
          -0.291407, -0.956599, 0.000000, 2927.854980,
          -0.000046, 0.000014, 1.000000, 579.647583,
          0.000000, 0.000000, 0.000000, 1.000000
        ),
      [
        ["HitPoints", -1.000000],
        ["SurfaceControl", "PutonGround"],
        ["Affiliation", "NEUTRAL"],
        ["Route", []],
        ["ShadowPlaneOffset", 0.050000],
        ["FakeShadowOffset", 0.090000]
      ]
    ],

    [
      "BlueReload_01",
      "InteriorObject",
      "CReloadGerUnit",
      new Matrix(
          -0.014488, 0.999895, -0.000007, 4752.008301,
          -0.999895, -0.014488, 0.000000, 4715.156250,
          0.000000, 0.000007, 1.000000, 608.871094,
          0.000000, 0.000000, 0.000000, 1.000000
        ),
      [
        ["SurfaceControl", "PutonGround"],
        ["HitPoints", -1.000000],
        ["Affiliation", "NEUTRAL"],
        ["Route", []],
        ["ShadowPlaneOffset", 0.050000],
        ["FakeShadowOffset", 0.090000]
      ]
    ],

    [
      "Spawn11",
      "NavPoint",
      "CPlayerSpawnPoint",
      new Matrix(
          -0.999981, 0.006202, 0.000000, 4804.575684,
          -0.006202, -0.999981, 0.000000, 3011.959961,
          0.000000, 0.000000, 1.000000, 579.905823,
          0.000000, 0.000000, 0.000000, 1.000000
        ),
      [
        ["Range", 5.000000],
        ["Detect", true],
        ["Name", ""],
        ["Mask", [[], []]],
        ["IsVisible", true],
        ["PositionType", ""],
        ["BehaviorHeight", 0.000000],
        ["MapCompass", false],
        ["IsMain", false],
        ["IsLoadOnClient", true],
        ["Team", 0]
      ]
    ],

    [
      "Spawn12",
      "NavPoint",
      "CPlayerSpawnPoint",
      new Matrix(
          -0.084173, 0.996451, 0.000000, 4731.820313,
          -0.996451, -0.084173, 0.000000, 4717.965332,
          0.000000, 0.000000, 1.000000, 607.910645,
          0.000000, 0.000000, 0.000000, 1.000000
        ),
      [
        ["Range", 5.000000],
        ["Detect", true],
        ["Name", ""],
        ["Mask", [[], []]],
        ["IsVisible", true],
        ["PositionType", ""],
        ["BehaviorHeight", 0.000000],
        ["MapCompass", false],
        ["IsMain", false],
        ["IsLoadOnClient", true],
        ["Team", 1]
      ]
    ],

    [
      "BluePoint1_bags01",
      "GameObject",
      "CSandBagsUnit",
      new Matrix(
          0.701663, 0.712509, -0.000196, 4653.774414,
          -0.712509, 0.701663, 0.000002, 4692.800781,
          0.000139, 0.000139, 1.000000, 608.880676,
          0.000000, 0.000000, 0.000000, 1.000000
        ),
      [
        ["SurfaceControl", "PutonGround"],
        ["HitPoints", 100.000000],
        ["Affiliation", "NEUTRAL"],
        ["Route", []],
        ["ShadowPlaneOffset", 0.050000],
        ["FakeShadowOffset", 0.090000]
      ]
    ],

    [
      "BluePoint1_hog01",
      "InteriorObject",
      "CAntiTankSingleUnit",
      new Matrix(
          0.188032, 0.982163, -0.000020, 4650.935059,
          -0.982163, 0.188032, 0.000000, 4700.052246,
          0.000004, 0.000019, 1.000000, 608.907471,
          0.000000, 0.000000, 0.000000, 1.000000
        ),
      [
        ["HitPoints", -1.000000],
        ["SurfaceControl", "PutonGround"],
        ["Affiliation", "NEUTRAL"],
        ["Route", []],
        ["ShadowPlaneOffset", 0.050000],
        ["FakeShadowOffset", 0.090000]
      ]
    ],

    [
      "BluePoint1_hog02",
      "InteriorObject",
      "CAntiTankSingleUnit",
      new Matrix(
          0.188032, 0.982163, 0.000000, 4651.482910,
          -0.982163, 0.188032, 0.000000, 4697.837891,
          0.000000, 0.000000, 1.000000, 612.212097,
          0.000000, 0.000000, 0.000000, 1.000000
        ),
      [
        ["HitPoints", -1.000000],
        ["SurfaceControl", "PutonGround"],
        ["Affiliation", "NEUTRAL"],
        ["Route", []],
        ["ShadowPlaneOffset", 0.050000],
        ["FakeShadowOffset", 0.090000]
      ]
    ],

    [
      "BluePoint1_hog03",
      "InteriorObject",
      "CAntiTankSingleUnit",
      new Matrix(
          -0.127301, 0.991864, -0.000063, 4651.831543,
          -0.991864, -0.127301, 0.000000, 4695.545410,
          -0.000008, 0.000062, 1.000000, 608.907532,
          0.000000, 0.000000, 0.000000, 1.000000
        ),
      [
        ["HitPoints", -1.000000],
        ["SurfaceControl", "PutonGround"],
        ["Affiliation", "NEUTRAL"],
        ["Route", []],
        ["ShadowPlaneOffset", 0.050000],
        ["FakeShadowOffset", 0.090000]
      ]
    ],

    [
      "Spawn13",
      "NavPoint",
      "CPlayerSpawnPoint",
      new Matrix(
          -0.123962, 0.992287, 0.000000, 4718.762695,
          -0.992287, -0.123962, 0.000000, 4718.524414,
