//-------------------------------------------------------------------
//                                                                   
//  This code is copyright 2001 by G5 Software.                      
//  Any unauthorized usage, either in part or in whole of this code  
//  is strictly prohibited. Violators WILL be prosecuted to the      
//  maximum extent allowed by law.                                   
//                                                                   
//-------------------------------------------------------------------
//                                                                   
//  Automatically-generated mission script file                      
//  DO NOT EDIT!                                                     
//                                                                   
//-------------------------------------------------------------------


class CC1M5Content
{
  static String m_ObjectListClassFile = "Missions/Campaign_1/Mission_5/Content.script";
  static String m_ObjectListClassName = "CC1M5Content";

  static Array  m_MissionObjectList   = [
    [
      "Atmosphere",
      "",
      "",
      new Matrix(
          1.000000, 0.000000, 0.000000, 0.000000,
          0.000000, 1.000000, 0.000000, 0.000000,
          0.000000, 0.000000, 1.000000, 0.000000,
          0.000000, 0.000000, 0.000000, 1.000000
        ),
      [
        ["FogColorXPos", new Color(0.627451, 0.627451, 0.627451, 1.000000)],
        ["FogColorXNeg", new Color(0.627451, 0.627451, 0.627451, 1.000000)],
        ["FogColorYPos", new Color(0.627451, 0.627451, 0.627451, 1.000000)],
        ["FogColorYNeg", new Color(0.627451, 0.627451, 0.627451, 1.000000)],
        ["FogNear", 1000.000000],
        ["FogFar", 500.000000],
        ["FogFarMax", 4000.000000],
        ["EnableHorizontAdjustment", true],
        ["SunColor", new Color(0.682353, 0.682353, 0.682353, 1.000000)],
        ["SunIntensity", 0.500000],
        ["AntiSunColor", new Color(0.576471, 0.592157, 0.666667, 1.000000)],
        ["AntiSunIntensity", 0.500000],
        ["AntiSunAngle", 60.000000],
        ["SunDirection", new Vector(-0.105195, -0.105554, -0.355535)],
        ["AmbientLight", new Color(0.152941, 0.152941, 0.180392, 1.000000)],
        ["ShadowColor", new Color(0.847059, 0.847059, 0.847059, 1.000000)],
        ["FogMode", "Linear"],
        ["FogDensity", 0.001000],
        ["TreeLightKoef", 2.000000],
        ["TreeNormalRelax", 0.000000],
        ["StencilShadowColor", new Color(0.874510, 0.874510, 0.874510, 1.000000)],
        ["AntiSunHorAngle", 105.000000]
      ]
    ],

    [
      "Terrain",
      "",
      "",
      new Matrix(
          1.000000, 0.000000, 0.000000, 0.000000,
          0.000000, 1.000000, 0.000000, 0.000000,
          0.000000, 0.000000, 1.000000, 0.000000,
          0.000000, 0.000000, 0.000000, 1.000000
        ),
      [
        ["ForestTextureScale", 2.000000],
        ["ForestShadowBorderScale", 0.400000],
        ["ForestShadowAlphaScale", 0.900000],
        ["VertForestDistMin", 100.000000],
        ["VertForestDistMax", 1000.000000],
        ["VertForestAngleMin", 0.000000],
        ["VertForestAngleMax", 45.000000],
        ["VertForestBeginFadeDist", [350.000000, 610.000000]],
        ["TerrainShadowPower", 2.000000],
        ["IsAntiLighting", true],
        ["NormalNoise", 0.250000],
        ["WaterBorderColor", new Color(0.556863, 0.494118, 0.443137, 1.000000)],
        ["ForestAlphaScale", 0.500000],
        ["FakeForestBeginFadeDist", [200.000000, 1600.000000]]
      ]
    ],

    [
      "MainPlayerUnit",
      "GameObject",
      "CTankT34_85_44Unit",
      new Matrix(
          -0.429849, -0.902397, -0.030147, 5085.984863,
          0.901787, -0.430737, 0.035287, 3894.867920,
          -0.044828, -0.012018, 0.998922, 580.963440,
          0.000000, 0.000000, 0.000000, 1.000000
        ),
      [
        ["IsPlayer", true],
        ["IsManual", true],
        ["Affiliation", "FRIEND"],
        ["Number", "22_18"]
      ]
    ],

    [
      "NavPoint_Village_Viso4ani",
      "NavPoint",
      "CZAxisCylNavPoint",
      new Matrix(
          -0.874087, 0.485769, 0.000000, 4849.737305,
          -0.485769, -0.874087, 0.000000, 5051.378906,
          0.000000, 0.000000, 1.000000, 561.856018,
          0.000000, 0.000000, 0.000000, 1.000000
        ),
      [
        ["Range", 1.000000]
      ]
    ],

    [
      "NavPoint_Village_Kurtenki",
      "NavPoint",
      "CZAxisCylNavPoint",
      new Matrix(
          -0.874087, 0.485769, 0.000000, 4869.416992,
          -0.485769, -0.874087, 0.000000, 1363.988037,
          0.000000, 0.000000, 1.000000, 593.178894,
          0.000000, 0.000000, 0.000000, 1.000000
        ),
      [
        ["Range", 1.000000]
      ]
    ],

    [
      "Village_Kurtenki1",
      "ObjectsGroup",
      "CObjectsGroup",
      new Matrix(
          0.494761, -0.869029, 0.000000, 4887.069824,
          0.869029, 0.494761, 0.000000, 1418.592407,
          0.000000, 0.000000, 1.000000, 581.215759,
          0.000000, 0.000000, 0.000000, 1.000000
        ),
      [
        ["Contents", ["Kurtenki1House1Group", "Kurtenki1House2Group", "Kurtenki1House3Group", "Kurtenki1House4Group", "Kurtenki1House5Group", "Kurtenki1House6Group", "Kurtenki1House7Group", "Kurtenki1House8Group", "Kurtenki1Well"]]
      ]
    ],

    [
      "Kurtenki1House1Group",
      "ObjectsGroup",
      "CObjectsGroup",
      new Matrix(
          0.021245, -0.999774, 0.000000, 4849.878906,
          0.999774, 0.021246, 0.000000, 1440.178345,
          0.000000, 0.000000, 1.000000, 577.680115,
          0.000000, 0.000000, 0.000000, 1.000000
        ),
      [
        ["Contents", ["Kurtenki1House1", "Kurtenki1House1_Shed"]]
      ]
    ],

    [
      "Kurtenki1House1",
      "InteriorObject",
      "CUSRHouseWoodUnit",
      new Matrix(
          -0.999460, -0.018047, -0.027452, 4838.556641,
          0.016847, -0.998919, 0.043324, 1438.822632,
          -0.028205, 0.042838, 0.998684, 575.426758,
          0.000000, 0.000000, 0.000000, 1.000000
        ),
      [
        ["SurfaceControl", "PutonGround"]
      ]
    ],

    [
      "Kurtenki1House1_Shed",
      "InteriorObject",
      "CUSRShedWoodUnit",
      new Matrix(
          -0.006899, 0.999386, -0.034347, 4861.725098,
          -0.998922, -0.005311, 0.046114, 1440.696167,
          0.045903, 0.034628, 0.998345, 576.029297,
          0.000000, 0.000000, 0.000000, 1.000000
        ),
      [
        ["SurfaceControl", "PutonGround"]
      ]
    ],

    [
      "Kurtenki1House2Group",
      "ObjectsGroup",
      "CObjectsGroup",
      new Matrix(
          0.999969, 0.007802, 0.000000, 4803.143066,
          -0.007803, 0.999970, 0.000000, 1450.690430,
          0.000000, 0.000000, 1.000000, 576.466309,
          0.000000, 0.000000, 0.000000, 1.000000
        ),
      [
        ["Contents", ["Kurtenki1House2", "Kurtenki1House2_Corral"]]
      ]
    ],

    [
      "Kurtenki1House2",
      "InteriorObject",
      "CUSRHouseWoodUnit",
      new Matrix(
          -0.036067, 0.999173, -0.018796, 4800.725586,
          -0.998659, -0.035336, 0.037847, 1437.549194,
          0.037152, 0.020136, 0.999107, 574.603882,
          0.000000, 0.000000, 0.000000, 1.000000
        ),
      [
        ["SurfaceControl", "PutonGround"]
      ]
    ],

    [
      "Kurtenki1House2_Corral",
      "InteriorObject",
      "CUSRCorralWoodUnit",
      new Matrix(
          -0.998216, -0.057422, -0.016363, 4804.937500,
          0.057017, -0.998080, 0.024201, 1462.879761,
          -0.017721, 0.023225, 0.999573, 573.813171,
          0.000000, 0.000000, 0.000000, 1.000000
        ),
      [
        ["SurfaceControl", "PutonGround"]
      ]
    ],

    [
      "Kurtenki1House3Group",
      "ObjectsGroup",
      "CObjectsGroup",
      new Matrix(
          0.011577, 0.999933, 0.000000, 4892.256348,
          -0.999933, 0.011577, 0.000000, 1374.597412,
          0.000000, 0.000000, 1.000000, 583.839600,
          0.000000, 0.000000, 0.000000, 1.000000
        ),
      [
        ["Contents", ["Kurtenki1House3_Corral", "Kurtenki1House3_Shed1"]]
      ]
    ],

    [
      "Kurtenki1House3_Corral",
      "InteriorObject",
      "CUSRCorralWoodUnit",
      new Matrix(
          0.001751, 0.993508, -0.113745, 4887.684570,
          -0.999807, 0.003966, 0.019249, 1381.688599,
          0.019575, 0.113689, 0.993323, 581.877502,
          0.000000, 0.000000, 0.000000, 1.000000
        ),
      [
        ["SurfaceControl", "PutonGround"]
      ]
    ],

    [
      "Kurtenki1House3_Shed1",
      "InteriorObject",
      "CUSRShedWoodUnit",
      new Matrix(
          -0.003102, 0.994082, -0.108585, 4898.482910,
          -0.999907, -0.001642, 0.013530, 1368.534424,
          0.013272, 0.108617, 0.993995, 583.289490,
          0.000000, 0.000000, 0.000000, 1.000000
        ),
      [
        ["SurfaceControl", "PutonGround"]
      ]
    ],

    [
      "Kurtenki1House4Group",
      "ObjectsGroup",
      "CObjectsGroup",
      new Matrix(
          -0.994625, -0.103541, 0.000000, 4805.890137,
          0.103541, -0.994625, 0.000000, 1416.247803,
          0.000000, 0.000000, 1.000000, 577.900818,
          0.000000, 0.000000, 0.000000, 1.000000
        ),
      [
        ["Contents", ["Kurtenki1House4", "Kurtenki1House4_Corral"]]
      ]
    ],

    [
      "Kurtenki1House4",
      "InteriorObject",
      "CUSRHouseWoodUnit",
      new Matrix(
          0.026989, -0.999376, -0.022770, 4795.742676,
          0.998651, 0.025945, 0.044969, 1417.240356,
          -0.044350, -0.023953, 0.998729, 575.330139,
          0.000000, 0.000000, 0.000000, 1.000000
        ),
      [
        ["SurfaceControl", "PutonGround"]
      ]
    ],

    [
      "Kurtenki1House4_Corral",
      "InteriorObject",
      "CUSRCorralWoodUnit",
      new Matrix(
          -0.026540, 0.999015, -0.035553, 4816.224121,
          -0.994016, -0.022604, 0.106865, 1414.948120,
          0.105956, 0.038177, 0.993638, 576.196594,
          0.000000, 0.000000, 0.000000, 1.000000
        ),
      [
        ["SurfaceControl", "PutonGround"]
      ]
    ],

    [
      "Kurtenki1House5Group",
      "ObjectsGroup",
      "CObjectsGroup",
      new Matrix(
          0.999656, -0.026209, 0.000000, 4862.842773,
          0.026209, 0.999656, 0.000000, 1359.587036,
          0.000000, 0.000000, 1.000000, 582.153748,
          0.000000, 0.000000, 0.000000, 1.000000
        ),
      [
        ["Contents", ["Kurtenki1House5", "Kurtenki1House5_Shed1"]]
      ]
    ],

    [
      "Kurtenki1House5",
      "InteriorObject",
      "CUSRHouseWoodUnit",
      new Matrix(
          0.998390, -0.038871, -0.041296, 4863.706055,
          0.039999, 0.998839, 0.026840, 1366.383301,
          0.040205, -0.028449, 0.998786, 579.935059,
          0.000000, 0.000000, 0.000000, 1.000000
        ),
      [
        ["SurfaceControl", "PutonGround"]
      ]
    ],

    [
      "Kurtenki1House5_Shed1",
      "InteriorObject",
      "CUSRShedWoodUnit",
      new Matrix(
          -0.999378, 0.033866, -0.009833, 4863.073730,
          -0.034036, -0.999265, 0.017655, 1351.301270,
          -0.009228, 0.017978, 0.999796, 580.526184,
          0.000000, 0.000000, 0.000000, 1.000000
        ),
      [
        ["SurfaceControl", "PutonGround"]
      ]
    ],

    [
      "Kurtenki1House6Group",
      "ObjectsGroup",
      "CObjectsGroup",
      new Matrix(
          -0.999885, -0.015190, 0.000000, 4852.311523,
          0.015190, -0.999885, 0.000000, 1408.675293,
          0.000000, 0.000000, 1.000000, 579.435181,
          0.000000, 0.000000, 0.000000, 1.000000
        ),
      [
        ["Contents", ["Kurtenki1House6", "Kurtenki1House6_Shed"]]
      ]
    ],

    [
      "Kurtenki1House6",
      "InteriorObject",
      "CUSRHouseWoodUnit",
      new Matrix(
          -0.015495, -0.998230, -0.057408, 4845.447754,
          0.987414, -0.024315, 0.156275, 1416.990967,
          -0.157394, -0.054264, 0.986044, 577.259094,
          0.000000, 0.000000, 0.000000, 1.000000
        ),
      [
        ["SurfaceControl", "PutonGround"]
      ]
    ],

    [
      "Kurtenki1House6_Shed",
      "InteriorObject",
      "CUSRShedWoodUnit",
      new Matrix(
          0.002136, 0.998426, -0.056044, 4860.858887,
          -0.999895, 0.002937, 0.014199, 1401.184814,
          0.014341, 0.056008, 0.998327, 579.255249,
          0.000000, 0.000000, 0.000000, 1.000000
        ),
      [
        ["SurfaceControl", "PutonGround"]
      ]
    ],

    [
      "Kurtenki1House7Group",
      "ObjectsGroup",
      "CObjectsGroup",
      new Matrix(
          -0.710108, -0.704093, 0.000000, 4977.720215,
          0.704093, -0.710108, 0.000000, 1393.711914,
          0.000000, 0.000000, 1.000000, 585.814087,
          0.000000, 0.000000, 0.000000, 1.000000
        ),
      [
        ["Contents", ["Kurtenki1House7", "Kurtenki1House7_Shed1"]]
      ]
    ],

    [
      "Kurtenki1House7",
      "InteriorObject",
      "CUSRHouseWoodUnit",
      new Matrix(
          -0.753087, 0.657865, -0.008608, 4984.333496,
          -0.653957, -0.747051, 0.119392, 1394.069214,
          0.072113, 0.095542, 0.992810, 583.645081,
          0.000000, 0.000000, 0.000000, 1.000000
        ),
      [
        ["SurfaceControl", "PutonGround"]
      ]
    ],

    [
      "Kurtenki1House7_Shed1",
      "InteriorObject",
      "CUSRShedWoodUnit",
      new Matrix(
          -0.686229, -0.727105, -0.020207, 4971.027832,
          0.719171, -0.682381, 0.130959, 1392.153931,
          -0.109010, 0.075335, 0.991182, 583.662292,
          0.000000, 0.000000, 0.000000, 1.000000
        ),
      [
        ["SurfaceControl", "PutonGround"]
      ]
    ],

    [
      "Kurtenki1House8Group",
      "ObjectsGroup",
      "CObjectsGroup",
      new Matrix(
          0.999989, 0.004642, 0.000000, 4960.613281,
          -0.004642, 0.999989, 0.000000, 1446.901245,
          0.000000, 0.000000, 1.000000, 580.986023,
          0.000000, 0.000000, 0.000000, 1.000000
        ),
      [
        ["Contents", ["Kurtenki1House8", "Kurtenki1House8_Shed"]]
      ]
    ],

    [
      "Kurtenki1House8",
      "InteriorObject",
      "CUSRHouseWoodUnit",
      new Matrix(
          0.999102, 0.005749, -0.041968, 4950.838867,
          -0.003911, 0.999035, 0.043745, 1451.565552,
          0.042179, -0.043542, 0.998161, 578.776184,
          0.000000, 0.000000, 0.000000, 1.000000
        ),
      [
        ["SurfaceControl", "PutonGround"]
      ]
    ],

    [
      "Kurtenki1House8_Shed",
      "InteriorObject",
      "CUSRShedWoodUnit",
      new Matrix(
          -0.997923, 0.050623, -0.039828, 4968.807129,
          -0.052479, -0.997514, 0.047035, 1440.964233,
          -0.037348, 0.049028, 0.998099, 579.979553,
          0.000000, 0.000000, 0.000000, 1.000000
        ),
      [
        ["SurfaceControl", "PutonGround"]
      ]
    ],

    [
      "Village_Kurtenki1_micro",
      "Locator",
      "CTerrainPatch",
      new Matrix(
          0.011889, -0.999929, 0.000000, 4889.083496,
          0.999929, 0.011889, 0.000000, 1449.686401,
          0.000000, 0.000000, 1.000000, 576.461670,
          0.000000, 0.000000, 0.000000, 1.000000
        ),
      [
        ["Dimensions", new Vector(125.000000, 125.000000, 12.943359)],
        ["TextureName", "Textures/V_Kurtenki1_micro.tex"],
        ["ZoneName", "Textures/V_Kurtenki1_zone.bmp"],
        ["BorderSize", 80.000000],
        ["MaterialID", "Village"]
      ]
    ],

    [
      "NavPointKurt",
      "NavPoint",
      "CZAxisCylNavPoint",
      new Matrix(
          0.011889, -0.999929, 0.000000, 4877.143555,
          0.999929, 0.011889, 0.000000, 1403.616455,
          0.000000, 0.000000, 1.000000, 580.296082,
          0.000000, 0.000000, 0.000000, 1.000000
        ),
      [
        ["Range", 7.000000],
        ["IsVisible", true],
        ["IsMain", true],
        ["Name", "CC1M5Mission_Strings::str_NavPointKurt"]
      ]
    ],

    [
      "Kurtenki1Well",
      "InteriorObject",
      "CWaterWell_1Unit",
      new Matrix(
          0.999996, -0.002965, 0.000000, 4946.089844,
          0.002964, 0.999996, 0.000000, 1421.154419,
          0.000000, 0.000000, 1.000000, 584.480530,
          0.000000, 0.000000, 0.000000, 1.000000
        ),
      [
        ["SurfaceControl", "None"],
        ["Affiliation", "NEUTRAL"]
      ]
    ],

    [
      "MPUnit_Tank_Group_1",
      "GameObject",
      "CTankT34Slave_2Unit",
      new Matrix(
          -0.225378, -0.974182, 0.013203, 5022.659668,
          0.974198, -0.225174, 0.015305, 3905.520996,
          -0.011937, 0.016312, 0.999796, 581.234863,
          0.000000, 0.000000, 0.000000, 1.000000
        ),
      [
        ["BehRadarMask", [["ENEMY", "MainMesh"], ["FRIEND", "INVISIBLE_ON_RADAR"]]],
        ["Affiliation", "FRIEND"],
        ["Task", "CC1M5MPURusTankTask"],
        ["Number", "22_24"],
        ["HitPoints", 1000.000000],
        ["SurfaceControl", "PutonGroundLandingJoints"],
        ["Route", []],
        ["ShadowPlaneOffset", 0.050000]
      ]
    ],

    [
      "MPUnit_Tank_Group_2",
      "GameObject",
      "CTankT34Slave_2Unit",
      new Matrix(
          -0.133733, -0.990824, 0.019586, 4981.228516,
          0.990942, -0.133453, 0.014951, 3896.812744,
          -0.012200, 0.021408, 0.999696, 581.542786,
          0.000000, 0.000000, 0.000000, 1.000000
        ),
      [
        ["BehRadarMask", [["ENEMY", "MainMesh"], ["FRIEND", "INVISIBLE_ON_RADAR"]]],
        ["Affiliation", "FRIEND"],
        ["Task", "CC1M5MPURusTankTask"],
        ["Number", "22_25"],
        ["HitPoints", 1000.000000],
        ["SurfaceControl", "PutonGroundLandingJoints"],
        ["Route", []],
        ["ShadowPlaneOffset", 0.050000]
      ]
    ],

    [
      "CC1M5MPUGroupTank",
      "UnitGroup",
      "CC1M5MPUGroupTank",
      new Matrix(
          -0.225378, -0.974182, 0.013211, 5022.659668,
          0.974198, -0.225174, 0.015316, 3905.520996,
          -0.011946, 0.016322, 0.999795, 581.234985,
          0.000000, 0.000000, 0.000000, 1.000000
        ),
      [
        ["Units", ["MPUnit_Tank_Group_1", "MPUnit_Tank_Group_2"]],
        ["DelayedOrder", true],
        ["CyclePath", false],
        ["MinDifficulty", 0]
      ]
    ],

    [
      "Russian_Group_85_1",
      "GameObject",
      "CTankT34_76_42AIUnit",
      new Matrix(
          0.034709, -0.999382, -0.005556, 4959.166504,
          0.999373, 0.034670, 0.007135, 3980.753174,
          -0.006938, -0.005801, 0.999959, 602.877014,
          0.000000, 0.000000, 0.000000, 1.000000
        ),
      [
        ["Affiliation", "FRIEND"],
        ["Task", "CC1M5RusTank85Task"],
        ["BehRadarMask", [["ENEMY", "MainMesh"], ["FRIEND", "INVISIBLE_ON_RADAR"]]],
        ["Number", "22_31"],
        ["HitPoints", 1000.000000],
        ["SurfaceControl", "PutonGroundLandingJoints"],
        ["Route", []],
        ["ShadowPlaneOffset", 0.050000]
      ]
    ],

    [
      "Russian_Group_85_2",
      "GameObject",
      "CTankT34_76_42AIUnit",
      new Matrix(
          0.064065, -0.997945, -0.001170, 4990.125000,
          0.997941, 0.064061, 0.003003, 3976.113770,
          -0.002922, -0.001360, 0.999995, 602.928711,
          0.000000, 0.000000, 0.000000, 1.000000
        ),
      [
        ["Affiliation", "FRIEND"],
        ["Task", "CC1M5RusTank85Task"],
        ["BehRadarMask", [["ENEMY", "MainMesh"], ["FRIEND", "INVISIBLE_ON_RADAR"]]],
        ["Number", "22_28"],
        ["HitPoints", 1000.000000],
        ["SurfaceControl", "PutonGroundLandingJoints"],
        ["Route", []],
        ["ShadowPlaneOffset", 0.050000]
      ]
    ],

    [
      "Russian_Group_85_3",
      "GameObject",
      "CTankT34_76_42AIUnit",
      new Matrix(
          0.076109, -0.997062, -0.008668, 5015.660645,
          0.997091, 0.076068, 0.004903, 3973.524658,
          -0.004229, -0.009016, 0.999950, 602.888000,
          0.000000, 0.000000, 0.000000, 1.000000
        ),
      [
        ["Affiliation", "FRIEND"],
        ["Task", "CC1M5RusTank85Task"],
        ["BehRadarMask", [["ENEMY", "MainMesh"], ["FRIEND", "INVISIBLE_ON_RADAR"]]],
        ["Number", "22_14"],
        ["HitPoints", 1000.000000],
        ["SurfaceControl", "PutonGroundLandingJoints"],
        ["Route", []],
        ["ShadowPlaneOffset", 0.050000]
      ]
    ],

    [
      "CC1M5RusGroup85Tank",
      "UnitGroup",
      "CC1M5RusGroup85Tank",
      new Matrix(
          0.034539, -0.999351, -0.010254, 4959.166504,
          0.999352, 0.034639, -0.009776, 3980.753174,
          0.010125, -0.009910, 0.999900, 581.088074,
          0.000000, 0.000000, 0.000000, 1.000000
        ),
      [
        ["Units", ["Russian_Group_85_1", "Russian_Group_85_2", "Russian_Group_85_3", "Russian_Group_85_4"]],
        ["DelayedOrder", true],
        ["MovingSpeed", 3],
        ["Formation", "CFrontFormation"],
        ["FirstOrder", "Patrol"],
        ["Path", ["NavPoint_Rus85Attack3"]],
        ["CyclePath", false],
        ["MinDifficulty", 2]
      ]
    ],

    [
      "Russian_Group_76_1",
      "GameObject",
      "CTankT34_76_42AIUnit",
      new Matrix(
          0.906706, -0.417037, -0.062957, 5148.933594,
          0.410300, 0.906746, -0.097297, 3973.127686,
          0.097662, 0.062389, 0.993262, 582.292053,
          0.000000, 0.000000, 0.000000, 1.000000
        ),
      [
        ["Affiliation", "FRIEND"],
        ["Task", "CC1M5RusTank76Task"],
        ["BehRadarMask", [["ENEMY", "MainMesh"], ["FRIEND", "INVISIBLE_ON_RADAR"]]],
        ["Number", "22_33"]
      ]
    ],

    [
      "Russian_Group_76_2",
      "GameObject",
      "CTankT34_76_42AIUnit",
      new Matrix(
          0.750641, -0.660626, 0.010512, 5125.999512,
          0.660524, 0.750712, 0.011767, 3958.654541,
          -0.015665, -0.001890, 0.999875, 582.136536,
          0.000000, 0.000000, 0.000000, 1.000000
        ),
      [
        ["Affiliation", "FRIEND"],
        ["Task", "CC1M5RusTank76Task"],
        ["BehRadarMask", [["ENEMY", "MainMesh"], ["FRIEND", "INVISIBLE_ON_RADAR"]]],
        ["Number", "22_36"]
      ]
    ],

    [
      "Russian_Group_76_3",
      "GameObject",
      "CTankT34_76_42AIUnit",
      new Matrix(
          0.754010, -0.654472, -0.055992, 5096.522461,
          0.655179, 0.755440, -0.007190, 3935.615479,
          0.047004, -0.031263, 0.998405, 580.583984,
          0.000000, 0.000000, 0.000000, 1.000000
        ),
      [
        ["Affiliation", "FRIEND"],
        ["Task", "CC1M5RusTank76Task"],
        ["BehRadarMask", [["ENEMY", "MainMesh"], ["FRIEND", "INVISIBLE_ON_RADAR"]]],
        ["Number", "22_39"]
      ]
    ],

    [
      "CC1M5RusGroup76Tank",
      "UnitGroup",
      "CC1M5RusGroup76Tank",
      new Matrix(
          0.906705, -0.417037, -0.062968, 5148.933594,
          0.410299, 0.906746, -0.097296, 3973.127686,
          0.097672, 0.062383, 0.993261, 582.292114,
          0.000000, 0.000000, 0.000000, 1.000000
        ),
      [
        ["Units", ["Russian_Group_76_1", "Russian_Group_76_2", "Russian_Group_76_3"]],
        ["MovingSpeed", 3],
        ["Formation", "Column"],
        ["Path", ["NavPoint_Rus76Attack1_01", "NavPoint_Rus76Attack1_02", "NavPoint_Rus76Attack1_1", "NavPoint_Rus76Attack1_2", "NavPoint_Rus76Attack1", "NavPoint_Rus76Attack2"]],
        ["FirstOrder", "Patrol"],
        ["DelayedOrder", true],
        ["CyclePath", false],
        ["MinDifficulty", 2]
      ]
    ],

    [
      "GermanPanzer_Group_T4_1",
      "GameObject",
      "CTankPnzIV_G_AIUnit",
      new Matrix(
          0.101408, 0.994832, 0.005096, 4841.962402,
          -0.968475, 0.097547, 0.229219, 5102.073730,
          0.227537, -0.028180, 0.973361, 548.843506,
          0.000000, 0.000000, 0.000000, 1.000000
        ),
      [
        ["Affiliation", "ENEMY"],
        ["Task", "CC1M5GermanTankT4GroupTask"],
        ["Number", "311"]
      ]
    ],

    [
      "GermanPanzer_Group_T4_2",
      "GameObject",
      "CTankPnzIV_G_AIUnit",
      new Matrix(
          0.060489, 0.998115, -0.010338, 4875.676758,
          -0.994602, 0.061144, 0.083829, 5101.181152,
          0.084303, 0.005211, 0.996426, 547.394653,
          0.000000, 0.000000, 0.000000, 1.000000
        ),
      [
        ["Affiliation", "ENEMY"],
        ["Task", "CC1M5GermanTankT4GroupTask"],
        ["Number", "312"]
      ]
    ],

    [
      "GermanPanzer_Group_T4_3",
      "GameObject",
      "CTankPzVI_E1_AI_Unit",
      new Matrix(
          -0.065058, 0.988965, 0.133100, 4920.990723,
          -0.959421, -0.098666, 0.264152, 5024.484375,
          0.274369, -0.110514, 0.955253, 557.216919,
          0.000000, 0.000000, 0.000000, 1.000000
        ),
      [
        ["Affiliation", "ENEMY"],
        ["Task", "CC1M5GermanTankT4GroupTask"],
        ["Number", "313"]
      ]
    ],

    [
      "CC1M5GerTankT4Group",
      "UnitGroup",
      "CC1M5GerTankT4Group",
      new Matrix(
          -0.080821, 0.994680, 0.063873, 4920.990723,
          -0.994930, -0.084357, 0.054751, 5024.484375,
          0.059848, -0.059125, 0.996455, 573.525024,
          0.000000, 0.000000, 0.000000, 1.000000
        ),
      [
        ["Units", ["GermanPanzer_Group_T4_1", "GermanPanzer_Group_T4_2", "GermanPanzer_Group_T4_3"]],
        ["DelayedOrder", true],
        ["MovingSpeed", 4],
        ["CyclePath", false],
        ["MinDifficulty", 2]
      ]
    ],

    [
      "GermanPanzer_Group2_T4_1",
      "GameObject",
      "CTankPnzIV_G_AIUnit",
      new Matrix(
          0.077096, 0.996037, -0.044342, 4997.687012,
          -0.996984, 0.077410, 0.005425, 5046.131836,
          0.008836, 0.043790, 0.999002, 553.641479,
          0.000000, 0.000000, 0.000000, 1.000000
        ),
      [
        ["Affiliation", "ENEMY"],
        ["Task", "CC1M5GermanTankGroupTask"],
        ["Number", "322"]
      ]
    ],

    [
      "GermanPanzer_Group2_T4_2",
      "GameObject",
      "CTankPzVI_E1_AI_Unit",
      new Matrix(
          0.011472, 0.992359, 0.122848, 4925.969238,
          -0.970306, -0.018637, 0.241160, 5025.790527,
          0.241607, -0.121967, 0.962679, 556.212891,
          0.000000, 0.000000, 0.000000, 1.000000
        ),
      [
        ["Affiliation", "ENEMY"],
        ["Task", "CC1M5GermanTankGroupTask"],
        ["Number", "323"]
      ]
    ],

    [
      "GermanPanzer_Group2_T6_3",
      "GameObject",
      "CTankPzVI_E1_AI_Unit",
      new Matrix(
          0.133585, 0.990910, -0.015907, 4968.120117,
          -0.989804, 0.134202, 0.047718, 5029.817871,
          0.049419, 0.009371, 0.998734, 553.450134,
          0.000000, 0.000000, 0.000000, 1.000000
        ),
      [
        ["Affiliation", "ENEMY"],
        ["Task", "CC1M5GermanTankGroupTask"],
        ["Number", "324"]
      ]
    ],

    [
      "CC1M5GermanTankGroupT4T6",
      "UnitGroup",
      "CC1M5GermanTankGroupT4T6",
      new Matrix(
          0.003482, 0.998866, 0.047477, 4925.969238,
          -0.997253, -0.000044, 0.074069, 5025.790527,
          0.073987, -0.047604, 0.996122, 573.195740,
          0.000000, 0.000000, 0.000000, 1.000000
        ),
      [
        ["Units", ["GermanPanzer_Group2_T4_1", "GermanPanzer_Group2_T4_2", "GermanPanzer_Group2_T6_3"]],
        ["DelayedOrder", true],
        ["MovingSpeed", 4],
        ["CyclePath", false],
        ["MinDifficulty", 2]
      ]
    ],

    [
      "GermanPanzer_Group3_Stug_1",
      "GameObject",
      "CSAUStuG40Unit",
      new Matrix(
          0.928125, 0.371390, -0.025550, 4766.885254,
          -0.372219, 0.926925, -0.047580, 4888.099609,
          0.006012, 0.053670, 0.998540, 577.643066,
          0.000000, 0.000000, 0.000000, 1.000000
        ),
      [
        ["Affiliation", "ENEMY"],
        ["Task", "CC1M5GermanTankStug"],
        ["Number", "w211"]
      ]
    ],

    [
      "GermanPanzer_Group3_Stug_2",
      "GameObject",
      "CSAUStuG40Unit",
      new Matrix(
          0.059381, 0.998184, -0.010165, 4862.756836,
          -0.998212, 0.059445, 0.006166, 4871.507324,
          0.006759, 0.009780, 0.999929, 577.431152,
          0.000000, 0.000000, 0.000000, 1.000000
        ),
      [
        ["Affiliation", "ENEMY"],
        ["Task", "CC1M5GermanTankStug"],
        ["Number", "w212"]
      ]
    ],

    [
      "CC1M5GermanTankGroupStug",
      "UnitGroup",
      "CC1M5GermanTankGroupStug",
      new Matrix(
          0.928142, 0.372226, -0.000019, 4766.885254,
          -0.372226, 0.928142, 0.000000, 4888.099609,
          0.000018, 0.000007, 1.000000, 576.438660,
          0.000000, 0.000000, 0.000000, 1.000000
        ),
      [
        ["Units", ["GermanPanzer_Group3_Stug_1", "GermanPanzer_Group3_Stug_2"]],
        ["DelayedOrder", true],
        ["MovingSpeed", 4],
        ["CyclePath", false],
        ["MinDifficulty", 2]
      ]
    ],

    [
      "GermanSoldier_Group1_0",
      "GameObject",
      "CGermanSoldierRifleUnit",
      new Matrix(
          -0.803590, 0.595183, 0.000000, 4877.897949,
          -0.595183, -0.803590, 0.000000, 4894.660156,
          0.000000, 0.000000, 1.000000, 576.039917,
          0.000000, 0.000000, 0.000000, 1.000000
        ),
      [
        ["Affiliation", "ENEMY"],
        ["Task", "CC1M5GerSoldierGroup1Task"]
      ]
    ],

    [
      "GermanSoldier_Group1_1",
      "GameObject",
      "CGermanSoldierRifleUnit",
      new Matrix(
          -0.803590, 0.595183, 0.000000, 4879.596680,
          -0.595183, -0.803590, 0.000000, 4898.333008,
          0.000000, 0.000000, 1.000000, 576.039917,
          0.000000, 0.000000, 0.000000, 1.000000
        ),
      [
        ["Affiliation", "ENEMY"],
        ["Task", "CC1M5GerSoldierGroup1Task"]
      ]
    ],

    [
      "GermanSoldier_Group1_2",
      "GameObject",
      "CGermanSoldierRifleUnit",
      new Matrix(
          -0.803590, 0.595183, 0.000000, 4878.823242,
          -0.595183, -0.803590, 0.000000, 4897.251953,
          0.000000, 0.000000, 1.000000, 576.039917,
          0.000000, 0.000000, 0.000000, 1.000000
        ),
      [
        ["Affiliation", "ENEMY"],
        ["Task", "CC1M5GerSoldierGroup1Task"]
      ]
    ],

    [
      "GermanSoldier_Group1_3",
      "GameObject",
      "CGermanSoldierRifleUnit",
      new Matrix(
          -0.803590, 0.595183, 0.000000, 4881.999512,
          -0.595183, -0.803590, 0.000000, 4899.876953,
          0.000000, 0.000000, 1.000000, 576.039917,
          0.000000, 0.000000, 0.000000, 1.000000
        ),
      [
        ["Affiliation", "ENEMY"],
        ["Task", "CC1M5GerSoldierGroup1Task"]
      ]
    ],

    [
      "GermanSoldier_Group1_4",
      "GameObject",
      "CGermanSoldierRifleUnit",
      new Matrix(
          -0.803590, 0.595183, 0.000000, 4880.988770,
          -0.595183, -0.803590, 0.000000, 4897.983398,
          0.000000, 0.000000, 1.000000, 576.039917,
          0.000000, 0.000000, 0.000000, 1.000000
        ),
      [
        ["Affiliation", "ENEMY"],
        ["Task", "CC1M5GerSoldierGroup1Task"]
      ]
    ],

    [
      "GermanSoldier_Group1_5",
      "GameObject",
      "CGermanSoldierRifleUnit",
      new Matrix(
          -0.803590, 0.595183, 0.000000, 4879.556641,
          -0.595183, -0.803590, 0.000000, 4894.947754,
          0.000000, 0.000000, 1.000000, 576.039917,
          0.000000, 0.000000, 0.000000, 1.000000
        ),
      [
        ["Affiliation", "ENEMY"],
        ["Task", "CC1M5GerSoldierGroup1Task"]
      ]
    ],

    [
      "GermanSoldier_Group1_6",
      "GameObject",
      "CGermanSoldierRifleUnit",
      new Matrix(
          -0.803590, 0.595183, 0.000000, 4879.495605,
          -0.595183, -0.803590, 0.000000, 4896.094238,
          0.000000, 0.000000, 1.000000, 576.039917,
          0.000000, 0.000000, 0.000000, 1.000000
        ),
      [
        ["Affiliation", "ENEMY"],
        ["Task", "CC1M5GerSoldierGroup1Task"]
      ]
    ],

    [
      "GermanSoldier_Group1_7",
      "GameObject",
      "CGermanSoldierRifleUnit",
      new Matrix(
          -0.803590, 0.595183, 0.000000, 4853.390625,
          -0.595183, -0.803590, 0.000000, 4885.483398,
          0.000000, 0.000000, 1.000000, 576.039917,
          0.000000, 0.000000, 0.000000, 1.000000
        ),
      [
        ["Affiliation", "ENEMY"],
        ["Task", "CC1M5GerSoldierGroup1Task"]
      ]
    ],

    [
      "GermanSoldier_Group1_8",
      "GameObject",
      "CGermanSoldierRifleUnit",
      new Matrix(
          -0.803590, 0.595183, 0.000000, 4882.608887,
          -0.595183, -0.803590, 0.000000, 4899.017090,
          0.000000, 0.000000, 1.000000, 576.039917,
          0.000000, 0.000000, 0.000000, 1.000000
        ),
      [
        ["Affiliation", "ENEMY"],
        ["Task", "CC1M5GerSoldierGroup1Task"]
      ]
    ],

    [
      "GermanSoldier_Group1_9",
      "GameObject",
      "CGermanSoldierRifleUnit",
      new Matrix(
          -0.803590, 0.595183, 0.000000, 4881.956055,
          -0.595183, -0.803590, 0.000000, 4896.651367,
          0.000000, 0.000000, 1.000000, 576.039917,
          0.000000, 0.000000, 0.000000, 1.000000
        ),
      [
        ["Affiliation", "ENEMY"],
        ["Task", "CC1M5GerSoldierGroup1Task"]
      ]
    ],

    [
      "CC1M5GerSoldierGroup1",
      "UnitGroup",
      "CC1M5GerSoldierGroup1",
      new Matrix(
          -0.803590, 0.595183, 0.000000, 4877.897949,
          -0.595183, -0.803590, 0.000000, 4894.660156,
          0.000000, 0.000000, 1.000000, 576.053772,
          0.000000, 0.000000, 0.000000, 1.000000
        ),
      [
        ["Units", ["GermanSoldier_Group1_0", "GermanSoldier_Group1_1", "GermanSoldier_Group1_2", "GermanSoldier_Group1_3", "GermanSoldier_Group1_4", "GermanSoldier_Group1_5", "GermanSoldier_Group1_6", "GermanSoldier_Group1_7", "GermanSoldier_Group1_8", "GermanSoldier_Group1_9"]],
        ["DelayedOrder", true],
        ["MovingSpeed", 4],
        ["CyclePath", false],
        ["MinDifficulty", 2]
      ]
    ],

    [
      "RussianSoldier_Group1_0",
      "GameObject",
      "CSovietSoldierRifleUnit",
      new Matrix(
          -0.239242, -0.970960, 0.000000, 5151.852051,
          0.970960, -0.239242, 0.000000, 4230.293945,
          0.000000, 0.000000, 1.000000, 585.559875,
          0.000000, 0.000000, 0.000000, 1.000000
        ),
      [
        ["Affiliation", "FRIEND"],
        ["Task", "CC1M5RusSoldierGroup1Task"]
      ]
    ],

    [
      "RussianSoldier_Group1_1",
      "GameObject",
      "CSovietSoldierRifleUnit",
      new Matrix(
          -0.239242, -0.970960, 0.000000, 5161.836914,
          0.970960, -0.239242, 0.000000, 4227.209473,
          0.000000, 0.000000, 1.000000, 585.559875,
          0.000000, 0.000000, 0.000000, 1.000000
        ),
      [
        ["Affiliation", "FRIEND"],
        ["Task", "CC1M5RusSoldierGroup1Task"]
      ]
    ],

    [
      "RussianSoldier_Group1_2",
      "GameObject",
      "CSovietSoldierRifleUnit",
      new Matrix(
          -0.239242, -0.970960, 0.000000, 5172.011230,
          0.970960, -0.239242, 0.000000, 4234.208984,
          0.000000, 0.000000, 1.000000, 585.624268,
          0.000000, 0.000000, 0.000000, 1.000000
        ),
      [
        ["Affiliation", "FRIEND"],
        ["Task", "CC1M5RusSoldierGroup1Task"]
      ]
    ],

    [
      "RussianSoldier_Group1_3",
      "GameObject",
      "CSovietSoldierRifleUnit",
      new Matrix(
          -0.239242, -0.970960, 0.000000, 5181.005859,
          0.970960, -0.239242, 0.000000, 4242.512695,
          0.000000, 0.000000, 1.000000, 585.629944,
          0.000000, 0.000000, 0.000000, 1.000000
        ),
      [
        ["Affiliation", "FRIEND"],
        ["Task", "CC1M5RusSoldierGroup1Task"]
      ]
    ],

    [
      "RussianSoldier_Group1_4",
      "GameObject",
      "CSovietSoldierRifleUnit",
      new Matrix(
          -0.239242, -0.970960, 0.000000, 5149.623535,
          0.970960, -0.239242, 0.000000, 4218.576660,
          0.000000, 0.000000, 1.000000, 585.547668,
          0.000000, 0.000000, 0.000000, 1.000000
        ),
      [
        ["Affiliation", "FRIEND"],
        ["Task", "CC1M5RusSoldierGroup1Task"]
      ]
    ],

    [
      "RussianSoldier_Group1_5",
      "GameObject",
      "CSovietSoldierRifleUnit",
      new Matrix(
          -0.239242, -0.970960, 0.000000, 5143.115723,
          0.970960, -0.239242, 0.000000, 4217.299805,
          0.000000, 0.000000, 1.000000, 585.489868,
          0.000000, 0.000000, 0.000000, 1.000000
        ),
      [
        ["Affiliation", "FRIEND"],
        ["Task", "CC1M5RusSoldierGroup1Task"]
      ]
    ],

    [
      "RussianSoldier_Group1_6",
      "GameObject",
      "CSovietSoldierRifleUnit",
      new Matrix(
          -0.239242, -0.970960, 0.000000, 5183.485840,
          0.970960, -0.239242, 0.000000, 4251.549316,
          0.000000, 0.000000, 1.000000, 585.662354,
          0.000000, 0.000000, 0.000000, 1.000000
        ),
      [
        ["Affiliation", "FRIEND"],
        ["Task", "CC1M5RusSoldierGroup1Task"]
      ]
    ],

    [
      "RussianSoldier_Group1_7",
      "GameObject",
      "CSovietSoldierRifleUnit",
      new Matrix(
          -0.239242, -0.970960, 0.000000, 5134.947266,
          0.970960, -0.239242, 0.000000, 4217.959961,
          0.000000, 0.000000, 1.000000, 585.489868,
          0.000000, 0.000000, 0.000000, 1.000000
        ),
      [
        ["Affiliation", "FRIEND"],
        ["Task", "CC1M5RusSoldierGroup1Task"]
      ]
    ],

    [
      "RussianSoldier_Group1_8",
      "GameObject",
      "CSovietSoldierRifleUnit",
      new Matrix(
          -0.239242, -0.970960, 0.000000, 5169.526367,
          0.970960, -0.239242, 0.000000, 4227.008301,
          0.000000, 0.000000, 1.000000, 585.584656,
          0.000000, 0.000000, 0.000000, 1.000000
        ),
      [
        ["Affiliation", "FRIEND"],
        ["Task", "CC1M5RusSoldierGroup1Task"]
      ]
    ],

    [
      "RussianSoldier_Group1_9",
      "GameObject",
      "CSovietSoldierRifleUnit",
      new Matrix(
          -0.239242, -0.970960, 0.000000, 5192.167480,
          0.970960, -0.239242, 0.000000, 4245.320801,
          0.000000, 0.000000, 1.000000, 585.662170,
          0.000000, 0.000000, 0.000000, 1.000000
        ),
      [
        ["Affiliation", "FRIEND"],
        ["Task", "CC1M5RusSoldierGroup1Task"]
      ]
    ],

    [
      "CC1M5RusSoldierGroup1",
      "UnitGroup",
      "CC1M5RusSoldierGroup1",
      new Matrix(
          -0.239242, -0.970960, 0.000000, 5151.852051,
          0.970960, -0.239242, 0.000000, 4230.293945,
          0.000000, 0.000000, 1.000000, 585.573730,
          0.000000, 0.000000, 0.000000, 1.000000
        ),
      [
        ["Units", ["RussianSoldier_Group1_0", "RussianSoldier_Group1_1", "RussianSoldier_Group1_2", "RussianSoldier_Group1_3", "RussianSoldier_Group1_4", "RussianSoldier_Group1_5", "RussianSoldier_Group1_6", "RussianSoldier_Group1_7", "RussianSoldier_Group1_8", "RussianSoldier_Group1_9"]],
        ["DelayedOrder", true],
        ["MovingSpeed", 4],
        ["CyclePath", false],
        ["MinDifficulty", 2]
      ]
    ],

    [
      "GermanDzot_1",
      "GameObject",
      "CDotConcreteUnit",
      new Matrix(
          -0.060160, 0.998189, 0.000000, 4912.544434,
          -0.998189, -0.060160, 0.000000, 4770.998535,
          0.000000, 0.000000, 1.000000, 577.689941,
          0.000000, 0.000000, 0.000000, 1.000000
        ),
      [
        ["Affiliation", "ENEMY"],
        ["Task", "CC1M5GermanDzotTask"],
        ["SurfaceControl", "PutonGroundLandingJoints"],
        ["Route", []],
        ["FakeShadowOffset", 0.090000]
      ]
    ],

    [
      "GermanDzot_2",
      "GameObject",
      "CDotConcreteUnit",
      new Matrix(
          0.105732, 0.994395, 0.000000, 4882.052246,
          -0.994395, 0.105732, 0.000000, 4750.567383,
          0.000000, 0.000000, 1.000000, 577.689941,
          0.000000, 0.000000, 0.000000, 1.000000
        ),
      [
        ["Affiliation", "ENEMY"],
        ["Task", "CC1M5GermanDzotTask"],
