//-------------------------------------------------------------------
//                                                                   
//  This code is copyright 2001 by G5 Software.                      
//  Any unauthorized usage, either in part or in whole of this code  
//  is strictly prohibited. Violators WILL be prosecuted to the      
//  maximum extent allowed by law.                                   
//                                                                   
//-------------------------------------------------------------------
//                                                                   
//  Automatically-generated mission script file                      
//  DO NOT EDIT!                                                     
//                                                                   
//-------------------------------------------------------------------


class CC5M1Content
{
  static String m_ObjectListClassFile = "Missions/CustomMissions/Panther_M1/Content.script";
  static String m_ObjectListClassName = "CC5M1Content";

  static Array  m_MissionObjectList   = [
    [
      "Atmosphere",
      "",
      "",
      new Matrix(
          1.000000, 0.000000, 0.000000, 0.000000,
          0.000000, 1.000000, 0.000000, 0.000000,
          0.000000, 0.000000, 1.000000, 0.000000,
          0.000000, 0.000000, 0.000000, 1.000000
        ),
      [
        ["FogColorXPos", new Color(0.392157, 0.392157, 0.392157, 1.000000)],
        ["FogColorXNeg", new Color(0.392157, 0.392157, 0.392157, 1.000000)],
        ["FogColorYPos", new Color(0.392157, 0.392157, 0.392157, 1.000000)],
        ["FogColorYNeg", new Color(0.392157, 0.392157, 0.392157, 1.000000)],
        ["FogNear", 1000.000000],
        ["FogFar", 4000.000000],
        ["FogFarMax", 6000.000000],
        ["EnableHorizontAdjustment", true],
        ["SunColor", new Color(0.682353, 0.682353, 0.682353, 1.000000)],
        ["SunIntensity", 0.900000],
        ["AntiSunColor", new Color(0.576471, 0.592157, 0.666667, 1.000000)],
        ["AntiSunIntensity", 0.200000],
        ["AntiSunAngle", 30.000000],
        ["SunDirection", new Vector(0.272877, 0.273808, -0.922262)],
        ["AmbientLight", new Color(0.341176, 0.341176, 0.407843, 1.000000)],
        ["ShadowColor", new Color(0.521569, 0.521569, 0.521569, 1.000000)],
        ["FogMode", "Exp2"],
        ["FogDensity", 0.000600],
        ["TreeLightKoef", 0.900000],
        ["TreeNormalRelax", 1.000000],
        ["StencilShadowColor", new Color(0.525490, 0.525490, 0.525490, 1.000000)],
        ["AntiSunHorAngle", 105.000000]
      ]
    ],

    [
      "Terrain",
      "",
      "",
      new Matrix(
          1.000000, 0.000000, 0.000000, 0.000000,
          0.000000, 1.000000, 0.000000, 0.000000,
          0.000000, 0.000000, 1.000000, 0.000000,
          0.000000, 0.000000, 0.000000, 1.000000
        ),
      [
        ["ForestTextureScale", 2.000000],
        ["ForestShadowBorderScale", 0.600000],
        ["ForestShadowAlphaScale", 0.800000],
        ["VertForestDistMin", 800.000000],
        ["VertForestDistMax", 1600.000000],
        ["VertForestAngleMin", 0.000000],
        ["VertForestAngleMax", 45.000000],
        ["VertForestBeginFadeDist", [250.000000, 410.000000]],
        ["TerrainShadowPower", 2.000000],
        ["IsAntiLighting", true],
        ["NormalNoise", 0.250000],
        ["WaterBorderColor", new Color(0.556863, 0.494118, 0.443137, 1.000000)],
        ["ForestAlphaScale", 1.000000],
        ["FakeForestBeginFadeDist", [100.000000, 1600.000000]]
      ]
    ],

    [
      "RainManager",
      "GameObject",
      "CRainManager",
      new Matrix(
          0.218444, 0.975849, 0.000000, 4668.016602,
          -0.975849, 0.218444, 0.000000, 14069.633789,
          0.000000, 0.000000, 1.000000, 383.335938,
          0.000000, 0.000000, 0.000000, 1.000000
        ),
      [
        ["EclairMode", "Light"],
        ["RainMode", "Normal"],
        ["WindAngle", 30.000000],
        ["WindOrientation", 30.000000],
        ["WindEtape", 20.000000],
        ["WindOrientationTolerance", 60.000000],
        ["WindOrientationEtape", 20.000000],
        ["WindDefaultAngle", 0.100000],
        ["EffectMode", "Normal"]
      ]
    ],

    [
      "MainPlayerUnit",
      "GameObject",
      "CTank_Panther_D_PlayableUnit",
      new Matrix(
          0.462780, 0.886435, 0.008142, 6473.007813,
          -0.886467, 0.462723, 0.008060, 6596.769531,
          0.003377, -0.010948, 0.999934, 397.372986,
          0.000000, 0.000000, 0.000000, 1.000000
        ),
      [
        ["IsPlayer", true],
        ["IsManual", true],
        ["Affiliation", "FRIEND"],
        ["Number", "711"],
        ["Markings", "PAN52"],
        ["K_RINGS", "19"],
        ["SurfaceControl", "PutonGround"],
        ["Flag", false]
      ]
    ],

    [
      "Village_Kurtenki1",
      "ObjectsGroup",
      "CObjectsGroup",
      new Matrix(
          0.011889, -0.999929, 0.000000, 6544.799316,
          0.999929, 0.011889, 0.000000, 1869.270630,
          0.000000, 0.000000, 1.000000, 416.349060,
          0.000000, 0.000000, 0.000000, 1.000000
        ),
      [
        ["Contents", ["Kurtenki1House1Group", "Kurtenki1House2Group", "Kurtenki1House3Group", "Kurtenki1House4Group", "Kurtenki1House5Group", "Kurtenki1House6Group", "Kurtenki1House7Group", "Kurtenki1House8Group"]]
      ]
    ],

    [
      "Kurtenki1House1Group",
      "ObjectsGroup",
      "CObjectsGroup",
      new Matrix(
          0.021259, -0.999774, 0.000000, 6504.170898,
          0.999774, 0.021260, 0.000000, 1902.380615,
          0.000000, 0.000000, 1.000000, 414.589630,
          0.000000, 0.000000, 0.000000, 1.000000
        ),
      [
        ["Contents", ["Kurtenki1House1", "Kurtenki1House1_Shed"]]
      ]
    ],

    [
      "Kurtenki1House1",
      "InteriorObject",
      "CUSRHouseWoodUnit",
      new Matrix(
          -0.999607, -0.019264, -0.020340, 6492.820801,
          0.017941, -0.997832, 0.063320, 1901.021118,
          -0.021516, 0.062930, 0.997786, 412.328217,
          0.000000, 0.000000, 0.000000, 1.000000
        ),
      [
        ["SurfaceControl", "PutonGround"]
      ]
    ],

    [
      "Kurtenki1House1_Shed",
      "InteriorObject",
      "CUSRShedWoodUnit",
      new Matrix(
          -0.003174, 0.999845, -0.017288, 6515.989258,
          -0.999124, -0.002450, 0.041765, 1902.894775,
          0.041716, 0.017406, 0.998978, 412.640045,
          0.000000, 0.000000, 0.000000, 1.000000
        ),
      [
        ["SurfaceControl", "PutonGround"]
      ]
    ],

    [
      "Kurtenki1House2Group",
      "ObjectsGroup",
      "CObjectsGroup",
      new Matrix(
          0.999969, 0.007816, 0.000000, 6457.401855,
          -0.007817, 0.999969, 0.000000, 1912.865601,
          0.000000, 0.000000, 1.000000, 413.533875,
          0.000000, 0.000000, 0.000000, 1.000000
        ),
      [
        ["Contents", ["Kurtenki1House2", "Kurtenki1House2_Corral"]]
      ]
    ],

    [
      "Kurtenki1House2",
      "InteriorObject",
      "CUSRHouseWoodUnit",
      new Matrix(
          -0.036227, 0.999149, -0.019706, 6454.989258,
          -0.998870, -0.035596, 0.031494, 1899.734253,
          0.030766, 0.020824, 0.999310, 411.562927,
          0.000000, 0.000000, 0.000000, 1.000000
        ),
      [
        ["SurfaceControl", "PutonGround"]
      ]
    ],

    [
      "Kurtenki1House2_Corral",
      "InteriorObject",
      "CUSRCorralWoodUnit",
      new Matrix(
          -0.998262, -0.056455, -0.016923, 6459.201172,
          0.056105, -0.998214, 0.020494, 1925.064941,
          -0.018050, 0.019509, 0.999647, 410.993652,
          0.000000, 0.000000, 0.000000, 1.000000
        ),
      [
        ["SurfaceControl", "PutonGround"]
      ]
    ],

    [
      "Kurtenki1House3Group",
      "ObjectsGroup",
      "CObjectsGroup",
      new Matrix(
          0.011562, 0.999933, 0.000000, 6545.400391,
          -0.999933, 0.011562, 0.000000, 1834.248535,
          0.000000, 0.000000, 1.000000, 419.079224,
          0.000000, 0.000000, 0.000000, 1.000000
        ),
      [
        ["Contents", ["Kurtenki1House3", "Kurtenki1House3_Corral", "Kurtenki1House3_Shed1"]]
      ]
    ],

    [
      "Kurtenki1House3",
      "InteriorObject",
      "CUSRHouseWoodUnit",
      new Matrix(
          -0.997988, 0.018031, -0.060778, 6538.835449,
          -0.018765, -0.999757, 0.011522, 1824.659180,
          -0.060555, 0.012639, 0.998085, 417.117615,
          0.000000, 0.000000, 0.000000, 1.000000
        ),
      [
        ["SurfaceControl", "PutonGround"]
      ]
    ],

    [
      "Kurtenki1House3_Corral",
      "InteriorObject",
      "CUSRCorralWoodUnit",
      new Matrix(
          -0.001426, 0.999874, -0.015816, 6541.958496,
          -0.998400, -0.000529, 0.056546, 1843.882935,
          0.056530, 0.015872, 0.998275, 416.610565,
          0.000000, 0.000000, 0.000000, 1.000000
        ),
      [
        ["SurfaceControl", "PutonGround"]
      ]
    ],

    [
      "Kurtenki1House3_Shed1",
      "InteriorObject",
      "CUSRShedWoodUnit",
      new Matrix(
          -0.012512, 0.999697, -0.021174, 6552.756836,
          -0.998540, -0.011379, 0.052809, 1830.728516,
          0.052552, 0.021804, 0.998380, 417.512604,
          0.000000, 0.000000, 0.000000, 1.000000
        ),
      [
        ["SurfaceControl", "PutonGround"]
      ]
    ],

    [
      "Kurtenki1House4Group",
      "ObjectsGroup",
      "CObjectsGroup",
      new Matrix(
          -0.994624, -0.103555, 0.000000, 6460.189453,
          0.103555, -0.994624, 0.000000, 1878.326660,
          0.000000, 0.000000, 1.000000, 414.942505,
          0.000000, 0.000000, 0.000000, 1.000000
        ),
      [
        ["Contents", ["Kurtenki1House4", "Kurtenki1House4_Corral"]]
      ]
    ],

    [
      "Kurtenki1House4",
      "InteriorObject",
      "CUSRHouseWoodUnit",
      new Matrix(
          0.027634, -0.999160, -0.030258, 6450.060059,
          0.999127, 0.026659, 0.032163, 1879.506958,
          -0.031329, -0.031120, 0.999025, 412.638855,
          0.000000, 0.000000, 0.000000, 1.000000
        ),
      [
        ["SurfaceControl", "PutonGround"]
      ]
    ],

    [
      "Kurtenki1House4_Corral",
      "InteriorObject",
      "CUSRCorralWoodUnit",
      new Matrix(
          -0.020760, 0.999316, -0.030617, 6470.541504,
          -0.999739, -0.020456, 0.010213, 1877.214722,
          0.009580, 0.030821, 0.999479, 413.374817,
          0.000000, 0.000000, 0.000000, 1.000000
        ),
      [
        ["SurfaceControl", "PutonGround"]
      ]
    ],

    [
      "Kurtenki1House5Group",
      "ObjectsGroup",
      "CObjectsGroup",
      new Matrix(
          0.999657, -0.026195, 0.000000, 6517.059570,
          0.026195, 0.999657, 0.000000, 1821.742188,
          0.000000, 0.000000, 1.000000, 418.021484,
          0.000000, 0.000000, 0.000000, 1.000000
        ),
      [
        ["Contents", ["Kurtenki1House5", "Kurtenki1House5_Shed1"]]
      ]
    ],

    [
      "Kurtenki1House5",
      "InteriorObject",
      "CUSRHouseWoodUnit",
      new Matrix(
          0.997136, -0.037668, -0.065589, 6517.991211,
          0.038176, 0.999250, 0.006512, 1828.581055,
          0.065294, -0.008998, 0.997826, 415.810760,
          0.000000, 0.000000, 0.000000, 1.000000
        ),
      [
        ["SurfaceControl", "PutonGround"]
      ]
    ],

    [
      "Kurtenki1House5_Shed1",
      "InteriorObject",
      "CUSRShedWoodUnit",
      new Matrix(
          -0.997770, 0.020313, -0.063575, 6517.358887,
          -0.020548, -0.999784, 0.003047, 1813.499023,
          -0.063499, 0.004347, 0.997972, 415.836578,
          0.000000, 0.000000, 0.000000, 1.000000
        ),
      [
        ["SurfaceControl", "PutonGround"]
      ]
    ],

    [
      "Kurtenki1House6Group",
      "ObjectsGroup",
      "CObjectsGroup",
      new Matrix(
          -0.999884, -0.015205, 0.000000, 6506.535645,
          0.015205, -0.999884, 0.000000, 1870.643188,
          0.000000, 0.000000, 1.000000, 416.318726,
          0.000000, 0.000000, 0.000000, 1.000000
        ),
      [
        ["Contents", ["Kurtenki1House6", "Kurtenki1House6_Shed"]]
      ]
    ],

    [
      "Kurtenki1House6",
      "InteriorObject",
      "CUSRHouseWoodUnit",
      new Matrix(
          -0.023772, -0.999399, -0.025225, 6499.619629,
          0.998110, -0.025156, 0.056062, 1879.158447,
          -0.056663, -0.023845, 0.998109, 414.099884,
          0.000000, 0.000000, 0.000000, 1.000000
        ),
      [
        ["SurfaceControl", "PutonGround"]
      ]
    ],

    [
      "Kurtenki1House6_Shed",
      "InteriorObject",
      "CUSRShedWoodUnit",
      new Matrix(
          0.000888, 0.999632, -0.027119, 6515.030762,
          -0.999546, 0.001704, 0.030096, 1863.352173,
          0.030131, 0.027079, 0.999179, 415.134186,
          0.000000, 0.000000, 0.000000, 1.000000
        ),
      [
        ["SurfaceControl", "PutonGround"]
      ]
    ],

    [
      "Kurtenki1House7Group",
      "ObjectsGroup",
      "CObjectsGroup",
      new Matrix(
          -0.710108, -0.704093, 0.000000, 6631.971680,
          0.704093, -0.710108, 0.000000, 1855.871826,
          0.000000, 0.000000, 1.000000, 419.197662,
          0.000000, 0.000000, 0.000000, 1.000000
        ),
      [
        ["Contents", ["Kurtenki1House7", "Kurtenki1House7_Shed1"]]
      ]
    ],

    [
      "Kurtenki1House7",
      "InteriorObject",
      "CUSRHouseWoodUnit",
      new Matrix(
          -0.746748, 0.665049, -0.008829, 6638.599609,
          -0.663890, -0.744512, 0.070363, 1856.321655,
          0.040222, 0.058404, 0.997482, 416.989471,
          0.000000, 0.000000, 0.000000, 1.000000
        ),
      [
        ["SurfaceControl", "PutonGround"]
      ]
    ],

    [
      "Kurtenki1House7_Shed1",
      "InteriorObject",
      "CUSRShedWoodUnit",
      new Matrix(
          -0.692851, -0.721024, -0.009076, 6625.294434,
          0.718596, -0.691452, 0.074252, 1854.406372,
          -0.059813, 0.044923, 0.997198, 416.988342,
          0.000000, 0.000000, 0.000000, 1.000000
        ),
      [
        ["SurfaceControl", "PutonGround"]
      ]
    ],

    [
      "Kurtenki1House8Group",
      "ObjectsGroup",
      "CObjectsGroup",
      new Matrix(
          0.999989, 0.004656, 0.000000, 6615.048340,
          -0.004656, 0.999989, 0.000000, 1909.073364,
          0.000000, 0.000000, 1.000000, 416.264618,
          0.000000, 0.000000, 0.000000, 1.000000
        ),
      [
        ["Contents", ["Kurtenki1House8", "Kurtenki1House8_Shed"]]
      ]
    ],

    [
      "Kurtenki1House8",
      "InteriorObject",
      "CUSRHouseWoodUnit",
      new Matrix(
          0.999797, 0.008577, -0.018197, 6605.227539,
          -0.008091, 0.999613, 0.026621, 1913.765625,
          0.018418, -0.026468, 0.999480, 414.043518,
          0.000000, 0.000000, 0.000000, 1.000000
        ),
      [
        ["SurfaceControl", "PutonGround"]
      ]
    ],

    [
      "Kurtenki1House8_Shed",
      "InteriorObject",
      "CUSRShedWoodUnit",
      new Matrix(
          -0.998524, 0.049913, -0.021412, 6623.195313,
          -0.050555, -0.998254, 0.030552, 1903.164307,
          -0.019850, 0.031589, 0.999304, 414.679657,
          0.000000, 0.000000, 0.000000, 1.000000
        ),
      [
        ["SurfaceControl", "PutonGround"]
      ]
    ],

    [
      "Demkovski_1_House1",
      "InteriorObject",
      "CUSRHouseWoodUnit",
      new Matrix(
          -0.502849, 0.862692, 0.053895, 6516.263672,
          -0.863198, -0.504439, 0.020727, 6509.390625,
          0.045068, -0.036100, 0.998331, 394.080170,
          0.000000, 0.000000, 0.000000, 1.000000
        ),
      [
        ["SurfaceControl", "PutonGround"]
      ]
    ],

    [
      "Demkovski_1_Fence1",
      "InteriorObject",
      "CFenceWickerUnit",
      new Matrix(
          -0.888044, -0.459759, 0.000000, 6511.895020,
          0.459759, -0.888044, 0.000000, 6516.161133,
          0.000000, 0.000000, 1.000000, 394.213684,
          0.000000, 0.000000, 0.000000, 1.000000
        ),
      [
        ["SurfaceControl", "PutonGround"],
        ["Length", 6]
      ]
    ],

    [
      "Demkovski_1_Fence2",
      "InteriorObject",
      "CFencePoleUnit",
      new Matrix(
          -0.497925, 0.867220, 0.000000, 6501.261230,
          -0.867220, -0.497925, 0.000000, 6521.554688,
          0.000000, 0.000000, 1.000000, 394.780060,
          0.000000, 0.000000, 0.000000, 1.000000
        ),
      [
        ["SurfaceControl", "PutonGround"],
        ["Length", 6]
      ]
    ],

    [
      "Demkovski_1_Fence3",
      "InteriorObject",
      "CFencePoleUnit",
      new Matrix(
          0.830371, 0.557211, 0.000000, 6493.345215,
          -0.557211, 0.830371, 0.000000, 6507.822754,
          0.000000, 0.000000, 1.000000, 395.373932,
          0.000000, 0.000000, 0.000000, 1.000000
        ),
      [
        ["SurfaceControl", "PutonGround"],
        ["Length", 7]
      ]
    ],

    [
      "Demkovski_1_Fence4",
      "InteriorObject",
      "CFenceWickerUnit",
      new Matrix(
          0.568331, -0.822800, 0.000000, 6509.062988,
          0.822800, 0.568331, 0.000000, 6497.036621,
          0.000000, 0.000000, 1.000000, 394.726501,
          0.000000, 0.000000, 0.000000, 1.000000
        ),
      [
        ["SurfaceControl", "PutonGround"],
        ["Length", 6]
      ]
    ],

    [
      "Demkovski_House_4_FenceWicker_1",
      "InteriorObject",
      "CFencePoleUnit",
      new Matrix(
          0.916704, 0.399568, 0.000000, 6523.877441,
          -0.399568, 0.916704, 0.000000, 6476.907715,
          0.000000, 0.000000, 1.000000, 394.438293,
          0.000000, 0.000000, 0.000000, 1.000000
        ),
      [
        ["SurfaceControl", "PutonGround"],
        ["Length", 6]
      ]
    ],

    [
      "Demkovski_House_4_FenceWicker_2",
      "InteriorObject",
      "CFenceWickerUnit",
      new Matrix(
          -0.899798, -0.436307, 0.000000, 6543.538086,
          0.436307, -0.899798, 0.000000, 6495.891602,
          0.000000, 0.000000, 1.000000, 393.222168,
          0.000000, 0.000000, 0.000000, 1.000000
        ),
      [
        ["SurfaceControl", "PutonGround"],
        ["Length", 6]
      ]
    ],

    [
      "Demkovski_House_4_FenceWicker_3",
      "InteriorObject",
      "CFencePoleUnit",
      new Matrix(
          -0.444624, 0.895717, 0.000000, 6532.768555,
          -0.895717, -0.444624, 0.000000, 6501.162598,
          0.000000, 0.000000, 1.000000, 393.488800,
          0.000000, 0.000000, 0.000000, 1.000000
        ),
      [
        ["SurfaceControl", "PutonGround"],
        ["Length", 4]
      ]
    ],

    [
      "Demkovski_House_4_USRHouseWood_1",
      "InteriorObject",
      "CUSRHouseWoodUnit",
      new Matrix(
          0.448747, -0.893248, 0.027097, 6545.611328,
          0.893222, 0.449269, 0.017650, 6491.137207,
          -0.027940, 0.016283, 0.999477, 393.262726,
          0.000000, 0.000000, 0.000000, 1.000000
        ),
      [
        ["SurfaceControl", "PutonGround"]
      ]
    ],

    [
      "Demkovski_House_4_FenceWicker_4",
      "InteriorObject",
      "CFencePoleUnit",
      new Matrix(
          -0.286333, 0.958130, 0.000000, 6527.622070,
          -0.958130, -0.286333, 0.000000, 6489.649902,
          0.000000, 0.000000, 1.000000, 394.003113,
          0.000000, 0.000000, 0.000000, 1.000000
        ),
      [
        ["SurfaceControl", "PutonGround"],
        ["Length", 5]
      ]
    ],

    [
      "Demkovski_WaterDown_01",
      "InteriorObject",
      "CWaterWell_1Unit",
      new Matrix(
          0.374754, -0.925979, 0.046056, 6516.487793,
          0.926498, 0.375864, 0.018091, 6485.884277,
          -0.034063, 0.035891, 0.998775, 394.589294,
          0.000000, 0.000000, 0.000000, 1.000000
        ),
      [
        ["SurfaceControl", "PutonGround"]
      ]
    ],

    [
      "Demkovski_WaterHigh_01",
      "InteriorObject",
      "CWaterWell_2Unit",
      new Matrix(
          -0.365320, 0.929765, 0.045581, 6516.765137,
          -0.930296, -0.366389, 0.017556, 6486.571777,
          0.033024, -0.035990, 0.998806, 394.548492,
          0.000000, 0.000000, 0.000000, 1.000000
        ),
      [
        ["SurfaceControl", "PutonGround"]
      ]
    ],

    [
      "Demkovski_House_5_FenceWicker_1",
      "InteriorObject",
      "CFenceWickerUnit",
      new Matrix(
          -0.855049, -0.518547, 0.000000, 6596.703613,
          0.518547, -0.855049, 0.000000, 6469.216309,
          0.000000, 0.000000, 1.000000, 392.266418,
          0.000000, 0.000000, 0.000000, 1.000000
        ),
      [
        ["SurfaceControl", "PutonGround"],
        ["Length", 6]
      ]
    ],

    [
      "Demkovski_House_5_FenceWicker_2",
      "InteriorObject",
      "CFenceWickerUnit",
      new Matrix(
          -0.652795, 0.757535, 0.000000, 6586.417969,
          -0.757535, -0.652795, 0.000000, 6475.573242,
          0.000000, 0.000000, 1.000000, 392.329468,
          0.000000, 0.000000, 0.000000, 1.000000
        ),
      [
        ["SurfaceControl", "PutonGround"],
        ["Length", 9]
      ]
    ],

    [
      "Demkovski_House_5_FenceWicker_3",
      "InteriorObject",
      "CFenceWickerUnit",
      new Matrix(
          0.844495, 0.535564, 0.000000, 6574.714844,
          -0.535564, 0.844495, 0.000000, 6462.001953,
          0.000000, 0.000000, 1.000000, 392.921051,
          0.000000, 0.000000, 0.000000, 1.000000
        ),
      [
        ["SurfaceControl", "PutonGround"],
        ["Length", 8]
      ]
    ],

    [
      "Demkovski_House_5_FenceWicker_4",
      "InteriorObject",
      "CFenceWickerUnit",
      new Matrix(
          0.548144, -0.836384, 0.000000, 6601.791016,
          0.836384, 0.548144, 0.000000, 6445.361328,
          0.000000, 0.000000, 1.000000, 392.792053,
          0.000000, 0.000000, 0.000000, 1.000000
        ),
      [
        ["SurfaceControl", "PutonGround"],
        ["Length", 6]
      ]
    ],

    [
      "Demkovski_House_5_FenceWicker_5",
      "InteriorObject",
      "CFenceWickerUnit",
      new Matrix(
          0.857446, 0.514575, 0.000000, 6588.109863,
          -0.514575, 0.857446, 0.000000, 6453.636719,
          0.000000, 0.000000, 1.000000, 392.749908,
          0.000000, 0.000000, 0.000000, 1.000000
        ),
      [
        ["SurfaceControl", "PutonGround"],
        ["Length", 8]
      ]
    ],

    [
      "Demkovski_House_5_USRHouseWood_1",
      "InteriorObject",
      "CUSRHouseWoodUnit",
      new Matrix(
          -0.547991, 0.836386, 0.012810, 6603.314941,
          -0.836194, -0.548140, 0.017967, 6459.761230,
          0.022049, -0.000866, 0.999756, 392.354034,
          0.000000, 0.000000, 0.000000, 1.000000
        ),
      [
        ["SurfaceControl", "PutonGround"]
      ]
    ],

    [
      "Demkovski_House_5_FenceWicker_6",
      "InteriorObject",
      "CFenceWickerUnit",
      new Matrix(
          -0.846166, -0.532920, 0.000000, 6611.499023,
          0.532920, -0.846166, 0.000000, 6460.666016,
          0.000000, 0.000000, 1.000000, 392.219910,
          0.000000, 0.000000, 0.000000, 1.000000
        ),
      [
        ["SurfaceControl", "PutonGround"],
        ["Length", 6]
      ]
    ],

    [
      "Demkovski_House_5_FenceWicker_7",
      "InteriorObject",
      "CFenceWickerUnit",
      new Matrix(
          0.513751, -0.857939, 0.000000, 6607.420410,
          0.857939, 0.513751, 0.000000, 6453.880371,
          0.000000, 0.000000, 1.000000, 392.387146,
          0.000000, 0.000000, 0.000000, 1.000000
        ),
      [
        ["SurfaceControl", "PutonGround"],
        ["Length", 4]
      ]
    ],

    [
      "Demkovski_House_6_FenceWicker_1",
      "InteriorObject",
      "CFencePoleUnit",
      new Matrix(
          0.799459, 0.600720, 0.000000, 6558.752930,
          -0.600720, 0.799459, 0.000000, 6444.007324,
          0.000000, 0.000000, 1.000000, 393.922424,
          0.000000, 0.000000, 0.000000, 1.000000
        ),
      [
        ["SurfaceControl", "PutonGround"],
        ["Length", 6]
      ]
    ],

    [
      "Demkovski_House_6_FenceWicker_2",
      "InteriorObject",
      "CFencePoleUnit",
      new Matrix(
          0.588496, -0.808500, 0.000000, 6587.375977,
          0.808500, 0.588496, 0.000000, 6438.391602,
          0.000000, 0.000000, 1.000000, 393.311707,
          0.000000, 0.000000, 0.000000, 1.000000
        ),
      [
        ["SurfaceControl", "PutonGround"],
        ["Length", 5]
      ]
    ],

    [
      "Demkovski_House_6_FenceWicker_3",
      "InteriorObject",
      "CFenceWickerUnit",
      new Matrix(
          -0.690555, 0.723279, 0.000000, 6574.638672,
          -0.723279, -0.690555, 0.000000, 6461.966309,
          0.000000, 0.000000, 1.000000, 392.925110,
          0.000000, 0.000000, 0.000000, 1.000000
        ),
      [
        ["SurfaceControl", "PutonGround"],
        ["Length", 4]
      ]
    ],

    [
      "Demkovski_House_6_FenceWicker_4",
      "InteriorObject",
      "CFenceWickerUnit",
      new Matrix(
          -0.675223, 0.737614, 0.000000, 6566.654297,
          -0.737614, -0.675223, 0.000000, 6453.017578,
          0.000000, 0.000000, 1.000000, 393.476685,
          0.000000, 0.000000, 0.000000, 1.000000
        ),
      [
        ["SurfaceControl", "PutonGround"],
        ["Length", 6]
      ]
    ],

    [
      "Demkovski_House_6_USRHouseWood_1",
      "InteriorObject",
      "CUSRHouseWoodUnit",
      new Matrix(
          -0.812157, -0.582792, 0.027450, 6566.837891,
          0.583420, -0.811605, 0.030302, 6444.621582,
          0.004619, 0.040625, 0.999164, 393.695740,
          0.000000, 0.000000, 0.000000, 1.000000
        ),
      [
        ["SurfaceControl", "PutonGround"]
      ]
    ],

    [
      "Demkovski_House_6_FenceWicker_5",
      "InteriorObject",
      "CFencePoleUnit",
      new Matrix(
          0.601755, -0.798681, 0.000000, 6575.756836,
          0.798681, 0.601755, 0.000000, 6429.981934,
          0.000000, 0.000000, 1.000000, 394.001617,
          0.000000, 0.000000, 0.000000, 1.000000
        ),
      [
        ["SurfaceControl", "PutonGround"],
        ["Length", 5]
      ]
    ],

    [
      "Demkovski_House_7_FenceWicker_1",
      "InteriorObject",
      "CFenceWickerUnit",
      new Matrix(
          -0.715259, 0.698859, 0.000000, 6558.855957,
          -0.698859, -0.715259, 0.000000, 6444.055176,
          0.000000, 0.000000, 1.000000, 393.917297,
          0.000000, 0.000000, 0.000000, 1.000000
        ),
      [
        ["SurfaceControl", "PutonGround"],
        ["Length", 6]
      ]
    ],

    [
      "Demkovski_House_7_FenceWicker_3",
      "InteriorObject",
      "CFenceWickerUnit",
      new Matrix(
          0.840239, 0.542216, 0.000000, 6548.003906,
          -0.542216, 0.840239, 0.000000, 6422.763184,
          0.000000, 0.000000, 1.000000, 395.164551,
          0.000000, 0.000000, 0.000000, 1.000000
        ),
      [
        ["SurfaceControl", "PutonGround"],
        ["Length", 3]
      ]
    ],

    [
      "Demkovski_House_7_FenceWicker_4",
      "InteriorObject",
      "CFencePoleUnit",
      new Matrix(
          0.807047, -0.590488, 0.000000, 6569.976563,
          0.590488, 0.807047, 0.000000, 6409.971680,
          0.000000, 0.000000, 1.000000, 395.166443,
          0.000000, 0.000000, 0.000000, 1.000000
        ),
      [
        ["SurfaceControl", "PutonGround"],
        ["Length", 3]
      ]
    ],

    [
      "Demkovski_House_7_FenceWicker_5",
      "InteriorObject",
      "CFenceWickerUnit",
      new Matrix(
          0.884131, 0.467239, 0.000000, 6559.679199,
          -0.467239, 0.884131, 0.000000, 6415.437500,
          0.000000, 0.000000, 1.000000, 395.172882,
          0.000000, 0.000000, 0.000000, 1.000000
        ),
      [
        ["SurfaceControl", "PutonGround"],
        ["Length", 3]
      ]
    ],

    [
      "Demkovski_House_7_FenceWicker_6",
      "InteriorObject",
      "CFencePoleUnit",
      new Matrix(
          -0.800940, -0.598744, 0.000000, 6581.665039,
          0.598744, -0.800940, 0.000000, 6425.299316,
          0.000000, 0.000000, 1.000000, 394.020538,
          0.000000, 0.000000, 0.000000, 1.000000
        ),
      [
        ["SurfaceControl", "PutonGround"],
        ["Length", 4]
      ]
    ],

    [
      "Demkovski_House_7_FenceWicker_7",
      "InteriorObject",
      "CFenceWickerUnit",
      new Matrix(
          0.657692, -0.753287, 0.000000, 6576.832520,
          0.753287, 0.657692, 0.000000, 6419.084961,
          0.000000, 0.000000, 1.000000, 394.527496,
          0.000000, 0.000000, 0.000000, 1.000000
        ),
      [
        ["SurfaceControl", "PutonGround"],
        ["Length", 4]
      ]
    ],

    [
      "Demkovski_House_7_USRHouseWood_1",
      "InteriorObject",
      "CUSRHouseWoodUnit",
      new Matrix(
          -0.740049, -0.671674, 0.034362, 6548.448242,
          0.672550, -0.738932, 0.040687, 6427.774902,
          -0.001937, 0.053221, 0.998581, 394.945190,
          0.000000, 0.000000, 0.000000, 1.000000
        ),
      [
        ["SurfaceControl", "PutonGround"]
      ]
    ],

    [
      "Demkovski_House_10_FenceWicker_6",
      "InteriorObject",
      "CFenceWickerUnit",
      new Matrix(
          0.566418, -0.824118, 0.000000, 6577.611816,
          0.824118, 0.566418, 0.000000, 6509.417969,
          0.000000, 0.000000, 1.000000, 392.227081,
          0.000000, 0.000000, 0.000000, 1.000000
        ),
      [
        ["SurfaceControl", "PutonGround"],
        ["Length", 7]
      ]
    ],

    [
      "Demkovski_House_9_USRHouseWood_1",
      "InteriorObject",
      "CUSRHouseWoodUnit",
      new Matrix(
          -0.496218, 0.868163, 0.007764, 6571.288574,
          -0.868121, -0.496273, 0.008914, 6520.914063,
          0.011592, -0.002317, 0.999930, 392.155304,
          0.000000, 0.000000, 0.000000, 1.000000
        ),
      [
        ["SurfaceControl", "PutonGround"]
      ]
    ],

    [
      "Demkovski_House_10_FenceWicker_1",
      "InteriorObject",
      "CFenceWickerUnit",
      new Matrix(
          0.493059, -0.869996, 0.000000, 6601.399902,
          0.869996, 0.493059, 0.000000, 6495.389160,
          0.000000, 0.000000, 1.000000, 391.908813,
          0.000000, 0.000000, 0.000000, 1.000000
        ),
      [
        ["SurfaceControl", "PutonGround"],
        ["Length", 8]
      ]
    ],

    [
      "Demkovski_House_10_FenceWicker_2",
      "InteriorObject",
      "CFencePoleUnit",
      new Matrix(
          -0.894091, -0.447885, 0.000000, 6598.338867,
          0.447885, -0.894091, 0.000000, 6515.565430,
          0.000000, 0.000000, 1.000000, 391.855377,
          0.000000, 0.000000, 0.000000, 1.000000
        ),
      [
        ["SurfaceControl", "PutonGround"],
        ["Length", 5]
      ]
    ],

    [
      "Demkovski_House_10_FenceWicker_3",
      "InteriorObject",
      "CFenceWickerUnit",
      new Matrix(
          0.856511, 0.516128, 0.000000, 6577.254883,
          -0.516128, 0.856511, 0.000000, 6508.991211,
          0.000000, 0.000000, 1.000000, 392.237366,
          0.000000, 0.000000, 0.000000, 1.000000
        ),
      [
        ["SurfaceControl", "PutonGround"],
        ["Length", 5]
      ]
    ],

    [
      "Demkovski_House_10_FenceWicker_4",
      "InteriorObject",
      "CFenceWickerUnit",
      new Matrix(
          0.870371, 0.492396, 0.000000, 6598.988770,
          -0.492396, 0.870371, 0.000000, 6515.536133,
          0.000000, 0.000000, 1.000000, 391.860657,
          0.000000, 0.000000, 0.000000, 1.000000
        ),
      [
        ["SurfaceControl", "PutonGround"],
        ["Length", 6]
      ]
    ],

    [
      "Demkovski_House_10_FenceWicker_5",
      "InteriorObject",
      "CFenceWickerUnit",
      new Matrix(
          -0.881007, -0.473102, 0.000000, 6601.631836,
          0.473102, -0.881007, 0.000000, 6495.645020,
          0.000000, 0.000000, 1.000000, 391.902649,
          0.000000, 0.000000, 0.000000, 1.000000
        ),
      [
        ["SurfaceControl", "PutonGround"],
        ["Length", 7]
      ]
    ],

    [
      "Demkovski_House_10_USRHouseWood_1",
      "InteriorObject",
      "CUSRHouseWoodUnit",
      new Matrix(
          0.857623, 0.514186, 0.009769, 6598.419434,
          -0.514253, 0.857616, 0.006271, 6504.958008,
          -0.005154, -0.010402, 0.999933, 391.909515,
          0.000000, 0.000000, 0.000000, 1.000000
        ),
      [
        ["SurfaceControl", "PutonGround"]
      ]
    ],

    [
      "Demkovski_House_11_FenceWicker_1",
      "InteriorObject",
      "CFenceWickerUnit",
      new Matrix(
          -0.870731, -0.491759, 0.000000, 6622.080566,
          0.491759, -0.870731, 0.000000, 6454.750977,
          0.000000, 0.000000, 1.000000, 392.299988,
          0.000000, 0.000000, 0.000000, 1.000000
        ),
      [
        ["SurfaceControl", "PutonGround"],
        ["Length", 6]
      ]
    ],

    [
      "Demkovski_House_11_FenceWicker_3",
      "InteriorObject",
      "CFenceWickerUnit",
      new Matrix(
          0.802320, 0.596894, 0.000000, 6602.196289,
          -0.596894, 0.802320, 0.000000, 6445.751953,
          0.000000, 0.000000, 1.000000, 392.765045,
          0.000000, 0.000000, 0.000000, 1.000000
        ),
      [
        ["SurfaceControl", "PutonGround"],
        ["Length", 8]
      ]
    ],

    [
      "Demkovski_House_11_FenceWicker_4",
      "InteriorObject",
      "CFenceWickerUnit",
      new Matrix(
          0.511717, -0.859154, 0.000000, 6631.621582,
          0.859154, 0.511717, 0.000000, 6429.313477,
          0.000000, 0.000000, 1.000000, 392.616516,
          0.000000, 0.000000, 0.000000, 1.000000
        ),
      [
        ["SurfaceControl", "PutonGround"],
        ["Length", 6]
      ]
    ],

    [
      "Demkovski_House_11_FenceWicker_5",
      "InteriorObject",
      "CFenceWickerUnit",
      new Matrix(
          0.918099, 0.396351, 0.000000, 6615.082031,
          -0.396351, 0.918099, 0.000000, 6436.245117,
          0.000000, 0.000000, 1.000000, 392.768219,
          0.000000, 0.000000, 0.000000, 1.000000
        ),
      [
        ["SurfaceControl", "PutonGround"],
        ["Length", 9]
      ]
    ],

    [
      "Demkovski_House_11_FenceWicker_6",
      "InteriorObject",
      "CFenceWickerUnit",
      new Matrix(
          -0.932758, -0.360504, 0.000000, 6643.327148,
          0.360504, -0.932758, 0.000000, 6450.216309,
          0.000000, 0.000000, 1.000000, 392.068420,
          0.000000, 0.000000, 0.000000, 1.000000
        ),
      [
        ["SurfaceControl", "PutonGround"],
        ["Length", 5]
      ]
    ],

    [
      "Demkovski_House_11_FenceWicker_7",
      "InteriorObject",
      "CFenceWickerUnit",
      new Matrix(
          0.469195, -0.883094, 0.000000, 6637.573242,
          0.883094, 0.469195, 0.000000, 6439.550781,
          0.000000, 0.000000, 1.000000, 392.358582,
          0.000000, 0.000000, 0.000000, 1.000000
        ),
      [
        ["SurfaceControl", "PutonGround"],
        ["Length", 6]
      ]
    ],

    [
      "Demkovski_House_11_USRHouseWood_1",
      "InteriorObject",
      "CUSRHouseWoodUnit",
      new Matrix(
          -0.504350, 0.863374, 0.014682, 6629.121582,
          -0.863211, -0.504548, 0.017249, 6435.703613,
          0.022300, -0.003975, 0.999743, 392.529816,
          0.000000, 0.000000, 0.000000, 1.000000
        ),
      [
        ["SurfaceControl", "PutonGround"]
      ]
    ],

    [
      "Demkovski_WaterDown_02",
      "InteriorObject",
      "CWaterWell_1Unit",
      new Matrix(
          0.457740, -0.889052, 0.007795, 6612.923828,
          0.889031, 0.457792, 0.007087, 6496.163086,
          -0.009869, 0.003686, 0.999944, 391.789459,
          0.000000, 0.000000, 0.000000, 1.000000
        ),
      [
        ["SurfaceControl", "PutonGround"]
      ]
    ],

    [
      "Demkovski_Group_A",
      "ObjectsGroup",
      "CObjectsGroup",
      new Matrix(
          -0.132853, -0.991136, 0.000000, 6569.452637,
          0.991136, -0.132853, 0.000000, 6470.334961,
          0.000000, 0.000000, 1.000000, 396.874451,
          0.000000, 0.000000, 0.000000, 1.000000
        ),
      [
        ["Contents", ["Demkovski_1_Fence1", "Demkovski_1_Fence2", "Demkovski_1_Fence3", "Demkovski_1_Fence4", "Demkovski_1_House1", "Demkovski_House_10_FenceWicker_1", "Demkovski_House_10_FenceWicker_2", "Demkovski_House_10_FenceWicker_3", "Demkovski_House_10_FenceWicker_4", "Demkovski_House_10_FenceWicker_5", "Demkovski_House_10_FenceWicker_6", "Demkovski_House_10_USRHouseWood_1", "Demkovski_House_11_FenceWicker_1", "Demkovski_House_11_FenceWicker_3", "Demkovski_House_11_FenceWicker_4", "Demkovski_House_11_FenceWicker_5", "Demkovski_House_11_FenceWicker_6", "Demkovski_House_11_FenceWicker_7", "Demkovski_House_11_USRHouseWood_1", "Demkovski_House_4_FenceWicker_1", "Demkovski_House_4_FenceWicker_2", "Demkovski_House_4_FenceWicker_3", "Demkovski_House_4_FenceWicker_4", "Demkovski_House_4_USRHouseWood_1", "Demkovski_House_5_FenceWicker_1", "Demkovski_House_5_FenceWicker_2", "Demkovski_House_5_FenceWicker_3", "Demkovski_House_5_FenceWicker_4", "Demkovski_House_5_FenceWicker_5", "Demkovski_House_5_FenceWicker_6", "Demkovski_House_5_FenceWicker_7", "Demkovski_House_5_USRHouseWood_1", "Demkovski_House_6_FenceWicker_1", "Demkovski_House_6_FenceWicker_2", "Demkovski_House_6_FenceWicker_3", "Demkovski_House_6_FenceWicker_4", "Demkovski_House_6_FenceWicker_5", "Demkovski_House_6_USRHouseWood_1", "Demkovski_House_7_FenceWicker_1", "Demkovski_House_7_FenceWicker_3", "Demkovski_House_7_FenceWicker_4", "Demkovski_House_7_FenceWicker_5", "Demkovski_House_7_FenceWicker_6", "Demkovski_House_7_FenceWicker_7", "Demkovski_House_7_USRHouseWood_1", "Demkovski_House_9_USRHouseWood_1", "Demkovski_WaterDown_01", "Demkovski_WaterDown_02", "Demkovski_WaterHigh_01"]]
      ]
    ],

    [
      "NavPointVis",
      "NavPoint",
      "CZAxisCylNavPoint",
      new Matrix(
          0.011883, -0.999929, 0.000000, 7357.386719,
          0.999929, 0.011883, 0.000000, 6194.787598,
          0.000000, 0.000000, 1.000000, 391.149963,
          0.000000, 0.000000, 0.000000, 1.000000
        ),
      [
        ["Range", 7.000000],
        ["IsVisible", true],
        ["IsMain", true],
        ["Name", "CC5M1Mission_Strings::str_NavPointVis"],
        ["Detect", false],
        ["Mask", [[], []]],
        ["PositionType", "Ground"],
        ["BehaviorHeight", 0.000000],
        ["MapCompass", false]
      ]
    ],

    [
      "Russian_TankGroup1_76_1",
      "GameObject",
      "CTankT34_76_42AIUnit",
      new Matrix(
          -0.964457, -0.264086, -0.008976, 7780.033203,
          0.264183, -0.964395, -0.012213, 6187.617188,
          -0.005431, -0.014150, 0.999885, 393.065735,
          0.000000, 0.000000, 0.000000, 1.000000
        ),
      [
        ["Affiliation", "ENEMY"],
        ["Task", "CC5M1RusTank76Task1"],
        ["Number", "22_30"]
      ]
    ],

    [
      "Russian_TankGroup1_76_2",
      "GameObject",
      "CTankT34_76_42AIUnit",
      new Matrix(
          -0.965039, -0.262086, -0.003319, 7758.358887,
          0.262067, -0.965036, 0.005169, 6165.598633,
          -0.004557, 0.004118, 0.999981, 393.208649,
          0.000000, 0.000000, 0.000000, 1.000000
        ),
      [
        ["Affiliation", "ENEMY"],
        ["Task", "CC5M1RusTank76Task1"],
        ["Number", "22_31"]
      ]
    ],

    [
      "Russian_TankGroup1_76_3",
      "GameObject",
      "CTankT34_76_42AIUnit",
      new Matrix(
          -0.959709, -0.280992, 0.001607, 7736.993652,
          0.280995, -0.959706, 0.002390, 6130.327637,
          0.000871, 0.002746, 0.999996, 393.115875,
          0.000000, 0.000000, 0.000000, 1.000000
        ),
      [
        ["Affiliation", "ENEMY"],
        ["Task", "CC5M1RusTank76Task1"],
        ["Number", "22_32"]
      ]
    ],

    [
      "Russian_TankGroup2_76_4",
      "GameObject",
      "CTankT34_76_42AIUnit",
      new Matrix(
          0.242521, -0.970078, 0.011483, 6720.241211,
